Rd 1 d 6000
Rtau 1 d 388
Ro 1 d 0.01
vlamc 1 d 0.000333333
dpdx 1 d -0.00418178
ITER 1 i 1
u1ave 1 d 0.987
dpdx 1 d -0.00418178
zrotation 1 d 0.0049675
rmsmmu 20 d
 9.54246e-09 1.49565e-08 0.728008 1.13609 0.000633382 0.00123323 0.075675 0.127305 0 0
 0 0 0 0 0 0 0 0 0 0
rmsmmqobij 20 d
 0.075675 0.127305 0.267647 0.371775 0.224589 0.561524 0 0 0 0
 0 0 0 0 0 0 0 0 0 0
ITER 1 i 2
u1ave 1 d 0.989315
dpdx 1 d -0.00418178
zrotation 1 d 0.00495704
rmsmmu 20 d
 0.00546002 0.011342 0.729622 1.13941 0.000538333 0.00115486 0.0756769 0.128235 0 0
 0 0 0 0 0 0 0 0 0 0
rmsmmqobij 20 d
 0.0756769 0.128235 0.267489 0.373652 0.224559 0.561526 0 0 0 0
 0 0 0 0 0 0 0 0 0 0
ITER 1 i 3
u1ave 1 d 0.991242
dpdx 1 d -0.00418178
zrotation 1 d 0.00495662
rmsmmu 20 d
 0.00429237 0.00939063 0.730996 1.1421 0.000486087 0.00111239 0.0757552 0.128915 0 0
 0 0 0 0 0 0 0 0 0 0
rmsmmqobij 20 d
 0.0757552 0.128915 0.267389 0.376366 0.224556 0.561529 0 0 0 0
 0 0 0 0 0 0 0 0 0 0
ITER 1 i 4
u1ave 1 d 0.991999
dpdx 1 d -0.00418178
zrotation 1 d 0.00495831
rmsmmu 20 d
 0.00208016 0.00502596 0.731547 1.14315 0.000361621 0.000805982 0.0758375 0.129165 0 0
 0 0 0 0 0 0 0 0 0 0
rmsmmqobij 20 d
 0.0758375 0.129165 0.267398 0.378897 0.224542 0.56153 0 0 0 0
 0 0 0 0 0 0 0 0 0 0
ITER 1 i 5
u1ave 1 d 0.991909
dpdx 1 d -0.00418178
zrotation 1 d 0.00495893
rmsmmu 20 d
 0.00106042 0.00230546 0.731494 1.14299 0.000213326 0.000420082 0.0758855 0.129081 0 0
 0 0 0 0 0 0 0 0 0 0
rmsmmqobij 20 d
 0.0758855 0.129081 0.267452 0.380898 0.224509 0.561526 0 0 0 0
 0 0 0 0 0 0 0 0 0 0
ITER 1 i 6
u1ave 1 d 0.991511
dpdx 1 d -0.00418178
zrotation 1 d 0.00495824
rmsmmu 20 d
 0.000680074 0.00127447 0.731221 1.14236 0.000123151 0.000312885 0.0758948 0.128857 0 0
 0 0 0 0 0 0 0 0 0 0
rmsmmqobij 20 d
 0.0758948 0.128857 0.267477 0.382421 0.224464 0.561515 0 0 0 0
 0 0 0 0 0 0 0 0 0 0
ITER 1 i 7
u1ave 1 d 0.991207
dpdx 1 d -0.00418178
zrotation 1 d 0.00495714
rmsmmu 20 d
 0.000402803 0.000798531 0.731011 1.14186 7.43959e-05 0.000229966 0.0758829 0.128642 0 0
 0 0 0 0 0 0 0 0 0 0
rmsmmqobij 20 d
 0.0758829 0.128642 0.267458 0.383619 0.224422 0.561496 0 0 0 0
 0 0 0 0 0 0 0 0 0 0
ITER 1 i 8
u1ave 1 d 0.991121
dpdx 1 d -0.00418178
zrotation 1 d 0.00495637
rmsmmu 20 d
 0.000226378 0.000516167 0.730952 1.14168 4.50052e-05 0.000144275 0.0758705 0.128544 0 0
 0 0 0 0 0 0 0 0 0 0
rmsmmqobij 20 d
 0.0758705 0.128544 0.267418 0.384612 0.224393 0.561467 0 0 0 0
 0 0 0 0 0 0 0 0 0 0
ITER 1 i 9
u1ave 1 d 0.991179
dpdx 1 d -0.00418178
zrotation 1 d 0.00495613
rmsmmu 20 d
 0.000196727 0.000600467 0.730992 1.14172 2.83968e-05 7.58344e-05 0.0758668 0.128505 0 0
 0 0 0 0 0 0 0 0 0 0
rmsmmqobij 20 d
 0.0758668 0.128505 0.267386 0.385464 0.224377 0.561431 0 0 0 0
 0 0 0 0 0 0 0 0 0 0
ITER 1 i 10
u1ave 1 d 0.991272
dpdx 1 d -0.00418178
zrotation 1 d 0.00495625
rmsmmu 20 d
 0.00021319 0.000633102 0.731055 1.14182 2.52039e-05 6.117e-05 0.0758701 0.128494 0 0
 0 0 0 0 0 0 0 0 0 0
rmsmmqobij 20 d
 0.0758701 0.128494 0.267374 0.386206 0.224367 0.561386 0 0 0 0
 0 0 0 0 0 0 0 0 0 0
ITER 1 i 11
u1ave 1 d 0.991345
dpdx 1 d -0.00418178
zrotation 1 d 0.00495649
rmsmmu 20 d
 0.000215783 0.000587636 0.731105 1.14188 2.76021e-05 6.33103e-05 0.0758755 0.128498 0 0
 0 0 0 0 0 0 0 0 0 0
rmsmmqobij 20 d
 0.0758755 0.128498 0.267382 0.386857 0.224358 0.561334 0 0 0 0
 0 0 0 0 0 0 0 0 0 0
ITER 1 i 12
u1ave 1 d 0.991397
dpdx 1 d -0.00418178
zrotation 1 d 0.00495674
rmsmmu 20 d
 0.000202476 0.000507822 0.731138 1.14191 2.95736e-05 6.36557e-05 0.0758803 0.128509 0 0
 0 0 0 0 0 0 0 0 0 0
rmsmmqobij 20 d
 0.0758803 0.128509 0.267401 0.387438 0.224348 0.561321 0 0 0 0
 0 0 0 0 0 0 0 0 0 0
ITER 1 i 13
u1ave 1 d 0.99144
dpdx 1 d -0.00418178
zrotation 1 d 0.00495697
rmsmmu 20 d
 0.000180665 0.000427853 0.731166 1.14192 3.03126e-05 6.21688e-05 0.0758841 0.128523 0 0
 0 0 0 0 0 0 0 0 0 0
rmsmmqobij 20 d
 0.0758841 0.128523 0.267425 0.387967 0.224337 0.561324 0 0 0 0
 0 0 0 0 0 0 0 0 0 0
ITER 1 i 14
u1ave 1 d 0.991482
dpdx 1 d -0.00418178
zrotation 1 d 0.00495719
rmsmmu 20 d
 0.000159066 0.000362842 0.731193 1.14194 3.03334e-05 5.93367e-05 0.0758875 0.128541 0 0
 0 0 0 0 0 0 0 0 0 0
rmsmmqobij 20 d
 0.0758875 0.128541 0.267452 0.38846 0.224327 0.56133 0 0 0 0
 0 0 0 0 0 0 0 0 0 0
ITER 1 i 15
u1ave 1 d 0.991523
dpdx 1 d -0.00418178
zrotation 1 d 0.0049574
rmsmmu 20 d
 0.000142185 0.000314809 0.73122 1.14197 3.0109e-05 6.10103e-05 0.0758907 0.128562 0 0
 0 0 0 0 0 0 0 0 0 0
rmsmmqobij 20 d
 0.0758907 0.128562 0.26748 0.388926 0.224316 0.561339 0 0 0 0
 0 0 0 0 0 0 0 0 0 0
ITER 1 i 16
u1ave 1 d 0.99156
dpdx 1 d -0.00418178
zrotation 1 d 0.0049576
rmsmmu 20 d
 0.000129996 0.000279937 0.731243 1.14199 2.97157e-05 6.13962e-05 0.0758939 0.128586 0 0
 0 0 0 0 0 0 0 0 0 0
rmsmmqobij 20 d
 0.0758939 0.128586 0.267509 0.38937 0.224306 0.56135 0 0 0 0
 0 0 0 0 0 0 0 0 0 0
ITER 1 i 17
u1ave 1 d 0.991589
dpdx 1 d -0.00418178
zrotation 1 d 0.00495777
rmsmmu 20 d
 0.000120845 0.000253321 0.731261 1.14201 2.90667e-05 6.05573e-05 0.0758967 0.12861 0 0
 0 0 0 0 0 0 0 0 0 0
rmsmmqobij 20 d
 0.0758967 0.12861 0.267538 0.389795 0.224296 0.561364 0 0 0 0
 0 0 0 0 0 0 0 0 0 0
ITER 1 i 18
u1ave 1 d 0.991612
dpdx 1 d -0.00418178
zrotation 1 d 0.00495792
rmsmmu 20 d
 0.000113168 0.000231312 0.731276 1.14202 2.81462e-05 5.87661e-05 0.0758992 0.128633 0 0
 0 0 0 0 0 0 0 0 0 0
rmsmmqobij 20 d
 0.0758992 0.128633 0.267567 0.390202 0.224287 0.561379 0 0 0 0
 0 0 0 0 0 0 0 0 0 0
ITER 1 i 19
u1ave 1 d 0.991631
dpdx 1 d -0.00418178
zrotation 1 d 0.00495804
rmsmmu 20 d
 0.000106043 0.000212059 0.731287 1.14202 2.70254e-05 5.64098e-05 0.0759013 0.128656 0 0
 0 0 0 0 0 0 0 0 0 0
rmsmmqobij 20 d
 0.0759013 0.128656 0.267597 0.390592 0.224277 0.561395 0 0 0 0
 0 0 0 0 0 0 0 0 0 0
ITER 1 i 20
u1ave 1 d 0.991645
dpdx 1 d -0.00418178
zrotation 1 d 0.00495813
rmsmmu 20 d
 9.92425e-05 0.000194998 0.731295 1.14202 2.58018e-05 5.38236e-05 0.0759032 0.128677 0 0
 0 0 0 0 0 0 0 0 0 0
rmsmmqobij 20 d
 0.0759032 0.128677 0.267626 0.390968 0.224268 0.561412 0 0 0 0
 0 0 0 0 0 0 0 0 0 0
ITER 1 i 21
u1ave 1 d 0.991658
dpdx 1 d -0.00418178
zrotation 1 d 0.00495821
rmsmmu 20 d
 9.29093e-05 0.000180072 0.731301 1.14202 2.45556e-05 5.12121e-05 0.0759048 0.128697 0 0
 0 0 0 0 0 0 0 0 0 0
rmsmmqobij 20 d
 0.0759048 0.128697 0.267655 0.391329 0.224259 0.56143 0 0 0 0
 0 0 0 0 0 0 0 0 0 0
ITER 1 i 22
u1ave 1 d 0.991668
dpdx 1 d -0.00418178
zrotation 1 d 0.00495827
rmsmmu 20 d
 8.71996e-05 0.000167208 0.731307 1.14202 2.33345e-05 4.86633e-05 0.0759062 0.128717 0 0
 0 0 0 0 0 0 0 0 0 0
rmsmmqobij 20 d
 0.0759062 0.128717 0.267684 0.391678 0.22425 0.561449 0 0 0 0
 0 0 0 0 0 0 0 0 0 0
ITER 1 i 23
u1ave 1 d 0.991676
dpdx 1 d -0.00418178
zrotation 1 d 0.00495833
rmsmmu 20 d
 8.21287e-05 0.000156158 0.731311 1.14201 2.21588e-05 4.62031e-05 0.0759074 0.128735 0 0
 0 0 0 0 0 0 0 0 0 0
rmsmmqobij 20 d
 0.0759074 0.128735 0.267712 0.392014 0.224242 0.561468 0 0 0 0
 0 0 0 0 0 0 0 0 0 0
ITER 1 i 24
u1ave 1 d 0.991683
dpdx 1 d -0.00418178
zrotation 1 d 0.00495837
rmsmmu 20 d
 7.75991e-05 0.000146566 0.731314 1.14201 2.10343e-05 4.3839e-05 0.0759086 0.128752 0 0
 0 0 0 0 0 0 0 0 0 0
rmsmmqobij 20 d
 0.0759086 0.128752 0.26774 0.392339 0.224234 0.561488 0 0 0 0
 0 0 0 0 0 0 0 0 0 0
ITER 1 i 25
u1ave 1 d 0.99169
dpdx 1 d -0.00418178
zrotation 1 d 0.00495841
rmsmmu 20 d
 7.34847e-05 0.000139423 0.731316 1.142 1.99618e-05 4.15786e-05 0.0759096 0.128768 0 0
 0 0 0 0 0 0 0 0 0 0
rmsmmqobij 20 d
 0.0759096 0.128768 0.267767 0.392651 0.224226 0.561508 0 0 0 0
 0 0 0 0 0 0 0 0 0 0
ITER 1 i 26
u1ave 1 d 0.991695
dpdx 1 d -0.00418178
zrotation 1 d 0.00495844
rmsmmu 20 d
 6.96875e-05 0.000133813 0.731318 1.142 1.89418e-05 3.94307e-05 0.0759106 0.128783 0 0
 0 0 0 0 0 0 0 0 0 0
rmsmmqobij 20 d
 0.0759106 0.128783 0.267794 0.392952 0.224218 0.561528 0 0 0 0
 0 0 0 0 0 0 0 0 0 0
ITER 1 i 27
u1ave 1 d 0.991699
dpdx 1 d -0.00418178
zrotation 1 d 0.00495847
rmsmmu 20 d
 6.61509e-05 0.000128433 0.73132 1.14199 1.79752e-05 3.74009e-05 0.0759115 0.128798 0 0
 0 0 0 0 0 0 0 0 0 0
rmsmmqobij 20 d
 0.0759115 0.128798 0.26782 0.393242 0.22421 0.561548 0 0 0 0
 0 0 0 0 0 0 0 0 0 0
ITER 1 i 28
u1ave 1 d 0.991703
dpdx 1 d -0.00418178
zrotation 1 d 0.00495849
rmsmmu 20 d
 6.28463e-05 0.000123273 0.731321 1.14199 1.70618e-05 3.54892e-05 0.0759123 0.128811 0 0
 0 0 0 0 0 0 0 0 0 0
rmsmmqobij 20 d
 0.0759123 0.128811 0.267846 0.393521 0.224203 0.561568 0 0 0 0
 0 0 0 0 0 0 0 0 0 0
ITER 1 i 29
u1ave 1 d 0.991706
dpdx 1 d -0.00418178
zrotation 1 d 0.00495851
rmsmmu 20 d
 5.97553e-05 0.000118328 0.731321 1.14198 1.62005e-05 3.36907e-05 0.0759131 0.128824 0 0
 0 0 0 0 0 0 0 0 0 0
rmsmmqobij 20 d
 0.0759131 0.128824 0.267871 0.39379 0.224195 0.561589 0 0 0 0
 0 0 0 0 0 0 0 0 0 0
ITER 1 i 30
u1ave 1 d 0.991708
dpdx 1 d -0.00418178
zrotation 1 d 0.00495853
rmsmmu 20 d
 5.68599e-05 0.000113587 0.731321 1.14198 1.5388e-05 3.19983e-05 0.0759138 0.128836 0 0
 0 0 0 0 0 0 0 0 0 0
rmsmmqobij 20 d
 0.0759138 0.128836 0.267895 0.394048 0.224188 0.561609 0 0 0 0
 0 0 0 0 0 0 0 0 0 0
ITER 1 i 31
u1ave 1 d 0.99171
dpdx 1 d -0.00418178
zrotation 1 d 0.00495854
rmsmmu 20 d
 5.41398e-05 0.000109036 0.731321 1.14197 1.46212e-05 3.04043e-05 0.0759145 0.128847 0 0
 0 0 0 0 0 0 0 0 0 0
rmsmmqobij 20 d
 0.0759145 0.128847 0.267918 0.394296 0.224181 0.561629 0 0 0 0
 0 0 0 0 0 0 0 0 0 0
ITER 1 i 32
u1ave 1 d 0.991712
dpdx 1 d -0.00418178
zrotation 1 d 0.00495855
rmsmmu 20 d
 5.15769e-05 0.000104664 0.731321 1.14196 1.38968e-05 2.89013e-05 0.0759151 0.128858 0 0
 0 0 0 0 0 0 0 0 0 0
rmsmmqobij 20 d
 0.0759151 0.128858 0.267941 0.394534 0.224175 0.56165 0 0 0 0
 0 0 0 0 0 0 0 0 0 0
ITER 1 i 33
u1ave 1 d 0.991713
dpdx 1 d -0.00418178
zrotation 1 d 0.00495856
rmsmmu 20 d
 4.91528e-05 0.000100454 0.73132 1.14196 1.32119e-05 2.74827e-05 0.0759157 0.128868 0 0
 0 0 0 0 0 0 0 0 0 0
rmsmmqobij 20 d
 0.0759157 0.128868 0.267963 0.394763 0.224168 0.56167 0 0 0 0
 0 0 0 0 0 0 0 0 0 0
ITER 1 i 34
u1ave 1 d 0.991714
dpdx 1 d -0.00418178
zrotation 1 d 0.00495856
rmsmmu 20 d
 4.68532e-05 9.64013e-05 0.731319 1.14195 1.25636e-05 2.61423e-05 0.0759162 0.128877 0 0
 0 0 0 0 0 0 0 0 0 0
rmsmmqobij 20 d
 0.0759162 0.128877 0.267984 0.394983 0.224162 0.56169 0 0 0 0
 0 0 0 0 0 0 0 0 0 0
ITER 1 i 35
u1ave 1 d 0.991714
dpdx 1 d -0.00418178
zrotation 1 d 0.00495857
rmsmmu 20 d
 4.46684e-05 9.25009e-05 0.731318 1.14194 1.19492e-05 2.48745e-05 0.0759168 0.128886 0 0
 0 0 0 0 0 0 0 0 0 0
rmsmmqobij 20 d
 0.0759168 0.128886 0.268005 0.395194 0.224155 0.56171 0 0 0 0
 0 0 0 0 0 0 0 0 0 0
ITER 1 i 36
u1ave 1 d 0.991714
dpdx 1 d -0.00418178
zrotation 1 d 0.00495857
rmsmmu 20 d
 4.25903e-05 8.87509e-05 0.731317 1.14194 1.13663e-05 2.36738e-05 0.0759173 0.128895 0 0
 0 0 0 0 0 0 0 0 0 0
rmsmmqobij 20 d
 0.0759173 0.128895 0.268025 0.395396 0.224149 0.56173 0 0 0 0
 0 0 0 0 0 0 0 0 0 0
ITER 1 i 37
u1ave 1 d 0.991714
dpdx 1 d -0.00418178
zrotation 1 d 0.00495857
rmsmmu 20 d
 4.06118e-05 8.51475e-05 0.731316 1.14193 1.08128e-05 2.25351e-05 0.0759177 0.128903 0 0
 0 0 0 0 0 0 0 0 0 0
rmsmmqobij 20 d
 0.0759177 0.128903 0.268045 0.39559 0.224143 0.56175 0 0 0 0
 0 0 0 0 0 0 0 0 0 0
ITER 1 i 38
u1ave 1 d 0.991714
dpdx 1 d -0.00418178
zrotation 1 d 0.00495857
rmsmmu 20 d
 3.87265e-05 8.16859e-05 0.731314 1.14193 1.02866e-05 2.14539e-05 0.0759182 0.12891 0 0
 0 0 0 0 0 0 0 0 0 0
rmsmmqobij 20 d
 0.0759182 0.12891 0.268064 0.395775 0.224138 0.56177 0 0 0 0
 0 0 0 0 0 0 0 0 0 0
ITER 1 i 39
u1ave 1 d 0.991713
dpdx 1 d -0.00418178
zrotation 1 d 0.00495857
rmsmmu 20 d
 3.69283e-05 7.83613e-05 0.731313 1.14192 9.78592e-06 2.04262e-05 0.0759186 0.128917 0 0
 0 0 0 0 0 0 0 0 0 0
rmsmmqobij 20 d
 0.0759186 0.128917 0.268082 0.395953 0.224132 0.561789 0 0 0 0
 0 0 0 0 0 0 0 0 0 0
ITER 1 i 40
u1ave 1 d 0.991712
dpdx 1 d -0.00418178
zrotation 1 d 0.00495856
rmsmmu 20 d
 3.52121e-05 7.51687e-05 0.731311 1.14191 9.30912e-06 1.94484e-05 0.075919 0.128924 0 0
 0 0 0 0 0 0 0 0 0 0
rmsmmqobij 20 d
 0.075919 0.128924 0.268099 0.396123 0.224127 0.561808 0 0 0 0
 0 0 0 0 0 0 0 0 0 0
ITER 1 i 41
u1ave 1 d 0.991711
dpdx 1 d -0.00418178
zrotation 1 d 0.00495856
rmsmmu 20 d
 3.35731e-05 7.21037e-05 0.731309 1.14191 8.85473e-06 1.85174e-05 0.0759194 0.128931 0 0
 0 0 0 0 0 0 0 0 0 0
rmsmmqobij 20 d
 0.0759194 0.128931 0.268117 0.396286 0.224121 0.561828 0 0 0 0
 0 0 0 0 0 0 0 0 0 0
ITER 1 i 42
u1ave 1 d 0.991709
dpdx 1 d -0.00418178
zrotation 1 d 0.00495855
rmsmmu 20 d
 3.20074e-05 6.91619e-05 0.731307 1.1419 8.42141e-06 1.76303e-05 0.0759198 0.128937 0 0
 0 0 0 0 0 0 0 0 0 0
rmsmmqobij 20 d
 0.0759198 0.128937 0.268133 0.396442 0.224116 0.561847 0 0 0 0
 0 0 0 0 0 0 0 0 0 0
ITER 1 i 43
u1ave 1 d 0.991708
dpdx 1 d -0.00418178
zrotation 1 d 0.00495855
rmsmmu 20 d
 3.05114e-05 6.63391e-05 0.731304 1.14189 8.00797e-06 1.67843e-05 0.0759201 0.128942 0 0
 0 0 0 0 0 0 0 0 0 0
rmsmmqobij 20 d
 0.0759201 0.128942 0.268149 0.396592 0.224111 0.561865 0 0 0 0
 0 0 0 0 0 0 0 0 0 0
ITER 1 i 44
u1ave 1 d 0.991706
dpdx 1 d -0.00418178
zrotation 1 d 0.00495854
rmsmmu 20 d
 2.90817e-05 6.3631e-05 0.731302 1.14189 7.61331e-06 1.59773e-05 0.0759205 0.128948 0 0
 0 0 0 0 0 0 0 0 0 0
rmsmmqobij 20 d
 0.0759205 0.128948 0.268164 0.396735 0.224106 0.561884 0 0 0 0
 0 0 0 0 0 0 0 0 0 0
ITER 1 i 45
u1ave 1 d 0.991703
dpdx 1 d -0.00418178
zrotation 1 d 0.00495853
rmsmmu 20 d
 2.77153e-05 6.10335e-05 0.7313 1.14188 7.23643e-06 1.52069e-05 0.0759208 0.128953 0 0
 0 0 0 0 0 0 0 0 0 0
rmsmmqobij 20 d
 0.0759208 0.128953 0.268179 0.396871 0.224101 0.561902 0 0 0 0
 0 0 0 0 0 0 0 0 0 0
ITER 1 i 46
u1ave 1 d 0.991701
dpdx 1 d -0.00418178
zrotation 1 d 0.00495852
rmsmmu 20 d
 2.64096e-05 5.85422e-05 0.731297 1.14187 6.87642e-06 1.44712e-05 0.0759211 0.128958 0 0
 0 0 0 0 0 0 0 0 0 0
rmsmmqobij 20 d
 0.0759211 0.128958 0.268194 0.397002 0.224096 0.561921 0 0 0 0
 0 0 0 0 0 0 0 0 0 0
ITER 1 i 47
u1ave 1 d 0.991698
dpdx 1 d -0.00418178
zrotation 1 d 0.0049585
rmsmmu 20 d
 2.51617e-05 5.61531e-05 0.731294 1.14186 6.53243e-06 1.37684e-05 0.0759214 0.128963 0 0
 0 0 0 0 0 0 0 0 0 0
rmsmmqobij 20 d
 0.0759214 0.128963 0.268208 0.397126 0.224092 0.561938 0 0 0 0
 0 0 0 0 0 0 0 0 0 0
ITER 1 i 48
u1ave 1 d 0.991696
dpdx 1 d -0.00418178
zrotation 1 d 0.00495849
rmsmmu 20 d
 2.39695e-05 5.38621e-05 0.731291 1.14186 6.20368e-06 1.30969e-05 0.0759216 0.128967 0 0
 0 0 0 0 0 0 0 0 0 0
rmsmmqobij 20 d
 0.0759216 0.128967 0.268221 0.397245 0.224087 0.561956 0 0 0 0
 0 0 0 0 0 0 0 0 0 0
ITER 1 i 49
u1ave 1 d 0.991693
dpdx 1 d -0.00418178
zrotation 1 d 0.00495848
rmsmmu 20 d
 2.28305e-05 5.16654e-05 0.731288 1.14185 5.88945e-06 1.24551e-05 0.0759219 0.128971 0 0
 0 0 0 0 0 0 0 0 0 0
rmsmmqobij 20 d
 0.0759219 0.128971 0.268234 0.397359 0.224083 0.561974 0 0 0 0
 0 0 0 0 0 0 0 0 0 0
ITER 1 i 50
u1ave 1 d 0.991689
dpdx 1 d -0.00418178
zrotation 1 d 0.00495846
rmsmmu 20 d
 2.17426e-05 4.95591e-05 0.731285 1.14184 5.58907e-06 1.18416e-05 0.0759221 0.128975 0 0
 0 0 0 0 0 0 0 0 0 0
rmsmmqobij 20 d
 0.0759221 0.128975 0.268246 0.397468 0.224079 0.561991 0 0 0 0
 0 0 0 0 0 0 0 0 0 0
ITER 1 i 51
u1ave 1 d 0.991686
dpdx 1 d -0.00418178
zrotation 1 d 0.00495845
rmsmmu 20 d
 2.07039e-05 4.75395e-05 0.731282 1.14184 5.30192e-06 1.12551e-05 0.0759224 0.128978 0 0
 0 0 0 0 0 0 0 0 0 0
rmsmmqobij 20 d
 0.0759224 0.128978 0.268259 0.397572 0.224074 0.562008 0 0 0 0
 0 0 0 0 0 0 0 0 0 0
ITER 1 i 52
u1ave 1 d 0.991682
dpdx 1 d -0.00418178
zrotation 1 d 0.00495843
rmsmmu 20 d
 1.97123e-05 4.56031e-05 0.731279 1.14183 5.02739e-06 1.06943e-05 0.0759226 0.128982 0 0
 0 0 0 0 0 0 0 0 0 0
rmsmmqobij 20 d
 0.0759226 0.128982 0.26827 0.397671 0.22407 0.562025 0 0 0 0
 0 0 0 0 0 0 0 0 0 0
ITER 1 i 53
u1ave 1 d 0.991679
dpdx 1 d -0.00418178
zrotation 1 d 0.00495841
rmsmmu 20 d
 1.87662e-05 4.37464e-05 0.731276 1.14182 4.76494e-06 1.0158e-05 0.0759228 0.128985 0 0
 0 0 0 0 0 0 0 0 0 0
rmsmmqobij 20 d
 0.0759228 0.128985 0.268282 0.397765 0.224066 0.562041 0 0 0 0
 0 0 0 0 0 0 0 0 0 0
ITER 1 i 54
u1ave 1 d 0.991675
dpdx 1 d -0.00418178
zrotation 1 d 0.00495839
rmsmmu 20 d
 1.78638e-05 4.19663e-05 0.731272 1.14182 4.51405e-06 9.64522e-06 0.075923 0.128988 0 0
 0 0 0 0 0 0 0 0 0 0
rmsmmqobij 20 d
 0.075923 0.128988 0.268292 0.397855 0.224062 0.562058 0 0 0 0
 0 0 0 0 0 0 0 0 0 0
ITER 1 i 55
u1ave 1 d 0.991671
dpdx 1 d -0.00418178
zrotation 1 d 0.00495837
rmsmmu 20 d
 1.70035e-05 4.02595e-05 0.731269 1.14181 4.27423e-06 9.15489e-06 0.0759232 0.128991 0 0
 0 0 0 0 0 0 0 0 0 0
rmsmmqobij 20 d
 0.0759232 0.128991 0.268303 0.397941 0.224059 0.562074 0 0 0 0
 0 0 0 0 0 0 0 0 0 0
ITER 1 i 56
u1ave 1 d 0.991667
dpdx 1 d -0.00418178
zrotation 1 d 0.00495835
rmsmmu 20 d
 1.61837e-05 3.86229e-05 0.731265 1.1418 4.04501e-06 8.68604e-06 0.0759234 0.128994 0 0
 0 0 0 0 0 0 0 0 0 0
rmsmmqobij 20 d
 0.0759234 0.128994 0.268313 0.398023 0.224055 0.562089 0 0 0 0
 0 0 0 0 0 0 0 0 0 0
ITER 1 i 57
u1ave 1 d 0.991662
dpdx 1 d -0.00418178
zrotation 1 d 0.00495833
rmsmmu 20 d
 1.54028e-05 3.70537e-05 0.731262 1.1418 3.82594e-06 8.23775e-06 0.0759235 0.128996 0 0
 0 0 0 0 0 0 0 0 0 0
rmsmmqobij 20 d
 0.0759235 0.128996 0.268323 0.398101 0.224051 0.562105 0 0 0 0
 0 0 0 0 0 0 0 0 0 0
ITER 1 i 58
u1ave 1 d 0.991658
dpdx 1 d -0.00418178
zrotation 1 d 0.00495831
rmsmmu 20 d
 1.46595e-05 3.55489e-05 0.731258 1.14179 3.61662e-06 7.80914e-06 0.0759237 0.128999 0 0
 0 0 0 0 0 0 0 0 0 0
rmsmmqobij 20 d
 0.0759237 0.128999 0.268332 0.398176 0.224048 0.56212 0 0 0 0
 0 0 0 0 0 0 0 0 0 0
ITER 1 i 59
u1ave 1 d 0.991654
dpdx 1 d -0.00418178
zrotation 1 d 0.00495829
rmsmmu 20 d
 1.39524e-05 3.4106e-05 0.731254 1.14178 3.41663e-06 7.39939e-06 0.0759238 0.129001 0 0
 0 0 0 0 0 0 0 0 0 0
rmsmmqobij 20 d
 0.0759238 0.129001 0.268341 0.398247 0.224044 0.562135 0 0 0 0
 0 0 0 0 0 0 0 0 0 0
ITER 1 i 60
u1ave 1 d 0.991649
dpdx 1 d -0.00418178
zrotation 1 d 0.00495827
rmsmmu 20 d
 1.32801e-05 3.27223e-05 0.73125 1.14177 3.2256e-06 7.00772e-06 0.075924 0.129003 0 0
 0 0 0 0 0 0 0 0 0 0
rmsmmqobij 20 d
 0.075924 0.129003 0.26835 0.398314 0.224041 0.56215 0 0 0 0
 0 0 0 0 0 0 0 0 0 0
ITER 1 i 61
u1ave 1 d 0.991644
dpdx 1 d -0.00418178
zrotation 1 d 0.00495824
rmsmmu 20 d
 1.26414e-05 3.13952e-05 0.731247 1.14177 3.04315e-06 6.63336e-06 0.0759241 0.129005 0 0
 0 0 0 0 0 0 0 0 0 0
rmsmmqobij 20 d
 0.0759241 0.129005 0.268359 0.398378 0.224038 0.562165 0 0 0 0
 0 0 0 0 0 0 0 0 0 0
ITER 1 i 62
u1ave 1 d 0.991639
dpdx 1 d -0.00418178
zrotation 1 d 0.00495822
rmsmmu 20 d
 1.20351e-05 3.01225e-05 0.731243 1.14176 2.86895e-06 6.2756e-06 0.0759242 0.129007 0 0
 0 0 0 0 0 0 0 0 0 0
rmsmmqobij 20 d
 0.0759242 0.129007 0.268367 0.398439 0.224035 0.562179 0 0 0 0
 0 0 0 0 0 0 0 0 0 0
ITER 1 i 63
u1ave 1 d 0.991635
dpdx 1 d -0.00418178
zrotation 1 d 0.0049582
rmsmmu 20 d
 1.14599e-05 2.89019e-05 0.731239 1.14175 2.70266e-06 5.93375e-06 0.0759244 0.129008 0 0
 0 0 0 0 0 0 0 0 0 0
rmsmmqobij 20 d
 0.0759244 0.129008 0.268375 0.398498 0.224031 0.562193 0 0 0 0
 0 0 0 0 0 0 0 0 0 0
ITER 1 i 64
u1ave 1 d 0.99163
dpdx 1 d -0.00418178
zrotation 1 d 0.00495817
rmsmmu 20 d
 1.09147e-05 2.77311e-05 0.731235 1.14175 2.54395e-06 5.60716e-06 0.0759245 0.12901 0 0
 0 0 0 0 0 0 0 0 0 0
rmsmmqobij 20 d
 0.0759245 0.12901 0.268383 0.398553 0.224028 0.562207 0 0 0 0
 0 0 0 0 0 0 0 0 0 0
ITER 1 i 65
u1ave 1 d 0.991625
dpdx 1 d -0.00418178
zrotation 1 d 0.00495815
rmsmmu 20 d
 1.03985e-05 2.66081e-05 0.731231 1.14174 2.39252e-06 5.2952e-06 0.0759246 0.129011 0 0
 0 0 0 0 0 0 0 0 0 0
rmsmmqobij 20 d
 0.0759246 0.129011 0.26839 0.398606 0.224025 0.56222 0 0 0 0
 0 0 0 0 0 0 0 0 0 0
ITER 1 i 66
u1ave 1 d 0.99162
dpdx 1 d -0.00418178
zrotation 1 d 0.00495812
rmsmmu 20 d
 9.91012e-06 2.55309e-05 0.731227 1.14173 2.24804e-06 4.99711e-06 0.0759247 0.129012 0 0
 0 0 0 0 0 0 0 0 0 0
rmsmmqobij 20 d
 0.0759247 0.129012 0.268397 0.398656 0.224023 0.562234 0 0 0 0
 0 0 0 0 0 0 0 0 0 0
ITER 1 i 67
u1ave 1 d 0.991614
dpdx 1 d -0.00418178
zrotation 1 d 0.0049581
rmsmmu 20 d
 9.44847e-06 2.44973e-05 0.731223 1.14173 2.11007e-06 4.71171e-06 0.0759247 0.129014 0 0
 0 0 0 0 0 0 0 0 0 0
rmsmmqobij 20 d
 0.0759247 0.129014 0.268404 0.398703 0.22402 0.562247 0 0 0 0
 0 0 0 0 0 0 0 0 0 0
ITER 1 i 68
u1ave 1 d 0.991609
dpdx 1 d -0.00418178
zrotation 1 d 0.00495807
rmsmmu 20 d
 9.01221e-06 2.35046e-05 0.731219 1.14172 1.97866e-06 4.43978e-06 0.0759248 0.129015 0 0
 0 0 0 0 0 0 0 0 0 0
rmsmmqobij 20 d
 0.0759248 0.129015 0.268411 0.398748 0.224017 0.562259 0 0 0 0
 0 0 0 0 0 0 0 0 0 0
ITER 1 i 69
u1ave 1 d 0.991604
dpdx 1 d -0.00418178
zrotation 1 d 0.00495805
rmsmmu 20 d
 8.60079e-06 2.25523e-05 0.731215 1.14171 1.85349e-06 4.18045e-06 0.0759249 0.129016 0 0
 0 0 0 0 0 0 0 0 0 0
rmsmmqobij 20 d
 0.0759249 0.129016 0.268417 0.398791 0.224014 0.562272 0 0 0 0
 0 0 0 0 0 0 0 0 0 0
ITER 1 i 70
u1ave 1 d 0.991599
dpdx 1 d -0.00418178
zrotation 1 d 0.00495802
rmsmmu 20 d
 8.21338e-06 2.16392e-05 0.731211 1.14171 1.73427e-06 3.93306e-06 0.075925 0.129017 0 0
 0 0 0 0 0 0 0 0 0 0
rmsmmqobij 20 d
 0.075925 0.129017 0.268423 0.398831 0.224012 0.562284 0 0 0 0
 0 0 0 0 0 0 0 0 0 0
ITER 1 i 71
u1ave 1 d 0.991594
dpdx 1 d -0.00418178
zrotation 1 d 0.00495799
rmsmmu 20 d
 7.84904e-06 2.07633e-05 0.731206 1.1417 1.62076e-06 3.69706e-06 0.075925 0.129018 0 0
 0 0 0 0 0 0 0 0 0 0
rmsmmqobij 20 d
 0.075925 0.129018 0.268429 0.39887 0.224009 0.562296 0 0 0 0
 0 0 0 0 0 0 0 0 0 0
ITER 1 i 72
u1ave 1 d 0.991588
dpdx 1 d -0.00418178
zrotation 1 d 0.00495797
rmsmmu 20 d
 7.50678e-06 1.99231e-05 0.731202 1.14169 1.51272e-06 3.47198e-06 0.0759251 0.129018 0 0
 0 0 0 0 0 0 0 0 0 0
rmsmmqobij 20 d
 0.0759251 0.129018 0.268435 0.398906 0.224007 0.562308 0 0 0 0
 0 0 0 0 0 0 0 0 0 0
ITER 1 i 73
u1ave 1 d 0.991583
dpdx 1 d -0.00418178
zrotation 1 d 0.00495794
rmsmmu 20 d
 7.18564e-06 1.91168e-05 0.731198 1.14169 1.40994e-06 3.25735e-06 0.0759251 0.129019 0 0
 0 0 0 0 0 0 0 0 0 0
rmsmmqobij 20 d
 0.0759251 0.129019 0.268441 0.398941 0.224004 0.56232 0 0 0 0
 0 0 0 0 0 0 0 0 0 0
ITER 1 i 74
u1ave 1 d 0.991578
dpdx 1 d -0.00418178
zrotation 1 d 0.00495791
rmsmmu 20 d
 6.88469e-06 1.83431e-05 0.731194 1.14168 1.3122e-06 3.05274e-06 0.0759252 0.12902 0 0
 0 0 0 0 0 0 0 0 0 0
rmsmmqobij 20 d
 0.0759252 0.12902 0.268446 0.398974 0.224002 0.562331 0 0 0 0
 0 0 0 0 0 0 0 0 0 0
ITER 1 i 75
u1ave 1 d 0.991572
dpdx 1 d -0.00418178
zrotation 1 d 0.00495789
rmsmmu 20 d
 6.60304e-06 1.76005e-05 0.73119 1.14167 1.21931e-06 2.85775e-06 0.0759252 0.12902 0 0
 0 0 0 0 0 0 0 0 0 0
rmsmmqobij 20 d
 0.0759252 0.12902 0.268451 0.399005 0.224 0.562342 0 0 0 0
 0 0 0 0 0 0 0 0 0 0
ITER 1 i 76
u1ave 1 d 0.991567
dpdx 1 d -0.00418178
zrotation 1 d 0.00495786
rmsmmu 20 d
 6.33984e-06 1.68879e-05 0.731186 1.14167 1.13106e-06 2.67197e-06 0.0759253 0.129021 0 0
 0 0 0 0 0 0 0 0 0 0
rmsmmqobij 20 d
 0.0759253 0.129021 0.268457 0.399034 0.223998 0.562353 0 0 0 0
 0 0 0 0 0 0 0 0 0 0
ITER 1 i 77
u1ave 1 d 0.991561
dpdx 1 d -0.00418178
zrotation 1 d 0.00495783
rmsmmu 20 d
 6.09423e-06 1.62039e-05 0.731182 1.14166 1.0473e-06 2.49502e-06 0.0759253 0.129021 0 0
 0 0 0 0 0 0 0 0 0 0
rmsmmqobij 20 d
 0.0759253 0.129021 0.268461 0.399062 0.223995 0.562364 0 0 0 0
 0 0 0 0 0 0 0 0 0 0
ITER 1 i 78
u1ave 1 d 0.991556
dpdx 1 d -0.00418178
zrotation 1 d 0.00495781
rmsmmu 20 d
 5.86534e-06 1.55474e-05 0.731178 1.14165 9.67831e-07 2.32653e-06 0.0759254 0.129022 0 0
 0 0 0 0 0 0 0 0 0 0
rmsmmqobij 20 d
 0.0759254 0.129022 0.268466 0.399088 0.223993 0.562374 0 0 0 0
 0 0 0 0 0 0 0 0 0 0
ITER 1 i 79
u1ave 1 d 0.991551
dpdx 1 d -0.00418178
zrotation 1 d 0.00495778
rmsmmu 20 d
 5.65231e-06 1.49173e-05 0.731174 1.14165 8.92505e-07 2.16613e-06 0.0759254 0.129022 0 0
 0 0 0 0 0 0 0 0 0 0
rmsmmqobij 20 d
 0.0759254 0.129022 0.268471 0.399113 0.223991 0.562385 0 0 0 0
 0 0 0 0 0 0 0 0 0 0
ITER 1 i 80
u1ave 1 d 0.991545
dpdx 1 d -0.00418178
zrotation 1 d 0.00495775
rmsmmu 20 d
 5.45428e-06 1.43124e-05 0.73117 1.14164 8.21167e-07 2.0135e-06 0.0759254 0.129022 0 0
 0 0 0 0 0 0 0 0 0 0
rmsmmqobij 20 d
 0.0759254 0.129022 0.268475 0.399136 0.223989 0.562395 0 0 0 0
 0 0 0 0 0 0 0 0 0 0
ITER 1 i 81
u1ave 1 d 0.99154
dpdx 1 d -0.00418178
zrotation 1 d 0.00495773
rmsmmu 20 d
 5.27042e-06 1.37318e-05 0.731166 1.14164 7.53676e-07 1.86829e-06 0.0759254 0.129022 0 0
 0 0 0 0 0 0 0 0 0 0
rmsmmqobij 20 d
 0.0759254 0.129022 0.268479 0.399158 0.223987 0.562404 0 0 0 0
 0 0 0 0 0 0 0 0 0 0
ITER 1 i 82
u1ave 1 d 0.991535
dpdx 1 d -0.00418178
zrotation 1 d 0.0049577
rmsmmu 20 d
 5.09987e-06 1.31745e-05 0.731162 1.14163 6.89902e-07 1.73021e-06 0.0759254 0.129023 0 0
 0 0 0 0 0 0 0 0 0 0
rmsmmqobij 20 d
 0.0759254 0.129023 0.268483 0.399179 0.223985 0.562414 0 0 0 0
 0 0 0 0 0 0 0 0 0 0
ITER 1 i 83
u1ave 1 d 0.991529
dpdx 1 d -0.00418178
zrotation 1 d 0.00495767
rmsmmu 20 d
 4.94182e-06 1.26395e-05 0.731158 1.14162 6.29727e-07 1.59894e-06 0.0759255 0.129023 0 0
 0 0 0 0 0 0 0 0 0 0
rmsmmqobij 20 d
 0.0759255 0.129023 0.268487 0.399199 0.223984 0.562424 0 0 0 0
 0 0 0 0 0 0 0 0 0 0
ITER 1 i 84
u1ave 1 d 0.991524
dpdx 1 d -0.00418178
zrotation 1 d 0.00495765
rmsmmu 20 d
 4.79543e-06 1.21258e-05 0.731154 1.14162 5.73049e-07 1.4742e-06 0.0759255 0.129023 0 0
 0 0 0 0 0 0 0 0 0 0
rmsmmqobij 20 d
 0.0759255 0.129023 0.268491 0.399217 0.223982 0.562433 0 0 0 0
 0 0 0 0 0 0 0 0 0 0
ITER 1 i 85
u1ave 1 d 0.991519
dpdx 1 d -0.00418178
zrotation 1 d 0.00495762
rmsmmu 20 d
 4.65992e-06 1.16327e-05 0.73115 1.14161 5.19779e-07 1.35571e-06 0.0759255 0.129023 0 0
 0 0 0 0 0 0 0 0 0 0
rmsmmqobij 20 d
 0.0759255 0.129023 0.268495 0.399234 0.22398 0.562442 0 0 0 0
 0 0 0 0 0 0 0 0 0 0
ITER 1 i 86
u1ave 1 d 0.991514
dpdx 1 d -0.00418178
zrotation 1 d 0.00495759
rmsmmu 20 d
 4.5345e-06 1.11592e-05 0.731146 1.14161 4.6985e-07 1.2432e-06 0.0759255 0.129023 0 0
 0 0 0 0 0 0 0 0 0 0
rmsmmqobij 20 d
 0.0759255 0.129023 0.268499 0.39925 0.223978 0.562451 0 0 0 0
 0 0 0 0 0 0 0 0 0 0
ITER 1 i 87
u1ave 1 d 0.991508
dpdx 1 d -0.00418178
zrotation 1 d 0.00495757
rmsmmu 20 d
 4.41839e-06 1.07047e-05 0.731142 1.1416 4.23217e-07 1.13641e-06 0.0759255 0.129023 0 0
 0 0 0 0 0 0 0 0 0 0
rmsmmqobij 20 d
 0.0759255 0.129023 0.268502 0.399266 0.223977 0.562459 0 0 0 0
 0 0 0 0 0 0 0 0 0 0
ITER 1 i 88
u1ave 1 d 0.991503
dpdx 1 d -0.00418178
zrotation 1 d 0.00495754
rmsmmu 20 d
 4.31086e-06 1.02682e-05 0.731138 1.1416 3.79867e-07 1.0351e-06 0.0759255 0.129023 0 0
 0 0 0 0 0 0 0 0 0 0
rmsmmqobij 20 d
 0.0759255 0.129023 0.268505 0.39928 0.223975 0.562468 0 0 0 0
 0 0 0 0 0 0 0 0 0 0
ITER 1 i 89
u1ave 1 d 0.991498
dpdx 1 d -0.00418178
zrotation 1 d 0.00495752
rmsmmu 20 d
 4.2112e-06 9.84918e-06 0.731134 1.14159 3.39821e-07 9.39037e-07 0.0759255 0.129023 0 0
 0 0 0 0 0 0 0 0 0 0
rmsmmqobij 20 d
 0.0759255 0.129023 0.268509 0.399293 0.223973 0.562476 0 0 0 0
 0 0 0 0 0 0 0 0 0 0
ITER 1 i 90
u1ave 1 d 0.991493
dpdx 1 d -0.00418178
zrotation 1 d 0.00495749
rmsmmu 20 d
 4.11873e-06 9.44681e-06 0.73113 1.14158 3.03149e-07 8.47982e-07 0.0759255 0.129023 0 0
 0 0 0 0 0 0 0 0 0 0
rmsmmqobij 20 d
 0.0759255 0.129023 0.268512 0.399306 0.223972 0.562484 0 0 0 0
 0 0 0 0 0 0 0 0 0 0
ITER 1 i 91
u1ave 1 d 0.991488
dpdx 1 d -0.00418178
zrotation 1 d 0.00495747
rmsmmu 20 d
 4.03278e-06 9.06045e-06 0.731127 1.14158 2.69976e-07 7.61723e-07 0.0759255 0.129022 0 0
 0 0 0 0 0 0 0 0 0 0
rmsmmqobij 20 d
 0.0759255 0.129022 0.268515 0.399318 0.22397 0.562492 0 0 0 0
 0 0 0 0 0 0 0 0 0 0
ITER 1 i 92
u1ave 1 d 0.991483
dpdx 1 d -0.00418178
zrotation 1 d 0.00495744
rmsmmu 20 d
 3.95274e-06 8.68946e-06 0.731123 1.14157 2.40498e-07 6.80049e-07 0.0759255 0.129022 0 0
 0 0 0 0 0 0 0 0 0 0
rmsmmqobij 20 d
 0.0759255 0.129022 0.268518 0.399328 0.223969 0.5625 0 0 0 0
 0 0 0 0 0 0 0 0 0 0
ITER 1 i 93
u1ave 1 d 0.991478
dpdx 1 d -0.00418178
zrotation 1 d 0.00495742
rmsmmu 20 d
 3.87804e-06 8.33322e-06 0.731119 1.14157 2.14985e-07 6.02759e-07 0.0759255 0.129022 0 0
 0 0 0 0 0 0 0 0 0 0
rmsmmqobij 20 d
 0.0759255 0.129022 0.26852 0.399339 0.223967 0.562507 0 0 0 0
 0 0 0 0 0 0 0 0 0 0
ITER 1 i 94
u1ave 1 d 0.991473
dpdx 1 d -0.00418178
zrotation 1 d 0.00495739
rmsmmu 20 d
 3.80811e-06 7.99114e-06 0.731116 1.14156 1.93764e-07 5.2966e-07 0.0759255 0.129022 0 0
 0 0 0 0 0 0 0 0 0 0
rmsmmqobij 20 d
 0.0759255 0.129022 0.268523 0.399348 0.223966 0.562514 0 0 0 0
 0 0 0 0 0 0 0 0 0 0
ITER 1 i 95
u1ave 1 d 0.991468
dpdx 1 d -0.00418178
zrotation 1 d 0.00495737
rmsmmu 20 d
 3.74247e-06 7.66265e-06 0.731112 1.14156 1.77175e-07 4.6218e-07 0.0759255 0.129022 0 0
 0 0 0 0 0 0 0 0 0 0
rmsmmqobij 20 d
 0.0759255 0.129022 0.268526 0.399357 0.223965 0.562522 0 0 0 0
 0 0 0 0 0 0 0 0 0 0
ITER 1 i 96
u1ave 1 d 0.991464
dpdx 1 d -0.00418178
zrotation 1 d 0.00495734
rmsmmu 20 d
 3.68063e-06 7.3472e-06 0.731109 1.14155 1.65464e-07 4.02038e-07 0.0759255 0.129021 0 0
 0 0 0 0 0 0 0 0 0 0
rmsmmqobij 20 d
 0.0759255 0.129021 0.268528 0.399365 0.223963 0.562529 0 0 0 0
 0 0 0 0 0 0 0 0 0 0
ITER 1 i 97
u1ave 1 d 0.991459
dpdx 1 d -0.00418178
zrotation 1 d 0.00495732
rmsmmu 20 d
 3.62216e-06 7.04429e-06 0.731105 1.14155 1.58655e-07 3.98769e-07 0.0759254 0.129021 0 0
 0 0 0 0 0 0 0 0 0 0
rmsmmqobij 20 d
 0.0759254 0.129021 0.268531 0.399373 0.223962 0.562535 0 0 0 0
 0 0 0 0 0 0 0 0 0 0
ITER 1 i 98
u1ave 1 d 0.991454
dpdx 1 d -0.00418178
zrotation 1 d 0.00495729
rmsmmu 20 d
 3.56667e-06 6.7534e-06 0.731102 1.14154 1.56438e-07 3.99223e-07 0.0759254 0.129021 0 0
 0 0 0 0 0 0 0 0 0 0
rmsmmqobij 20 d
 0.0759254 0.129021 0.268533 0.399379 0.223961 0.562542 0 0 0 0
 0 0 0 0 0 0 0 0 0 0
ITER 1 i 99
u1ave 1 d 0.99145
dpdx 1 d -0.00418178
zrotation 1 d 0.00495727
rmsmmu 20 d
 3.51379e-06 6.47406e-06 0.731098 1.14154 1.5818e-07 3.99264e-07 0.0759254 0.129021 0 0
 0 0 0 0 0 0 0 0 0 0
rmsmmqobij 20 d
 0.0759254 0.129021 0.268535 0.399386 0.22396 0.562549 0 0 0 0
 0 0 0 0 0 0 0 0 0 0
ITER 1 i 100
u1ave 1 d 0.991445
dpdx 1 d -0.00418178
zrotation 1 d 0.00495725
rmsmmu 20 d
 3.46319e-06 6.20581e-06 0.731095 1.14153 1.63051e-07 4.03724e-07 0.0759254 0.12902 0 0
 0 0 0 0 0 0 0 0 0 0
rmsmmqobij 20 d
 0.0759254 0.12902 0.268538 0.399392 0.223959 0.562555 0 0 0 0
 0 0 0 0 0 0 0 0 0 0
ITER 1 i 101
u1ave 1 d 0.99144
dpdx 1 d -0.00418178
zrotation 1 d 0.00495723
rmsmmu 20 d
 3.41457e-06 5.94821e-06 0.731091 1.14153 1.70192e-07 4.35885e-07 0.0759254 0.12902 0 0
 0 0 0 0 0 0 0 0 0 0
rmsmmqobij 20 d
 0.0759254 0.12902 0.26854 0.399397 0.223957 0.562561 0 0 0 0
 0 0 0 0 0 0 0 0 0 0
ITER 1 i 102
u1ave 1 d 0.991436
dpdx 1 d -0.00418178
zrotation 1 d 0.0049572
rmsmmu 20 d
 3.36766e-06 5.70083e-06 0.731088 1.14152 1.78839e-07 4.70182e-07 0.0759254 0.12902 0 0
 0 0 0 0 0 0 0 0 0 0
rmsmmqobij 20 d
 0.0759254 0.12902 0.268542 0.399402 0.223956 0.562567 0 0 0 0
 0 0 0 0 0 0 0 0 0 0
ITER 1 i 103
u1ave 1 d 0.991432
dpdx 1 d -0.00418178
zrotation 1 d 0.00495718
rmsmmu 20 d
 3.32224e-06 5.46328e-06 0.731085 1.14152 1.88379e-07 5.01874e-07 0.0759253 0.129019 0 0
 0 0 0 0 0 0 0 0 0 0
rmsmmqobij 20 d
 0.0759253 0.129019 0.268544 0.399406 0.223955 0.562573 0 0 0 0
 0 0 0 0 0 0 0 0 0 0
ITER 1 i 104
u1ave 1 d 0.991427
dpdx 1 d -0.00418178
zrotation 1 d 0.00495716
rmsmmu 20 d
 3.27808e-06 5.23517e-06 0.731082 1.14152 1.98348e-07 5.3109e-07 0.0759253 0.129019 0 0
 0 0 0 0 0 0 0 0 0 0
rmsmmqobij 20 d
 0.0759253 0.129019 0.268546 0.39941 0.223954 0.562579 0 0 0 0
 0 0 0 0 0 0 0 0 0 0
ITER 1 i 105
u1ave 1 d 0.991423
dpdx 1 d -0.00418178
zrotation 1 d 0.00495714
rmsmmu 20 d
 3.23499e-06 5.20636e-06 0.731079 1.14151 2.08411e-07 5.57952e-07 0.0759253 0.129019 0 0
 0 0 0 0 0 0 0 0 0 0
rmsmmqobij 20 d
 0.0759253 0.129019 0.268548 0.399414 0.223953 0.562585 0 0 0 0
 0 0 0 0 0 0 0 0 0 0
ITER 1 i 106
u1ave 1 d 0.991419
dpdx 1 d -0.00418178
zrotation 1 d 0.00495711
rmsmmu 20 d
 3.19281e-06 5.24805e-06 0.731076 1.14151 2.18329e-07 5.82577e-07 0.0759253 0.129018 0 0
 0 0 0 0 0 0 0 0 0 0
rmsmmqobij 20 d
 0.0759253 0.129018 0.26855 0.399417 0.223952 0.56259 0 0 0 0
 0 0 0 0 0 0 0 0 0 0
ITER 1 i 107
u1ave 1 d 0.991415
dpdx 1 d -0.00418178
zrotation 1 d 0.00495709
rmsmmu 20 d
 3.1514e-06 5.28198e-06 0.731072 1.1415 2.27938e-07 6.05078e-07 0.0759253 0.129018 0 0
 0 0 0 0 0 0 0 0 0 0
rmsmmqobij 20 d
 0.0759253 0.129018 0.268551 0.39942 0.223951 0.562596 0 0 0 0
 0 0 0 0 0 0 0 0 0 0
ITER 1 i 108
u1ave 1 d 0.99141
dpdx 1 d -0.00418178
zrotation 1 d 0.00495707
rmsmmu 20 d
 3.11062e-06 5.30856e-06 0.731069 1.1415 2.37126e-07 6.25563e-07 0.0759252 0.129018 0 0
 0 0 0 0 0 0 0 0 0 0
rmsmmqobij 20 d
 0.0759252 0.129018 0.268553 0.399423 0.22395 0.562601 0 0 0 0
 0 0 0 0 0 0 0 0 0 0
ITER 1 i 109
u1ave 1 d 0.991406
dpdx 1 d -0.00418178
zrotation 1 d 0.00495705
rmsmmu 20 d
 3.07037e-06 5.32821e-06 0.731066 1.14149 2.45819e-07 6.44134e-07 0.0759252 0.129017 0 0
 0 0 0 0 0 0 0 0 0 0
rmsmmqobij 20 d
 0.0759252 0.129017 0.268555 0.399425 0.223949 0.562606 0 0 0 0
 0 0 0 0 0 0 0 0 0 0
ITER 1 i 110
u1ave 1 d 0.991402
dpdx 1 d -0.00418178
zrotation 1 d 0.00495703
rmsmmu 20 d
 3.03056e-06 5.34133e-06 0.731064 1.14149 2.53972e-07 6.60892e-07 0.0759252 0.129017 0 0
 0 0 0 0 0 0 0 0 0 0
rmsmmqobij 20 d
 0.0759252 0.129017 0.268556 0.399427 0.223948 0.562611 0 0 0 0
 0 0 0 0 0 0 0 0 0 0
ITER 1 i 111
u1ave 1 d 0.991398
dpdx 1 d -0.00418178
zrotation 1 d 0.00495701
rmsmmu 20 d
 2.99109e-06 5.34829e-06 0.731061 1.14149 2.61558e-07 6.7593e-07 0.0759252 0.129016 0 0
 0 0 0 0 0 0 0 0 0 0
rmsmmqobij 20 d
 0.0759252 0.129016 0.268558 0.399428 0.223948 0.562616 0 0 0 0
 0 0 0 0 0 0 0 0 0 0
ITER 1 i 112
u1ave 1 d 0.991395
dpdx 1 d -0.00418178
zrotation 1 d 0.00495699
rmsmmu 20 d
 2.95192e-06 5.34946e-06 0.731058 1.14148 2.68566e-07 6.89339e-07 0.0759252 0.129016 0 0
 0 0 0 0 0 0 0 0 0 0
rmsmmqobij 20 d
 0.0759252 0.129016 0.268559 0.39943 0.223947 0.562621 0 0 0 0
 0 0 0 0 0 0 0 0 0 0
ITER 1 i 113
u1ave 1 d 0.991391
dpdx 1 d -0.00418178
zrotation 1 d 0.00495697
rmsmmu 20 d
 2.91297e-06 5.34677e-06 0.731055 1.14148 2.74992e-07 7.01206e-07 0.0759251 0.129016 0 0
 0 0 0 0 0 0 0 0 0 0
rmsmmqobij 20 d
 0.0759251 0.129016 0.268561 0.399431 0.223946 0.562626 0 0 0 0
 0 0 0 0 0 0 0 0 0 0
ITER 1 i 114
u1ave 1 d 0.991387
dpdx 1 d -0.00418178
zrotation 1 d 0.00495695
rmsmmu 20 d
 2.87421e-06 5.34193e-06 0.731052 1.14147 2.80844e-07 7.11614e-07 0.0759251 0.129015 0 0
 0 0 0 0 0 0 0 0 0 0
rmsmmqobij 20 d
 0.0759251 0.129015 0.268562 0.399432 0.223945 0.56263 0 0 0 0
 0 0 0 0 0 0 0 0 0 0
ITER 1 i 115
u1ave 1 d 0.991383
dpdx 1 d -0.00418178
zrotation 1 d 0.00495694
rmsmmu 20 d
 2.8356e-06 5.332e-06 0.73105 1.14147 2.8613e-07 7.20642e-07 0.0759251 0.129015 0 0
 0 0 0 0 0 0 0 0 0 0
rmsmmqobij 20 d
 0.0759251 0.129015 0.268563 0.399432 0.223944 0.562635 0 0 0 0
 0 0 0 0 0 0 0 0 0 0
ITER 1 i 116
u1ave 1 d 0.99138
dpdx 1 d -0.00418178
zrotation 1 d 0.00495692
rmsmmu 20 d
 2.7971e-06 5.31729e-06 0.731047 1.14147 2.90867e-07 7.28366e-07 0.0759251 0.129014 0 0
 0 0 0 0 0 0 0 0 0 0
rmsmmqobij 20 d
 0.0759251 0.129014 0.268565 0.399433 0.223944 0.562639 0 0 0 0
 0 0 0 0 0 0 0 0 0 0
ITER 1 i 117
u1ave 1 d 0.991376
dpdx 1 d -0.00418178
zrotation 1 d 0.0049569
rmsmmu 20 d
 2.75869e-06 5.2981e-06 0.731044 1.14146 2.9507e-07 7.34858e-07 0.075925 0.129014 0 0
 0 0 0 0 0 0 0 0 0 0
rmsmmqobij 20 d
 0.075925 0.129014 0.268566 0.399433 0.223943 0.562643 0 0 0 0
 0 0 0 0 0 0 0 0 0 0
ITER 1 i 118
u1ave 1 d 0.991373
dpdx 1 d -0.00418178
zrotation 1 d 0.00495688
rmsmmu 20 d
 2.72036e-06 5.27472e-06 0.731042 1.14146 2.9876e-07 7.40189e-07 0.075925 0.129014 0 0
 0 0 0 0 0 0 0 0 0 0
rmsmmqobij 20 d
 0.075925 0.129014 0.268567 0.399433 0.223942 0.562647 0 0 0 0
 0 0 0 0 0 0 0 0 0 0
ITER 1 i 119
u1ave 1 d 0.991369
dpdx 1 d -0.00418178
zrotation 1 d 0.00495686
rmsmmu 20 d
 2.6821e-06 5.24742e-06 0.731039 1.14146 3.01955e-07 7.44423e-07 0.075925 0.129013 0 0
 0 0 0 0 0 0 0 0 0 0
rmsmmqobij 20 d
 0.075925 0.129013 0.268568 0.399433 0.223941 0.562651 0 0 0 0
 0 0 0 0 0 0 0 0 0 0
ITER 1 i 120
u1ave 1 d 0.991366
dpdx 1 d -0.00418178
zrotation 1 d 0.00495685
rmsmmu 20 d
 2.6439e-06 5.21648e-06 0.731037 1.14145 3.04677e-07 7.47626e-07 0.075925 0.129013 0 0
 0 0 0 0 0 0 0 0 0 0
rmsmmqobij 20 d
 0.075925 0.129013 0.268569 0.399433 0.223941 0.562655 0 0 0 0
 0 0 0 0 0 0 0 0 0 0
ITER 1 i 121
u1ave 1 d 0.991363
dpdx 1 d -0.00418178
zrotation 1 d 0.00495683
rmsmmu 20 d
 2.60576e-06 5.18213e-06 0.731035 1.14145 3.06946e-07 7.49856e-07 0.0759249 0.129012 0 0
 0 0 0 0 0 0 0 0 0 0
rmsmmqobij 20 d
 0.0759249 0.129012 0.268571 0.399432 0.22394 0.562659 0 0 0 0
 0 0 0 0 0 0 0 0 0 0
ITER 1 i 122
u1ave 1 d 0.991359
dpdx 1 d -0.00418178
zrotation 1 d 0.00495681
rmsmmu 20 d
 2.56767e-06 5.14462e-06 0.731032 1.14145 3.08785e-07 7.51172e-07 0.0759249 0.129012 0 0
 0 0 0 0 0 0 0 0 0 0
rmsmmqobij 20 d
 0.0759249 0.129012 0.268572 0.399432 0.22394 0.562663 0 0 0 0
 0 0 0 0 0 0 0 0 0 0
ITER 1 i 123
u1ave 1 d 0.991356
dpdx 1 d -0.00418178
zrotation 1 d 0.0049568
rmsmmu 20 d
 2.52964e-06 5.10417e-06 0.73103 1.14144 3.10213e-07 7.5163e-07 0.0759249 0.129012 0 0
 0 0 0 0 0 0 0 0 0 0
rmsmmqobij 20 d
 0.0759249 0.129012 0.268573 0.399431 0.223939 0.562666 0 0 0 0
 0 0 0 0 0 0 0 0 0 0
ITER 1 i 124
u1ave 1 d 0.991353
dpdx 1 d -0.00418178
zrotation 1 d 0.00495678
rmsmmu 20 d
 2.49168e-06 5.06102e-06 0.731028 1.14144 3.11252e-07 7.5128e-07 0.0759249 0.129011 0 0
 0 0 0 0 0 0 0 0 0 0
rmsmmqobij 20 d
 0.0759249 0.129011 0.268574 0.39943 0.223938 0.56267 0 0 0 0
 0 0 0 0 0 0 0 0 0 0
ITER 1 i 125
u1ave 1 d 0.99135
dpdx 1 d -0.00418178
zrotation 1 d 0.00495677
rmsmmu 20 d
 2.4538e-06 5.01535e-06 0.731025 1.14144 3.11922e-07 7.50175e-07 0.0759248 0.129011 0 0
 0 0 0 0 0 0 0 0 0 0
rmsmmqobij 20 d
 0.0759248 0.129011 0.268575 0.399429 0.223938 0.562673 0 0 0 0
 0 0 0 0 0 0 0 0 0 0
ITER 1 i 126
u1ave 1 d 0.991347
dpdx 1 d -0.00418178
zrotation 1 d 0.00495675
rmsmmu 20 d
 2.416e-06 4.96737e-06 0.731023 1.14144 3.12242e-07 7.48362e-07 0.0759248 0.129011 0 0
 0 0 0 0 0 0 0 0 0 0
rmsmmqobij 20 d
 0.0759248 0.129011 0.268575 0.399428 0.223937 0.562677 0 0 0 0
 0 0 0 0 0 0 0 0 0 0
ITER 1 i 127
u1ave 1 d 0.991344
dpdx 1 d -0.00418178
zrotation 1 d 0.00495673
rmsmmu 20 d
 2.3783e-06 4.91727e-06 0.731021 1.14143 3.12234e-07 7.45886e-07 0.0759248 0.12901 0 0
 0 0 0 0 0 0 0 0 0 0
rmsmmqobij 20 d
 0.0759248 0.12901 0.268576 0.399427 0.223937 0.56268 0 0 0 0
 0 0 0 0 0 0 0 0 0 0
ITER 1 i 128
u1ave 1 d 0.991341
dpdx 1 d -0.00418178
zrotation 1 d 0.00495672
rmsmmu 20 d
 2.34071e-06 4.86523e-06 0.731019 1.14143 3.11914e-07 7.42791e-07 0.0759248 0.12901 0 0
 0 0 0 0 0 0 0 0 0 0
rmsmmqobij 20 d
 0.0759248 0.12901 0.268577 0.399426 0.223936 0.562683 0 0 0 0
 0 0 0 0 0 0 0 0 0 0
ITER 1 i 129
u1ave 1 d 0.991338
dpdx 1 d -0.00418178
zrotation 1 d 0.00495671
rmsmmu 20 d
 2.30324e-06 4.81141e-06 0.731017 1.14143 3.11301e-07 7.39118e-07 0.0759248 0.129009 0 0
 0 0 0 0 0 0 0 0 0 0
rmsmmqobij 20 d
 0.0759248 0.129009 0.268578 0.399424 0.223936 0.562686 0 0 0 0
 0 0 0 0 0 0 0 0 0 0
ITER 1 i 130
u1ave 1 d 0.991335
dpdx 1 d -0.00418178
zrotation 1 d 0.00495669
rmsmmu 20 d
 2.2659e-06 4.75599e-06 0.731015 1.14142 3.10413e-07 7.34908e-07 0.0759247 0.129009 0 0
 0 0 0 0 0 0 0 0 0 0
rmsmmqobij 20 d
 0.0759247 0.129009 0.268579 0.399423 0.223935 0.562689 0 0 0 0
 0 0 0 0 0 0 0 0 0 0
ITER 1 i 131
u1ave 1 d 0.991333
dpdx 1 d -0.00418178
zrotation 1 d 0.00495668
rmsmmu 20 d
 2.22872e-06 4.6991e-06 0.731013 1.14142 3.09267e-07 7.30197e-07 0.0759247 0.129009 0 0
 0 0 0 0 0 0 0 0 0 0
rmsmmqobij 20 d
 0.0759247 0.129009 0.26858 0.399421 0.223935 0.562692 0 0 0 0
 0 0 0 0 0 0 0 0 0 0
ITER 1 i 132
u1ave 1 d 0.99133
dpdx 1 d -0.00418178
zrotation 1 d 0.00495666
rmsmmu 20 d
 2.1917e-06 4.6409e-06 0.731011 1.14142 3.07879e-07 7.25021e-07 0.0759247 0.129008 0 0
 0 0 0 0 0 0 0 0 0 0
rmsmmqobij 20 d
 0.0759247 0.129008 0.26858 0.39942 0.223934 0.562695 0 0 0 0
 0 0 0 0 0 0 0 0 0 0
ITER 1 i 133
u1ave 1 d 0.991327
dpdx 1 d -0.00418178
zrotation 1 d 0.00495665
rmsmmu 20 d
 2.15486e-06 4.58153e-06 0.731009 1.14142 3.06265e-07 7.19415e-07 0.0759247 0.129008 0 0
 0 0 0 0 0 0 0 0 0 0
rmsmmqobij 20 d
 0.0759247 0.129008 0.268581 0.399418 0.223934 0.562698 0 0 0 0
 0 0 0 0 0 0 0 0 0 0
ITER 1 i 134
u1ave 1 d 0.991325
dpdx 1 d -0.00418178
zrotation 1 d 0.00495664
rmsmmu 20 d
 2.11822e-06 4.52111e-06 0.731007 1.14141 3.04439e-07 7.13412e-07 0.0759246 0.129008 0 0
 0 0 0 0 0 0 0 0 0 0
rmsmmqobij 20 d
 0.0759246 0.129008 0.268582 0.399417 0.223933 0.562701 0 0 0 0
 0 0 0 0 0 0 0 0 0 0
ITER 1 i 135
u1ave 1 d 0.991322
dpdx 1 d -0.00418178
zrotation 1 d 0.00495662
rmsmmu 20 d
 2.08178e-06 4.45978e-06 0.731005 1.14141 3.02416e-07 7.07041e-07 0.0759246 0.129007 0 0
 0 0 0 0 0 0 0 0 0 0
rmsmmqobij 20 d
 0.0759246 0.129007 0.268583 0.399415 0.223933 0.562703 0 0 0 0
 0 0 0 0 0 0 0 0 0 0
ITER 1 i 136
u1ave 1 d 0.99132
dpdx 1 d -0.00418178
zrotation 1 d 0.00495661
rmsmmu 20 d
 2.04557e-06 4.39765e-06 0.731004 1.14141 3.0021e-07 7.00332e-07 0.0759246 0.129007 0 0
 0 0 0 0 0 0 0 0 0 0
rmsmmqobij 20 d
 0.0759246 0.129007 0.268583 0.399413 0.223932 0.562706 0 0 0 0
 0 0 0 0 0 0 0 0 0 0
ITER 1 i 137
u1ave 1 d 0.991317
dpdx 1 d -0.00418178
zrotation 1 d 0.0049566
rmsmmu 20 d
 2.00959e-06 4.33483e-06 0.731002 1.14141 2.97834e-07 6.93313e-07 0.0759246 0.129007 0 0
 0 0 0 0 0 0 0 0 0 0
rmsmmqobij 20 d
 0.0759246 0.129007 0.268584 0.399411 0.223932 0.562708 0 0 0 0
 0 0 0 0 0 0 0 0 0 0
ITER 1 i 138
u1ave 1 d 0.991315
dpdx 1 d -0.00418178
zrotation 1 d 0.00495659
rmsmmu 20 d
 1.97387e-06 4.27142e-06 0.731 1.1414 2.953e-07 6.86011e-07 0.0759245 0.129006 0 0
 0 0 0 0 0 0 0 0 0 0
rmsmmqobij 20 d
 0.0759245 0.129006 0.268584 0.399409 0.223932 0.562711 0 0 0 0
 0 0 0 0 0 0 0 0 0 0
ITER 1 i 139
u1ave 1 d 0.991313
dpdx 1 d -0.00418178
zrotation 1 d 0.00495658
rmsmmu 20 d
 1.9384e-06 4.20754e-06 0.730998 1.1414 2.92621e-07 6.78451e-07 0.0759245 0.129006 0 0
 0 0 0 0 0 0 0 0 0 0
rmsmmqobij 20 d
 0.0759245 0.129006 0.268585 0.399408 0.223931 0.562713 0 0 0 0
 0 0 0 0 0 0 0 0 0 0
ITER 1 i 140
u1ave 1 d 0.99131
dpdx 1 d -0.00418178
zrotation 1 d 0.00495656
rmsmmu 20 d
 1.90322e-06 4.14326e-06 0.730997 1.1414 2.89807e-07 6.70656e-07 0.0759245 0.129006 0 0
 0 0 0 0 0 0 0 0 0 0
rmsmmqobij 20 d
 0.0759245 0.129006 0.268586 0.399406 0.223931 0.562716 0 0 0 0
 0 0 0 0 0 0 0 0 0 0
ITER 1 i 141
u1ave 1 d 0.991308
dpdx 1 d -0.00418178
zrotation 1 d 0.00495655
rmsmmu 20 d
 1.86833e-06 4.07868e-06 0.730995 1.1414 2.86871e-07 6.62648e-07 0.0759245 0.129005 0 0
 0 0 0 0 0 0 0 0 0 0
rmsmmqobij 20 d
 0.0759245 0.129005 0.268586 0.399404 0.223931 0.562718 0 0 0 0
 0 0 0 0 0 0 0 0 0 0
ITER 1 i 142
u1ave 1 d 0.991306
dpdx 1 d -0.00418178
zrotation 1 d 0.00495654
rmsmmu 20 d
 1.83374e-06 4.01389e-06 0.730994 1.1414 2.83822e-07 6.54451e-07 0.0759245 0.129005 0 0
 0 0 0 0 0 0 0 0 0 0
rmsmmqobij 20 d
 0.0759245 0.129005 0.268587 0.399402 0.22393 0.56272 0 0 0 0
 0 0 0 0 0 0 0 0 0 0
ITER 1 i 143
u1ave 1 d 0.991304
dpdx 1 d -0.00418178
zrotation 1 d 0.00495653
rmsmmu 20 d
 1.79946e-06 3.94896e-06 0.730992 1.14139 2.80671e-07 6.46083e-07 0.0759244 0.129005 0 0
 0 0 0 0 0 0 0 0 0 0
rmsmmqobij 20 d
 0.0759244 0.129005 0.268587 0.3994 0.22393 0.562722 0 0 0 0
 0 0 0 0 0 0 0 0 0 0
ITER 1 i 144
u1ave 1 d 0.991302
dpdx 1 d -0.00418178
zrotation 1 d 0.00495652
rmsmmu 20 d
 1.7655e-06 3.88397e-06 0.730991 1.14139 2.77425e-07 6.37564e-07 0.0759244 0.129004 0 0
 0 0 0 0 0 0 0 0 0 0
rmsmmqobij 20 d
 0.0759244 0.129004 0.268588 0.399398 0.22393 0.562724 0 0 0 0
 0 0 0 0 0 0 0 0 0 0
ITER 1 i 145
u1ave 1 d 0.9913
dpdx 1 d -0.00418178
zrotation 1 d 0.00495651
rmsmmu 20 d
 1.73188e-06 3.81898e-06 0.730989 1.14139 2.74096e-07 6.28913e-07 0.0759244 0.129004 0 0
 0 0 0 0 0 0 0 0 0 0
rmsmmqobij 20 d
 0.0759244 0.129004 0.268588 0.399396 0.223929 0.562726 0 0 0 0
 0 0 0 0 0 0 0 0 0 0
ITER 1 i 146
u1ave 1 d 0.991298
dpdx 1 d -0.00418178
zrotation 1 d 0.0049565
rmsmmu 20 d
 1.69861e-06 3.75407e-06 0.730988 1.14139 2.70691e-07 6.20145e-07 0.0759244 0.129004 0 0
 0 0 0 0 0 0 0 0 0 0
rmsmmqobij 20 d
 0.0759244 0.129004 0.268589 0.399394 0.223929 0.562728 0 0 0 0
 0 0 0 0 0 0 0 0 0 0
ITER 1 i 147
u1ave 1 d 0.991296
dpdx 1 d -0.00418178
zrotation 1 d 0.00495649
rmsmmu 20 d
 1.66568e-06 3.6893e-06 0.730986 1.14139 2.67218e-07 6.11279e-07 0.0759244 0.129003 0 0
 0 0 0 0 0 0 0 0 0 0
rmsmmqobij 20 d
 0.0759244 0.129003 0.268589 0.399392 0.223929 0.56273 0 0 0 0
 0 0 0 0 0 0 0 0 0 0
ITER 1 i 148
u1ave 1 d 0.991294
dpdx 1 d -0.00418178
zrotation 1 d 0.00495648
rmsmmu 20 d
 1.63312e-06 3.62471e-06 0.730985 1.14138 2.63685e-07 6.02328e-07 0.0759243 0.129003 0 0
 0 0 0 0 0 0 0 0 0 0
rmsmmqobij 20 d
 0.0759243 0.129003 0.26859 0.39939 0.223928 0.562732 0 0 0 0
 0 0 0 0 0 0 0 0 0 0
ITER 1 i 149
u1ave 1 d 0.991292
dpdx 1 d -0.00418178
zrotation 1 d 0.00495647
rmsmmu 20 d
 1.60092e-06 3.56037e-06 0.730984 1.14138 2.60099e-07 5.93307e-07 0.0759243 0.129003 0 0
 0 0 0 0 0 0 0 0 0 0
rmsmmqobij 20 d
 0.0759243 0.129003 0.26859 0.399388 0.223928 0.562734 0 0 0 0
 0 0 0 0 0 0 0 0 0 0
ITER 1 i 150
u1ave 1 d 0.99129
dpdx 1 d -0.00418178
zrotation 1 d 0.00495646
rmsmmu 20 d
 1.5691e-06 3.49633e-06 0.730982 1.14138 2.56467e-07 5.84231e-07 0.0759243 0.129003 0 0
 0 0 0 0 0 0 0 0 0 0
rmsmmqobij 20 d
 0.0759243 0.129003 0.26859 0.399386 0.223928 0.562736 0 0 0 0
 0 0 0 0 0 0 0 0 0 0
ITER 1 i 151
u1ave 1 d 0.991289
dpdx 1 d -0.00418178
zrotation 1 d 0.00495645
rmsmmu 20 d
 1.53767e-06 3.43264e-06 0.730981 1.14138 2.52796e-07 5.75112e-07 0.0759243 0.129002 0 0
 0 0 0 0 0 0 0 0 0 0
rmsmmqobij 20 d
 0.0759243 0.129002 0.268591 0.399384 0.223928 0.562738 0 0 0 0
 0 0 0 0 0 0 0 0 0 0
ITER 1 i 152
u1ave 1 d 0.991287
dpdx 1 d -0.00418178
zrotation 1 d 0.00495644
rmsmmu 20 d
 1.50662e-06 3.36933e-06 0.73098 1.14138 2.49091e-07 5.65962e-07 0.0759243 0.129002 0 0
 0 0 0 0 0 0 0 0 0 0
rmsmmqobij 20 d
 0.0759243 0.129002 0.268591 0.399382 0.223927 0.562739 0 0 0 0
 0 0 0 0 0 0 0 0 0 0
ITER 1 i 153
u1ave 1 d 0.991285
dpdx 1 d -0.00418178
zrotation 1 d 0.00495643
rmsmmu 20 d
 1.47596e-06 3.30645e-06 0.730978 1.14138 2.45359e-07 5.56792e-07 0.0759243 0.129002 0 0
 0 0 0 0 0 0 0 0 0 0
rmsmmqobij 20 d
 0.0759243 0.129002 0.268591 0.39938 0.223927 0.562741 0 0 0 0
 0 0 0 0 0 0 0 0 0 0
ITER 1 i 154
u1ave 1 d 0.991283
dpdx 1 d -0.00418178
zrotation 1 d 0.00495643
rmsmmu 20 d
 1.44571e-06 3.24404e-06 0.730977 1.14137 2.41605e-07 5.47613e-07 0.0759242 0.129001 0 0
 0 0 0 0 0 0 0 0 0 0
rmsmmqobij 20 d
 0.0759242 0.129001 0.268592 0.399378 0.223927 0.562742 0 0 0 0
 0 0 0 0 0 0 0 0 0 0
ITER 1 i 155
u1ave 1 d 0.991282
dpdx 1 d -0.00418178
zrotation 1 d 0.00495642
rmsmmu 20 d
 1.41586e-06 3.18213e-06 0.730976 1.14137 2.37834e-07 5.38436e-07 0.0759242 0.129001 0 0
 0 0 0 0 0 0 0 0 0 0
rmsmmqobij 20 d
 0.0759242 0.129001 0.268592 0.399376 0.223927 0.562744 0 0 0 0
 0 0 0 0 0 0 0 0 0 0
ITER 1 i 156
u1ave 1 d 0.99128
dpdx 1 d -0.00418178
zrotation 1 d 0.00495641
rmsmmu 20 d
 1.38641e-06 3.12076e-06 0.730975 1.14137 2.34052e-07 5.29269e-07 0.0759242 0.129001 0 0
 0 0 0 0 0 0 0 0 0 0
rmsmmqobij 20 d
 0.0759242 0.129001 0.268592 0.399374 0.223926 0.562746 0 0 0 0
 0 0 0 0 0 0 0 0 0 0
ITER 1 i 157
u1ave 1 d 0.991279
dpdx 1 d -0.00418178
zrotation 1 d 0.0049564
rmsmmu 20 d
 1.35738e-06 3.05995e-06 0.730974 1.14137 2.30262e-07 5.20122e-07 0.0759242 0.129001 0 0
 0 0 0 0 0 0 0 0 0 0
rmsmmqobij 20 d
 0.0759242 0.129001 0.268593 0.399372 0.223926 0.562747 0 0 0 0
 0 0 0 0 0 0 0 0 0 0
ITER 1 i 158
u1ave 1 d 0.991277
dpdx 1 d -0.00418178
zrotation 1 d 0.00495639
rmsmmu 20 d
 1.32876e-06 2.99974e-06 0.730973 1.14137 2.26469e-07 5.11003e-07 0.0759242 0.129 0 0
 0 0 0 0 0 0 0 0 0 0
rmsmmqobij 20 d
 0.0759242 0.129 0.268593 0.39937 0.223926 0.562748 0 0 0 0
 0 0 0 0 0 0 0 0 0 0
ITER 1 i 159
u1ave 1 d 0.991276
dpdx 1 d -0.00418178
zrotation 1 d 0.00495639
rmsmmu 20 d
 1.30055e-06 2.94014e-06 0.730972 1.14137 2.22677e-07 5.01919e-07 0.0759242 0.129 0 0
 0 0 0 0 0 0 0 0 0 0
rmsmmqobij 20 d
 0.0759242 0.129 0.268593 0.399368 0.223926 0.56275 0 0 0 0
 0 0 0 0 0 0 0 0 0 0
ITER 1 i 160
u1ave 1 d 0.991274
dpdx 1 d -0.00418178
zrotation 1 d 0.00495638
rmsmmu 20 d
 1.27276e-06 2.88119e-06 0.730971 1.14137 2.18891e-07 4.92878e-07 0.0759241 0.129 0 0
 0 0 0 0 0 0 0 0 0 0
rmsmmqobij 20 d
 0.0759241 0.129 0.268594 0.399366 0.223925 0.562751 0 0 0 0
 0 0 0 0 0 0 0 0 0 0
ITER 1 i 161
u1ave 1 d 0.991273
dpdx 1 d -0.00418178
zrotation 1 d 0.00495637
rmsmmu 20 d
 1.2454e-06 2.82289e-06 0.73097 1.14136 2.15113e-07 4.83887e-07 0.0759241 0.129 0 0
 0 0 0 0 0 0 0 0 0 0
rmsmmqobij 20 d
 0.0759241 0.129 0.268594 0.399364 0.223925 0.562753 0 0 0 0
 0 0 0 0 0 0 0 0 0 0
ITER 1 i 162
u1ave 1 d 0.991272
dpdx 1 d -0.00418178
zrotation 1 d 0.00495636
rmsmmu 20 d
 1.21845e-06 2.76528e-06 0.730969 1.14136 2.11346e-07 4.74951e-07 0.0759241 0.129 0 0
 0 0 0 0 0 0 0 0 0 0
rmsmmqobij 20 d
 0.0759241 0.129 0.268594 0.399362 0.223925 0.562754 0 0 0 0
 0 0 0 0 0 0 0 0 0 0
ITER 1 i 163
u1ave 1 d 0.99127
dpdx 1 d -0.00418178
zrotation 1 d 0.00495636
rmsmmu 20 d
 1.19192e-06 2.70837e-06 0.730968 1.14136 2.07595e-07 4.66077e-07 0.0759241 0.128999 0 0
 0 0 0 0 0 0 0 0 0 0
rmsmmqobij 20 d
 0.0759241 0.128999 0.268595 0.39936 0.223925 0.562755 0 0 0 0
 0 0 0 0 0 0 0 0 0 0
ITER 1 i 164
u1ave 1 d 0.991269
dpdx 1 d -0.00418178
zrotation 1 d 0.00495635
rmsmmu 20 d
 1.16582e-06 2.65217e-06 0.730967 1.14136 2.03861e-07 4.5727e-07 0.0759241 0.128999 0 0
 0 0 0 0 0 0 0 0 0 0
rmsmmqobij 20 d
 0.0759241 0.128999 0.268595 0.399359 0.223925 0.562756 0 0 0 0
 0 0 0 0 0 0 0 0 0 0
ITER 1 i 165
u1ave 1 d 0.991268
dpdx 1 d -0.00418178
zrotation 1 d 0.00495634
rmsmmu 20 d
 1.14014e-06 2.5967e-06 0.730966 1.14136 2.00149e-07 4.48534e-07 0.0759241 0.128999 0 0
 0 0 0 0 0 0 0 0 0 0
rmsmmqobij 20 d
 0.0759241 0.128999 0.268595 0.399357 0.223925 0.562757 0 0 0 0
 0 0 0 0 0 0 0 0 0 0
ITER 1 i 166
u1ave 1 d 0.991266
dpdx 1 d -0.00418178
zrotation 1 d 0.00495634
rmsmmu 20 d
 1.11487e-06 2.54197e-06 0.730965 1.14136 1.96459e-07 4.39875e-07 0.0759241 0.128999 0 0
 0 0 0 0 0 0 0 0 0 0
rmsmmqobij 20 d
 0.0759241 0.128999 0.268595 0.399355 0.223924 0.562759 0 0 0 0
 0 0 0 0 0 0 0 0 0 0
ITER 1 i 167
u1ave 1 d 0.991265
dpdx 1 d -0.00418178
zrotation 1 d 0.00495633
rmsmmu 20 d
 1.09003e-06 2.48799e-06 0.730964 1.14136 1.92795e-07 4.31297e-07 0.075924 0.128998 0 0
 0 0 0 0 0 0 0 0 0 0
rmsmmqobij 20 d
 0.075924 0.128998 0.268595 0.399353 0.223924 0.56276 0 0 0 0
 0 0 0 0 0 0 0 0 0 0
ITER 1 i 168
u1ave 1 d 0.991264
dpdx 1 d -0.00418178
zrotation 1 d 0.00495633
rmsmmu 20 d
 1.06561e-06 2.43477e-06 0.730963 1.14136 1.89159e-07 4.22804e-07 0.075924 0.128998 0 0
 0 0 0 0 0 0 0 0 0 0
rmsmmqobij 20 d
 0.075924 0.128998 0.268596 0.399351 0.223924 0.562761 0 0 0 0
 0 0 0 0 0 0 0 0 0 0
ITER 1 i 169
u1ave 1 d 0.991263
dpdx 1 d -0.00418178
zrotation 1 d 0.00495632
rmsmmu 20 d
 1.0416e-06 2.38232e-06 0.730962 1.14136 1.85553e-07 4.14398e-07 0.075924 0.128998 0 0
 0 0 0 0 0 0 0 0 0 0
rmsmmqobij 20 d
 0.075924 0.128998 0.268596 0.39935 0.223924 0.562762 0 0 0 0
 0 0 0 0 0 0 0 0 0 0
ITER 1 i 170
u1ave 1 d 0.991262
dpdx 1 d -0.00418178
zrotation 1 d 0.00495631
rmsmmu 20 d
 1.01801e-06 2.33064e-06 0.730962 1.14135 1.81978e-07 4.06085e-07 0.075924 0.128998 0 0
 0 0 0 0 0 0 0 0 0 0
rmsmmqobij 20 d
 0.075924 0.128998 0.268596 0.399348 0.223924 0.562763 0 0 0 0
 0 0 0 0 0 0 0 0 0 0
ITER 1 i 171
u1ave 1 d 0.991261
dpdx 1 d -0.00418178
zrotation 1 d 0.00495631
rmsmmu 20 d
 9.94838e-07 2.27975e-06 0.730961 1.14135 1.78436e-07 3.97865e-07 0.075924 0.128998 0 0
 0 0 0 0 0 0 0 0 0 0
rmsmmqobij 20 d
 0.075924 0.128998 0.268596 0.399346 0.223924 0.562764 0 0 0 0
 0 0 0 0 0 0 0 0 0 0
ITER 1 i 172
u1ave 1 d 0.99126
dpdx 1 d -0.00418178
zrotation 1 d 0.0049563
rmsmmu 20 d
 9.72073e-07 2.22964e-06 0.73096 1.14135 1.7493e-07 3.89743e-07 0.075924 0.128998 0 0
 0 0 0 0 0 0 0 0 0 0
rmsmmqobij 20 d
 0.075924 0.128998 0.268596 0.399345 0.223924 0.562765 0 0 0 0
 0 0 0 0 0 0 0 0 0 0
ITER 1 i 173
u1ave 1 d 0.991259
dpdx 1 d -0.00418178
zrotation 1 d 0.0049563
rmsmmu 20 d
 9.49719e-07 2.18032e-06 0.730959 1.14135 1.7146e-07 3.8172e-07 0.075924 0.128997 0 0
 0 0 0 0 0 0 0 0 0 0
rmsmmqobij 20 d
 0.075924 0.128997 0.268597 0.399343 0.223923 0.562766 0 0 0 0
 0 0 0 0 0 0 0 0 0 0
ITER 1 i 174
u1ave 1 d 0.991258
dpdx 1 d -0.00418178
zrotation 1 d 0.00495629
rmsmmu 20 d
 9.2777e-07 2.13178e-06 0.730959 1.14135 1.68028e-07 3.73799e-07 0.075924 0.128997 0 0
 0 0 0 0 0 0 0 0 0 0
rmsmmqobij 20 d
 0.075924 0.128997 0.268597 0.399341 0.223923 0.562767 0 0 0 0
 0 0 0 0 0 0 0 0 0 0
ITER 1 i 175
u1ave 1 d 0.991257
dpdx 1 d -0.00418178
zrotation 1 d 0.00495629
rmsmmu 20 d
 9.06225e-07 2.08404e-06 0.730958 1.14135 1.64635e-07 3.65981e-07 0.0759239 0.128997 0 0
 0 0 0 0 0 0 0 0 0 0
rmsmmqobij 20 d
 0.0759239 0.128997 0.268597 0.39934 0.223923 0.562768 0 0 0 0
 0 0 0 0 0 0 0 0 0 0
ITER 1 i 176
u1ave 1 d 0.991256
dpdx 1 d -0.00418178
zrotation 1 d 0.00495628
rmsmmu 20 d
 8.85081e-07 2.0371e-06 0.730957 1.14135 1.61282e-07 3.58269e-07 0.0759239 0.128997 0 0
 0 0 0 0 0 0 0 0 0 0
rmsmmqobij 20 d
 0.0759239 0.128997 0.268597 0.399338 0.223923 0.562768 0 0 0 0
 0 0 0 0 0 0 0 0 0 0
ITER 1 i 177
u1ave 1 d 0.991255
dpdx 1 d -0.00418178
zrotation 1 d 0.00495628
rmsmmu 20 d
 8.64334e-07 1.99094e-06 0.730957 1.14135 1.57969e-07 3.50663e-07 0.0759239 0.128997 0 0
 0 0 0 0 0 0 0 0 0 0
rmsmmqobij 20 d
 0.0759239 0.128997 0.268597 0.399337 0.223923 0.562769 0 0 0 0
 0 0 0 0 0 0 0 0 0 0
ITER 1 i 178
u1ave 1 d 0.991254
dpdx 1 d -0.00418178
zrotation 1 d 0.00495627
rmsmmu 20 d
 8.4398e-07 1.94558e-06 0.730956 1.14135 1.54699e-07 3.43165e-07 0.0759239 0.128996 0 0
 0 0 0 0 0 0 0 0 0 0
rmsmmqobij 20 d
 0.0759239 0.128996 0.268597 0.399335 0.223923 0.56277 0 0 0 0
 0 0 0 0 0 0 0 0 0 0
ITER 1 i 179
u1ave 1 d 0.991253
dpdx 1 d -0.00418178
zrotation 1 d 0.00495627
rmsmmu 20 d
 8.24017e-07 1.901e-06 0.730955 1.14135 1.51471e-07 3.35777e-07 0.0759239 0.128996 0 0
 0 0 0 0 0 0 0 0 0 0
rmsmmqobij 20 d
 0.0759239 0.128996 0.268598 0.399334 0.223923 0.562771 0 0 0 0
 0 0 0 0 0 0 0 0 0 0
ITER 1 i 180
u1ave 1 d 0.991252
dpdx 1 d -0.00418178
zrotation 1 d 0.00495626
rmsmmu 20 d
 8.0444e-07 1.85721e-06 0.730955 1.14135 1.48287e-07 3.28498e-07 0.0759239 0.128996 0 0
 0 0 0 0 0 0 0 0 0 0
rmsmmqobij 20 d
 0.0759239 0.128996 0.268598 0.399332 0.223923 0.562772 0 0 0 0
 0 0 0 0 0 0 0 0 0 0
ITER 1 i 181
u1ave 1 d 0.991251
dpdx 1 d -0.00418178
zrotation 1 d 0.00495626
rmsmmu 20 d
 7.85245e-07 1.8142e-06 0.730954 1.14134 1.45147e-07 3.2133e-07 0.0759239 0.128996 0 0
 0 0 0 0 0 0 0 0 0 0
rmsmmqobij 20 d
 0.0759239 0.128996 0.268598 0.399331 0.223923 0.562772 0 0 0 0
 0 0 0 0 0 0 0 0 0 0
ITER 1 i 182
u1ave 1 d 0.99125
dpdx 1 d -0.00418178
zrotation 1 d 0.00495626
rmsmmu 20 d
 7.66428e-07 1.77197e-06 0.730953 1.14134 1.42051e-07 3.14273e-07 0.0759239 0.128996 0 0
 0 0 0 0 0 0 0 0 0 0
rmsmmqobij 20 d
 0.0759239 0.128996 0.268598 0.399329 0.223922 0.562773 0 0 0 0
 0 0 0 0 0 0 0 0 0 0
ITER 1 i 183
u1ave 1 d 0.99125
dpdx 1 d -0.00418178
zrotation 1 d 0.00495625
rmsmmu 20 d
 7.47985e-07 1.73052e-06 0.730953 1.14134 1.39e-07 3.07328e-07 0.0759239 0.128996 0 0
 0 0 0 0 0 0 0 0 0 0
rmsmmqobij 20 d
 0.0759239 0.128996 0.268598 0.399328 0.223922 0.562774 0 0 0 0
 0 0 0 0 0 0 0 0 0 0
ITER 1 i 184
u1ave 1 d 0.991249
dpdx 1 d -0.00418178
zrotation 1 d 0.00495625
rmsmmu 20 d
 7.29912e-07 1.68984e-06 0.730952 1.14134 1.35995e-07 3.00495e-07 0.0759238 0.128996 0 0
 0 0 0 0 0 0 0 0 0 0
rmsmmqobij 20 d
 0.0759238 0.128996 0.268598 0.399327 0.223922 0.562775 0 0 0 0
 0 0 0 0 0 0 0 0 0 0
ITER 1 i 185
u1ave 1 d 0.991248
dpdx 1 d -0.00418178
zrotation 1 d 0.00495624
rmsmmu 20 d
 7.12205e-07 1.64992e-06 0.730952 1.14134 1.33035e-07 2.93774e-07 0.0759238 0.128995 0 0
 0 0 0 0 0 0 0 0 0 0
rmsmmqobij 20 d
 0.0759238 0.128995 0.268598 0.399325 0.223922 0.562775 0 0 0 0
 0 0 0 0 0 0 0 0 0 0
ITER 1 i 186
u1ave 1 d 0.991247
dpdx 1 d -0.00418178
zrotation 1 d 0.00495624
rmsmmu 20 d
 6.94858e-07 1.61075e-06 0.730951 1.14134 1.30121e-07 2.87165e-07 0.0759238 0.128995 0 0
 0 0 0 0 0 0 0 0 0 0
rmsmmqobij 20 d
 0.0759238 0.128995 0.268598 0.399324 0.223922 0.562776 0 0 0 0
 0 0 0 0 0 0 0 0 0 0
ITER 1 i 187
u1ave 1 d 0.991247
dpdx 1 d -0.00418178
zrotation 1 d 0.00495624
rmsmmu 20 d
 6.77868e-07 1.57234e-06 0.730951 1.14134 1.27253e-07 2.80669e-07 0.0759238 0.128995 0 0
 0 0 0 0 0 0 0 0 0 0
rmsmmqobij 20 d
 0.0759238 0.128995 0.268599 0.399323 0.223922 0.562777 0 0 0 0
 0 0 0 0 0 0 0 0 0 0
ITER 1 i 188
u1ave 1 d 0.991246
dpdx 1 d -0.00418178
zrotation 1 d 0.00495623
rmsmmu 20 d
 6.61229e-07 1.53468e-06 0.73095 1.14134 1.24431e-07 2.74284e-07 0.0759238 0.128995 0 0
 0 0 0 0 0 0 0 0 0 0
rmsmmqobij 20 d
 0.0759238 0.128995 0.268599 0.399321 0.223922 0.562777 0 0 0 0
 0 0 0 0 0 0 0 0 0 0
ITER 1 i 189
u1ave 1 d 0.991245
dpdx 1 d -0.00418178
zrotation 1 d 0.00495623
rmsmmu 20 d
 6.44937e-07 1.49775e-06 0.73095 1.14134 1.21655e-07 2.6801e-07 0.0759238 0.128995 0 0
 0 0 0 0 0 0 0 0 0 0
rmsmmqobij 20 d
 0.0759238 0.128995 0.268599 0.39932 0.223922 0.562778 0 0 0 0
 0 0 0 0 0 0 0 0 0 0
ITER 1 i 190
u1ave 1 d 0.991244
dpdx 1 d -0.00418178
zrotation 1 d 0.00495623
rmsmmu 20 d
 6.28987e-07 1.46155e-06 0.730949 1.14134 1.18926e-07 2.61848e-07 0.0759238 0.128995 0 0
 0 0 0 0 0 0 0 0 0 0
rmsmmqobij 20 d
 0.0759238 0.128995 0.268599 0.399319 0.223922 0.562778 0 0 0 0
 0 0 0 0 0 0 0 0 0 0
ITER 1 i 191
u1ave 1 d 0.991244
dpdx 1 d -0.00418178
zrotation 1 d 0.00495622
rmsmmu 20 d
 6.13375e-07 1.42608e-06 0.730949 1.14134 1.16242e-07 2.55796e-07 0.0759238 0.128995 0 0
 0 0 0 0 0 0 0 0 0 0
rmsmmqobij 20 d
 0.0759238 0.128995 0.268599 0.399318 0.223922 0.562779 0 0 0 0
 0 0 0 0 0 0 0 0 0 0
ITER 1 i 192
u1ave 1 d 0.991243
dpdx 1 d -0.00418178
zrotation 1 d 0.00495622
rmsmmu 20 d
 5.98095e-07 1.39132e-06 0.730948 1.14134 1.13605e-07 2.49854e-07 0.0759238 0.128995 0 0
 0 0 0 0 0 0 0 0 0 0
rmsmmqobij 20 d
 0.0759238 0.128995 0.268599 0.399316 0.223922 0.562779 0 0 0 0
 0 0 0 0 0 0 0 0 0 0
ITER 1 i 193
u1ave 1 d 0.991243
dpdx 1 d -0.00418178
zrotation 1 d 0.00495622
rmsmmu 20 d
 5.83143e-07 1.35727e-06 0.730948 1.14134 1.11014e-07 2.44022e-07 0.0759238 0.128994 0 0
 0 0 0 0 0 0 0 0 0 0
rmsmmqobij 20 d
 0.0759238 0.128994 0.268599 0.399315 0.223922 0.56278 0 0 0 0
 0 0 0 0 0 0 0 0 0 0
ITER 1 i 194
u1ave 1 d 0.991242
dpdx 1 d -0.00418178
zrotation 1 d 0.00495621
rmsmmu 20 d
 5.68514e-07 1.32392e-06 0.730948 1.14134 1.08468e-07 2.38298e-07 0.0759238 0.128994 0 0
 0 0 0 0 0 0 0 0 0 0
rmsmmqobij 20 d
 0.0759238 0.128994 0.268599 0.399314 0.223921 0.562781 0 0 0 0
 0 0 0 0 0 0 0 0 0 0
ITER 1 i 195
u1ave 1 d 0.991241
dpdx 1 d -0.00418178
zrotation 1 d 0.00495621
rmsmmu 20 d
 5.54202e-07 1.29126e-06 0.730947 1.14134 1.05968e-07 2.32682e-07 0.0759238 0.128994 0 0
 0 0 0 0 0 0 0 0 0 0
rmsmmqobij 20 d
 0.0759238 0.128994 0.268599 0.399313 0.223921 0.562781 0 0 0 0
 0 0 0 0 0 0 0 0 0 0
ITER 1 i 196
u1ave 1 d 0.991241
dpdx 1 d -0.00418178
zrotation 1 d 0.00495621
rmsmmu 20 d
 5.40203e-07 1.25928e-06 0.730947 1.14133 1.03514e-07 2.27174e-07 0.0759238 0.128994 0 0
 0 0 0 0 0 0 0 0 0 0
rmsmmqobij 20 d
 0.0759238 0.128994 0.268599 0.399312 0.223921 0.562782 0 0 0 0
 0 0 0 0 0 0 0 0 0 0
ITER 1 i 197
u1ave 1 d 0.99124
dpdx 1 d -0.00418178
zrotation 1 d 0.0049562
rmsmmu 20 d
 5.26513e-07 1.22797e-06 0.730946 1.14133 1.01104e-07 2.21771e-07 0.0759237 0.128994 0 0
 0 0 0 0 0 0 0 0 0 0
rmsmmqobij 20 d
 0.0759237 0.128994 0.268599 0.399311 0.223921 0.562782 0 0 0 0
 0 0 0 0 0 0 0 0 0 0
ITER 1 i 198
u1ave 1 d 0.99124
dpdx 1 d -0.00418178
zrotation 1 d 0.0049562
rmsmmu 20 d
 5.13125e-07 1.19732e-06 0.730946 1.14133 9.8739e-08 2.16473e-07 0.0759237 0.128994 0 0
 0 0 0 0 0 0 0 0 0 0
rmsmmqobij 20 d
 0.0759237 0.128994 0.268599 0.39931 0.223921 0.562782 0 0 0 0
 0 0 0 0 0 0 0 0 0 0
ITER 1 i 199
u1ave 1 d 0.991239
dpdx 1 d -0.00418178
zrotation 1 d 0.0049562
rmsmmu 20 d
 5.00035e-07 1.16733e-06 0.730946 1.14133 9.64186e-08 2.11279e-07 0.0759237 0.128994 0 0
 0 0 0 0 0 0 0 0 0 0
rmsmmqobij 20 d
 0.0759237 0.128994 0.2686 0.399309 0.223921 0.562783 0 0 0 0
 0 0 0 0 0 0 0 0 0 0
ITER 1 i 200
u1ave 1 d 0.991239
dpdx 1 d -0.00418178
zrotation 1 d 0.0049562
rmsmmu 20 d
 4.87238e-07 1.13798e-06 0.730945 1.14133 9.41422e-08 2.06189e-07 0.0759237 0.128994 0 0
 0 0 0 0 0 0 0 0 0 0
rmsmmqobij 20 d
 0.0759237 0.128994 0.2686 0.399308 0.223921 0.562783 0 0 0 0
 0 0 0 0 0 0 0 0 0 0
ITER 1 i 201
u1ave 1 d 0.991238
dpdx 1 d -0.00418178
zrotation 1 d 0.00495619
rmsmmu 20 d
 4.74729e-07 1.10927e-06 0.730945 1.14133 9.19096e-08 2.012e-07 0.0759237 0.128994 0 0
 0 0 0 0 0 0 0 0 0 0
rmsmmqobij 20 d
 0.0759237 0.128994 0.2686 0.399307 0.223921 0.562784 0 0 0 0
 0 0 0 0 0 0 0 0 0 0
ITER 1 i 202
u1ave 1 d 0.991238
dpdx 1 d -0.00418178
zrotation 1 d 0.00495619
rmsmmu 20 d
 4.62504e-07 1.08118e-06 0.730944 1.14133 8.97202e-08 1.96312e-07 0.0759237 0.128994 0 0
 0 0 0 0 0 0 0 0 0 0
rmsmmqobij 20 d
 0.0759237 0.128994 0.2686 0.399306 0.223921 0.562784 0 0 0 0
 0 0 0 0 0 0 0 0 0 0
ITER 1 i 203
u1ave 1 d 0.991237
dpdx 1 d -0.00418178
zrotation 1 d 0.00495619
rmsmmu 20 d
 4.50556e-07 1.05371e-06 0.730944 1.14133 8.75738e-08 1.91523e-07 0.0759237 0.128993 0 0
 0 0 0 0 0 0 0 0 0 0
rmsmmqobij 20 d
 0.0759237 0.128993 0.2686 0.399305 0.223921 0.562785 0 0 0 0
 0 0 0 0 0 0 0 0 0 0
ITER 1 i 204
u1ave 1 d 0.991237
dpdx 1 d -0.00418178
zrotation 1 d 0.00495619
rmsmmu 20 d
 4.38882e-07 1.02684e-06 0.730944 1.14133 8.54698e-08 1.86833e-07 0.0759237 0.128993 0 0
 0 0 0 0 0 0 0 0 0 0
rmsmmqobij 20 d
 0.0759237 0.128993 0.2686 0.399304 0.223921 0.562785 0 0 0 0
 0 0 0 0 0 0 0 0 0 0
ITER 1 i 205
u1ave 1 d 0.991236
dpdx 1 d -0.00418178
zrotation 1 d 0.00495618
rmsmmu 20 d
 4.27476e-07 1.00057e-06 0.730944 1.14133 8.34077e-08 1.8224e-07 0.0759237 0.128993 0 0
 0 0 0 0 0 0 0 0 0 0
rmsmmqobij 20 d
 0.0759237 0.128993 0.2686 0.399303 0.223921 0.562785 0 0 0 0
 0 0 0 0 0 0 0 0 0 0
ITER 1 i 206
u1ave 1 d 0.991236
dpdx 1 d -0.00418178
zrotation 1 d 0.00495618
rmsmmu 20 d
 4.16334e-07 9.74889e-07 0.730943 1.14133 8.13872e-08 1.77743e-07 0.0759237 0.128993 0 0
 0 0 0 0 0 0 0 0 0 0
rmsmmqobij 20 d
 0.0759237 0.128993 0.2686 0.399302 0.223921 0.562786 0 0 0 0
 0 0 0 0 0 0 0 0 0 0
ITER 1 i 207
u1ave 1 d 0.991236
dpdx 1 d -0.00418178
zrotation 1 d 0.00495618
rmsmmu 20 d
 4.05451e-07 9.49785e-07 0.730943 1.14133 7.94078e-08 1.7334e-07 0.0759237 0.128993 0 0
 0 0 0 0 0 0 0 0 0 0
rmsmmqobij 20 d
 0.0759237 0.128993 0.2686 0.399301 0.223921 0.562786 0 0 0 0
 0 0 0 0 0 0 0 0 0 0
ITER 1 i 208
u1ave 1 d 0.991235
dpdx 1 d -0.00418178
zrotation 1 d 0.00495618
rmsmmu 20 d
 3.94822e-07 9.25248e-07 0.730943 1.14133 7.74689e-08 1.69031e-07 0.0759237 0.128993 0 0
 0 0 0 0 0 0 0 0 0 0
rmsmmqobij 20 d
 0.0759237 0.128993 0.2686 0.399301 0.223921 0.562786 0 0 0 0
 0 0 0 0 0 0 0 0 0 0
ITER 1 i 209
u1ave 1 d 0.991235
dpdx 1 d -0.00418178
zrotation 1 d 0.00495618
rmsmmu 20 d
 3.84442e-07 9.01269e-07 0.730942 1.14133 7.557e-08 1.64814e-07 0.0759237 0.128993 0 0
 0 0 0 0 0 0 0 0 0 0
rmsmmqobij 20 d
 0.0759237 0.128993 0.2686 0.3993 0.223921 0.562787 0 0 0 0
 0 0 0 0 0 0 0 0 0 0
ITER 1 i 210
u1ave 1 d 0.991234
dpdx 1 d -0.00418178
zrotation 1 d 0.00495617
rmsmmu 20 d
 3.74306e-07 8.77839e-07 0.730942 1.14133 7.37106e-08 1.60687e-07 0.0759237 0.128993 0 0
 0 0 0 0 0 0 0 0 0 0
rmsmmqobij 20 d
 0.0759237 0.128993 0.2686 0.399299 0.223921 0.562787 0 0 0 0
 0 0 0 0 0 0 0 0 0 0
ITER 1 i 211
u1ave 1 d 0.991234
dpdx 1 d -0.00418178
zrotation 1 d 0.00495617
rmsmmu 20 d
 3.64411e-07 8.54947e-07 0.730942 1.14133 7.18903e-08 1.5665e-07 0.0759237 0.128993 0 0
 0 0 0 0 0 0 0 0 0 0
rmsmmqobij 20 d
 0.0759237 0.128993 0.2686 0.399298 0.223921 0.562787 0 0 0 0
 0 0 0 0 0 0 0 0 0 0
ITER 1 i 212
u1ave 1 d 0.991234
dpdx 1 d -0.00418178
zrotation 1 d 0.00495617
rmsmmu 20 d
 3.5475e-07 8.32584e-07 0.730942 1.14133 7.01084e-08 1.527e-07 0.0759237 0.128993 0 0
 0 0 0 0 0 0 0 0 0 0
rmsmmqobij 20 d
 0.0759237 0.128993 0.2686 0.399297 0.223921 0.562788 0 0 0 0
 0 0 0 0 0 0 0 0 0 0
ITER 1 i 213
u1ave 1 d 0.991233
dpdx 1 d -0.00418178
zrotation 1 d 0.00495617
rmsmmu 20 d
 3.45321e-07 8.10742e-07 0.730941 1.14133 6.83644e-08 1.48837e-07 0.0759237 0.128993 0 0
 0 0 0 0 0 0 0 0 0 0
rmsmmqobij 20 d
 0.0759237 0.128993 0.2686 0.399297 0.223921 0.562788 0 0 0 0
 0 0 0 0 0 0 0 0 0 0
ITER 1 i 214
u1ave 1 d 0.991233
dpdx 1 d -0.00418178
zrotation 1 d 0.00495617
rmsmmu 20 d
 3.36117e-07 7.89409e-07 0.730941 1.14133 6.66578e-08 1.4506e-07 0.0759236 0.128993 0 0
 0 0 0 0 0 0 0 0 0 0
rmsmmqobij 20 d
 0.0759236 0.128993 0.2686 0.399296 0.223921 0.562788 0 0 0 0
 0 0 0 0 0 0 0 0 0 0
ITER 1 i 215
u1ave 1 d 0.991233
dpdx 1 d -0.00418178
zrotation 1 d 0.00495616
rmsmmu 20 d
 3.27135e-07 7.68577e-07 0.730941 1.14133 6.4988e-08 1.41366e-07 0.0759236 0.128993 0 0
 0 0 0 0 0 0 0 0 0 0
rmsmmqobij 20 d
 0.0759236 0.128993 0.2686 0.399295 0.223921 0.562789 0 0 0 0
 0 0 0 0 0 0 0 0 0 0
ITER 1 i 216
u1ave 1 d 0.991232
dpdx 1 d -0.00418178
zrotation 1 d 0.00495616
rmsmmu 20 d
 3.18371e-07 7.48236e-07 0.730941 1.14133 6.33545e-08 1.37755e-07 0.0759236 0.128993 0 0
 0 0 0 0 0 0 0 0 0 0
rmsmmqobij 20 d
 0.0759236 0.128993 0.2686 0.399294 0.223921 0.562789 0 0 0 0
 0 0 0 0 0 0 0 0 0 0
ITER 1 i 217
u1ave 1 d 0.991232
dpdx 1 d -0.00418178
zrotation 1 d 0.00495616
rmsmmu 20 d
 3.09819e-07 7.28378e-07 0.73094 1.14133 6.17567e-08 1.34225e-07 0.0759236 0.128992 0 0
 0 0 0 0 0 0 0 0 0 0
rmsmmqobij 20 d
 0.0759236 0.128992 0.2686 0.399294 0.22392 0.562789 0 0 0 0
 0 0 0 0 0 0 0 0 0 0
ITER 1 i 218
u1ave 1 d 0.991232
dpdx 1 d -0.00418178
zrotation 1 d 0.00495616
rmsmmu 20 d
 3.01475e-07 7.08992e-07 0.73094 1.14133 6.0194e-08 1.30774e-07 0.0759236 0.128992 0 0
 0 0 0 0 0 0 0 0 0 0
rmsmmqobij 20 d
 0.0759236 0.128992 0.2686 0.399293 0.22392 0.562789 0 0 0 0
 0 0 0 0 0 0 0 0 0 0
ITER 1 i 219
u1ave 1 d 0.991231
dpdx 1 d -0.00418178
zrotation 1 d 0.00495616
rmsmmu 20 d
 2.93336e-07 6.9007e-07 0.73094 1.14133 5.8666e-08 1.27402e-07 0.0759236 0.128992 0 0
 0 0 0 0 0 0 0 0 0 0
rmsmmqobij 20 d
 0.0759236 0.128992 0.2686 0.399292 0.22392 0.56279 0 0 0 0
 0 0 0 0 0 0 0 0 0 0
ITER 1 i 220
u1ave 1 d 0.991231
dpdx 1 d -0.00418178
zrotation 1 d 0.00495616
rmsmmu 20 d
 2.85397e-07 6.71603e-07 0.73094 1.14133 5.7172e-08 1.24107e-07 0.0759236 0.128992 0 0
 0 0 0 0 0 0 0 0 0 0
rmsmmqobij 20 d
 0.0759236 0.128992 0.268601 0.399292 0.22392 0.56279 0 0 0 0
 0 0 0 0 0 0 0 0 0 0
ITER 1 i 221
u1ave 1 d 0.991231
dpdx 1 d -0.00418178
zrotation 1 d 0.00495616
rmsmmu 20 d
 2.77654e-07 6.53581e-07 0.73094 1.14133 5.57114e-08 1.20888e-07 0.0759236 0.128992 0 0
 0 0 0 0 0 0 0 0 0 0
rmsmmqobij 20 d
 0.0759236 0.128992 0.268601 0.399291 0.22392 0.56279 0 0 0 0
 0 0 0 0 0 0 0 0 0 0
ITER 1 i 222
u1ave 1 d 0.991231
dpdx 1 d -0.00418178
zrotation 1 d 0.00495615
rmsmmu 20 d
 2.70102e-07 6.35996e-07 0.730939 1.14133 5.42837e-08 1.17743e-07 0.0759236 0.128992 0 0
 0 0 0 0 0 0 0 0 0 0
rmsmmqobij 20 d
 0.0759236 0.128992 0.268601 0.399291 0.22392 0.56279 0 0 0 0
 0 0 0 0 0 0 0 0 0 0
ITER 1 i 223
u1ave 1 d 0.99123
dpdx 1 d -0.00418178
zrotation 1 d 0.00495615
rmsmmu 20 d
 2.62739e-07 6.1884e-07 0.730939 1.14133 5.28884e-08 1.14671e-07 0.0759236 0.128992 0 0
 0 0 0 0 0 0 0 0 0 0
rmsmmqobij 20 d
 0.0759236 0.128992 0.268601 0.39929 0.22392 0.562791 0 0 0 0
 0 0 0 0 0 0 0 0 0 0
ITER 1 i 224
u1ave 1 d 0.99123
dpdx 1 d -0.00418178
zrotation 1 d 0.00495615
rmsmmu 20 d
 2.55558e-07 6.02102e-07 0.730939 1.14133 5.15249e-08 1.11671e-07 0.0759236 0.128992 0 0
 0 0 0 0 0 0 0 0 0 0
rmsmmqobij 20 d
 0.0759236 0.128992 0.268601 0.399289 0.22392 0.562791 0 0 0 0
 0 0 0 0 0 0 0 0 0 0
ITER 1 i 225
u1ave 1 d 0.99123
dpdx 1 d -0.00418178
zrotation 1 d 0.00495615
rmsmmu 20 d
 2.48558e-07 5.85775e-07 0.730939 1.14132 5.01925e-08 1.0874e-07 0.0759236 0.128992 0 0
 0 0 0 0 0 0 0 0 0 0
rmsmmqobij 20 d
 0.0759236 0.128992 0.268601 0.399289 0.22392 0.562791 0 0 0 0
 0 0 0 0 0 0 0 0 0 0
ITER 1 i 226
u1ave 1 d 0.99123
dpdx 1 d -0.00418178
zrotation 1 d 0.00495615
rmsmmu 20 d
 2.41733e-07 5.69851e-07 0.730939 1.14132 4.88909e-08 1.05879e-07 0.0759236 0.128992 0 0
 0 0 0 0 0 0 0 0 0 0
rmsmmqobij 20 d
 0.0759236 0.128992 0.268601 0.399288 0.22392 0.562791 0 0 0 0
 0 0 0 0 0 0 0 0 0 0
ITER 1 i 227
u1ave 1 d 0.991229
dpdx 1 d -0.00418178
zrotation 1 d 0.00495615
rmsmmu 20 d
 2.35081e-07 5.54321e-07 0.730938 1.14132 4.76193e-08 1.03086e-07 0.0759236 0.128992 0 0
 0 0 0 0 0 0 0 0 0 0
rmsmmqobij 20 d
 0.0759236 0.128992 0.268601 0.399288 0.22392 0.562791 0 0 0 0
 0 0 0 0 0 0 0 0 0 0
ITER 1 i 228
u1ave 1 d 0.991229
dpdx 1 d -0.00418178
zrotation 1 d 0.00495615
rmsmmu 20 d
 2.28596e-07 5.39176e-07 0.730938 1.14132 4.63773e-08 1.00359e-07 0.0759236 0.128992 0 0
 0 0 0 0 0 0 0 0 0 0
rmsmmqobij 20 d
 0.0759236 0.128992 0.268601 0.399287 0.22392 0.562792 0 0 0 0
 0 0 0 0 0 0 0 0 0 0
ITER 1 i 229
u1ave 1 d 0.991229
dpdx 1 d -0.00418178
zrotation 1 d 0.00495615
rmsmmu 20 d
 2.22277e-07 5.24409e-07 0.730938 1.14132 4.51643e-08 9.76965e-08 0.0759236 0.128992 0 0
 0 0 0 0 0 0 0 0 0 0
rmsmmqobij 20 d
 0.0759236 0.128992 0.268601 0.399287 0.22392 0.562792 0 0 0 0
 0 0 0 0 0 0 0 0 0 0
ITER 1 i 230
u1ave 1 d 0.991229
dpdx 1 d -0.00418178
zrotation 1 d 0.00495614
rmsmmu 20 d
 2.16118e-07 5.10011e-07 0.730938 1.14132 4.39798e-08 9.50982e-08 0.0759236 0.128992 0 0
 0 0 0 0 0 0 0 0 0 0
rmsmmqobij 20 d
 0.0759236 0.128992 0.268601 0.399286 0.22392 0.562792 0 0 0 0
 0 0 0 0 0 0 0 0 0 0
ITER 1 i 231
u1ave 1 d 0.991228
dpdx 1 d -0.00418178
zrotation 1 d 0.00495614
rmsmmu 20 d
 2.10116e-07 4.95975e-07 0.730938 1.14132 4.28232e-08 9.25625e-08 0.0759236 0.128992 0 0
 0 0 0 0 0 0 0 0 0 0
rmsmmqobij 20 d
 0.0759236 0.128992 0.268601 0.399286 0.22392 0.562792 0 0 0 0
 0 0 0 0 0 0 0 0 0 0
ITER 1 i 232
u1ave 1 d 0.991228
dpdx 1 d -0.00418178
zrotation 1 d 0.00495614
rmsmmu 20 d
 2.04269e-07 4.82293e-07 0.730938 1.14132 4.1694e-08 9.00881e-08 0.0759236 0.128992 0 0
 0 0 0 0 0 0 0 0 0 0
rmsmmqobij 20 d
 0.0759236 0.128992 0.268601 0.399285 0.22392 0.562792 0 0 0 0
 0 0 0 0 0 0 0 0 0 0
ITER 1 i 233
u1ave 1 d 0.991228
dpdx 1 d -0.00418178
zrotation 1 d 0.00495614
rmsmmu 20 d
 1.98571e-07 4.68957e-07 0.730938 1.14132 4.05917e-08 8.76737e-08 0.0759236 0.128992 0 0
 0 0 0 0 0 0 0 0 0 0
rmsmmqobij 20 d
 0.0759236 0.128992 0.268601 0.399285 0.22392 0.562792 0 0 0 0
 0 0 0 0 0 0 0 0 0 0
ITER 1 i 234
u1ave 1 d 0.991228
dpdx 1 d -0.00418178
zrotation 1 d 0.00495614
rmsmmu 20 d
 1.93021e-07 4.55959e-07 0.730937 1.14132 3.95157e-08 8.53181e-08 0.0759236 0.128992 0 0
 0 0 0 0 0 0 0 0 0 0
rmsmmqobij 20 d
 0.0759236 0.128992 0.268601 0.399284 0.22392 0.562793 0 0 0 0
 0 0 0 0 0 0 0 0 0 0
ITER 1 i 235
u1ave 1 d 0.991228
dpdx 1 d -0.00418178
zrotation 1 d 0.00495614
rmsmmu 20 d
 1.87614e-07 4.43292e-07 0.730937 1.14132 3.84656e-08 8.30202e-08 0.0759236 0.128992 0 0
 0 0 0 0 0 0 0 0 0 0
rmsmmqobij 20 d
 0.0759236 0.128992 0.268601 0.399284 0.22392 0.562793 0 0 0 0
 0 0 0 0 0 0 0 0 0 0
ITER 1 i 236
u1ave 1 d 0.991228
dpdx 1 d -0.00418178
zrotation 1 d 0.00495614
rmsmmu 20 d
 1.82348e-07 4.30949e-07 0.730937 1.14132 3.74407e-08 8.07787e-08 0.0759236 0.128992 0 0
 0 0 0 0 0 0 0 0 0 0
rmsmmqobij 20 d
 0.0759236 0.128992 0.268601 0.399283 0.22392 0.562793 0 0 0 0
 0 0 0 0 0 0 0 0 0 0
ITER 1 i 237
u1ave 1 d 0.991227
dpdx 1 d -0.00418178
zrotation 1 d 0.00495614
rmsmmu 20 d
 1.77218e-07 4.18923e-07 0.730937 1.14132 3.64406e-08 7.85925e-08 0.0759236 0.128992 0 0
 0 0 0 0 0 0 0 0 0 0
rmsmmqobij 20 d
 0.0759236 0.128992 0.268601 0.399283 0.22392 0.562793 0 0 0 0
 0 0 0 0 0 0 0 0 0 0
ITER 1 i 238
u1ave 1 d 0.991227
dpdx 1 d -0.00418178
zrotation 1 d 0.00495614
rmsmmu 20 d
 1.72223e-07 4.07206e-07 0.730937 1.14132 3.54649e-08 7.64604e-08 0.0759236 0.128991 0 0
 0 0 0 0 0 0 0 0 0 0
rmsmmqobij 20 d
 0.0759236 0.128991 0.268601 0.399283 0.22392 0.562793 0 0 0 0
 0 0 0 0 0 0 0 0 0 0
ITER 1 i 239
u1ave 1 d 0.991227
dpdx 1 d -0.00418178
zrotation 1 d 0.00495614
rmsmmu 20 d
 1.67358e-07 3.95791e-07 0.730937 1.14132 3.45129e-08 7.43812e-08 0.0759236 0.128991 0 0
 0 0 0 0 0 0 0 0 0 0
rmsmmqobij 20 d
 0.0759236 0.128991 0.268601 0.399282 0.22392 0.562793 0 0 0 0
 0 0 0 0 0 0 0 0 0 0
ITER 1 i 240
u1ave 1 d 0.991227
dpdx 1 d -0.00418178
zrotation 1 d 0.00495614
rmsmmu 20 d
 1.62621e-07 3.84672e-07 0.730937 1.14132 3.35843e-08 7.23539e-08 0.0759236 0.128991 0 0
 0 0 0 0 0 0 0 0 0 0
rmsmmqobij 20 d
 0.0759236 0.128991 0.268601 0.399282 0.22392 0.562793 0 0 0 0
 0 0 0 0 0 0 0 0 0 0
ITER 1 i 241
u1ave 1 d 0.991227
dpdx 1 d -0.00418178
zrotation 1 d 0.00495613
rmsmmu 20 d
 1.58009e-07 3.73842e-07 0.730937 1.14132 3.26784e-08 7.03773e-08 0.0759236 0.128991 0 0
 0 0 0 0 0 0 0 0 0 0
rmsmmqobij 20 d
 0.0759236 0.128991 0.268601 0.399281 0.22392 0.562794 0 0 0 0
 0 0 0 0 0 0 0 0 0 0
ITER 1 i 242
u1ave 1 d 0.991227
dpdx 1 d -0.00418178
zrotation 1 d 0.00495613
rmsmmu 20 d
 1.53518e-07 3.63294e-07 0.730937 1.14132 3.1795e-08 6.84503e-08 0.0759236 0.128991 0 0
 0 0 0 0 0 0 0 0 0 0
rmsmmqobij 20 d
 0.0759236 0.128991 0.268601 0.399281 0.22392 0.562794 0 0 0 0
 0 0 0 0 0 0 0 0 0 0
ITER 1 i 243
u1ave 1 d 0.991226
dpdx 1 d -0.00418178
zrotation 1 d 0.00495613
rmsmmu 20 d
 1.49147e-07 3.53021e-07 0.730936 1.14132 3.09334e-08 6.65718e-08 0.0759236 0.128991 0 0
 0 0 0 0 0 0 0 0 0 0
rmsmmqobij 20 d
 0.0759236 0.128991 0.268601 0.399281 0.22392 0.562794 0 0 0 0
 0 0 0 0 0 0 0 0 0 0
ITER 1 i 244
u1ave 1 d 0.991226
dpdx 1 d -0.00418178
zrotation 1 d 0.00495613
rmsmmu 20 d
 1.44891e-07 3.43018e-07 0.730936 1.14132 3.00932e-08 6.47409e-08 0.0759236 0.128991 0 0
 0 0 0 0 0 0 0 0 0 0
rmsmmqobij 20 d
 0.0759236 0.128991 0.268601 0.39928 0.22392 0.562794 0 0 0 0
 0 0 0 0 0 0 0 0 0 0
ITER 1 i 245
u1ave 1 d 0.991226
dpdx 1 d -0.00418178
zrotation 1 d 0.00495613
rmsmmu 20 d
 1.40749e-07 3.33278e-07 0.730936 1.14132 2.92739e-08 6.29563e-08 0.0759236 0.128991 0 0
 0 0 0 0 0 0 0 0 0 0
rmsmmqobij 20 d
 0.0759236 0.128991 0.268601 0.39928 0.22392 0.562794 0 0 0 0
 0 0 0 0 0 0 0 0 0 0
ITER 1 i 246
u1ave 1 d 0.991226
dpdx 1 d -0.00418178
zrotation 1 d 0.00495613
rmsmmu 20 d
 1.36718e-07 3.23794e-07 0.730936 1.14132 2.84752e-08 6.12172e-08 0.0759236 0.128991 0 0
 0 0 0 0 0 0 0 0 0 0
rmsmmqobij 20 d
 0.0759236 0.128991 0.268601 0.39928 0.22392 0.562794 0 0 0 0
 0 0 0 0 0 0 0 0 0 0
ITER 1 i 247
u1ave 1 d 0.991226
dpdx 1 d -0.00418178
zrotation 1 d 0.00495613
rmsmmu 20 d
 1.32794e-07 3.14562e-07 0.730936 1.14132 2.76965e-08 5.95225e-08 0.0759236 0.128991 0 0
 0 0 0 0 0 0 0 0 0 0
rmsmmqobij 20 d
 0.0759236 0.128991 0.268601 0.399279 0.22392 0.562794 0 0 0 0
 0 0 0 0 0 0 0 0 0 0
ITER 1 i 248
u1ave 1 d 0.991226
dpdx 1 d -0.00418178
zrotation 1 d 0.00495613
rmsmmu 20 d
 1.28975e-07 3.05574e-07 0.730936 1.14132 2.69375e-08 5.78711e-08 0.0759235 0.128991 0 0
 0 0 0 0 0 0 0 0 0 0
rmsmmqobij 20 d
 0.0759235 0.128991 0.268601 0.399279 0.22392 0.562794 0 0 0 0
 0 0 0 0 0 0 0 0 0 0
ITER 1 i 249
u1ave 1 d 0.991226
dpdx 1 d -0.00418178
zrotation 1 d 0.00495613
rmsmmu 20 d
 1.2526e-07 2.96825e-07 0.730936 1.14132 2.61976e-08 5.62622e-08 0.0759235 0.128991 0 0
 0 0 0 0 0 0 0 0 0 0
rmsmmqobij 20 d
 0.0759235 0.128991 0.268601 0.399279 0.22392 0.562795 0 0 0 0
 0 0 0 0 0 0 0 0 0 0
ITER 1 i 250
u1ave 1 d 0.991226
dpdx 1 d -0.00418178
zrotation 1 d 0.00495613
rmsmmu 20 d
 1.21644e-07 2.88309e-07 0.730936 1.14132 2.54765e-08 5.46947e-08 0.0759235 0.128991 0 0
 0 0 0 0 0 0 0 0 0 0
rmsmmqobij 20 d
 0.0759235 0.128991 0.268601 0.399278 0.22392 0.562795 0 0 0 0
 0 0 0 0 0 0 0 0 0 0
ITER 1 i 251
u1ave 1 d 0.991225
dpdx 1 d -0.00418178
zrotation 1 d 0.00495613
rmsmmu 20 d
 1.18126e-07 2.80022e-07 0.730936 1.14132 2.47738e-08 5.31678e-08 0.0759235 0.128991 0 0
 0 0 0 0 0 0 0 0 0 0
rmsmmqobij 20 d
 0.0759235 0.128991 0.268601 0.399278 0.22392 0.562795 0 0 0 0
 0 0 0 0 0 0 0 0 0 0
ITER 1 i 252
u1ave 1 d 0.991225
dpdx 1 d -0.00418178
zrotation 1 d 0.00495613
rmsmmu 20 d
 1.14704e-07 2.71956e-07 0.730936 1.14132 2.4089e-08 5.16804e-08 0.0759235 0.128991 0 0
 0 0 0 0 0 0 0 0 0 0
rmsmmqobij 20 d
 0.0759235 0.128991 0.268601 0.399278 0.22392 0.562795 0 0 0 0
 0 0 0 0 0 0 0 0 0 0
ITER 1 i 253
u1ave 1 d 0.991225
dpdx 1 d -0.00418178
zrotation 1 d 0.00495613
rmsmmu 20 d
 1.11375e-07 2.64107e-07 0.730936 1.14132 2.34217e-08 5.02317e-08 0.0759235 0.128991 0 0
 0 0 0 0 0 0 0 0 0 0
rmsmmqobij 20 d
 0.0759235 0.128991 0.268601 0.399278 0.22392 0.562795 0 0 0 0
 0 0 0 0 0 0 0 0 0 0
ITER 1 i 254
u1ave 1 d 0.991225
dpdx 1 d -0.00418178
zrotation 1 d 0.00495613
rmsmmu 20 d
 1.08136e-07 2.5647e-07 0.730935 1.14132 2.27716e-08 4.88208e-08 0.0759235 0.128991 0 0
 0 0 0 0 0 0 0 0 0 0
rmsmmqobij 20 d
 0.0759235 0.128991 0.268601 0.399277 0.22392 0.562795 0 0 0 0
 0 0 0 0 0 0 0 0 0 0
ITER 1 i 255
u1ave 1 d 0.991225
dpdx 1 d -0.00418178
zrotation 1 d 0.00495613
rmsmmu 20 d
 1.04986e-07 2.49039e-07 0.730935 1.14132 2.21382e-08 4.74467e-08 0.0759235 0.128991 0 0
 0 0 0 0 0 0 0 0 0 0
rmsmmqobij 20 d
 0.0759235 0.128991 0.268601 0.399277 0.22392 0.562795 0 0 0 0
 0 0 0 0 0 0 0 0 0 0
ITER 1 i 256
u1ave 1 d 0.991225
dpdx 1 d -0.00418178
zrotation 1 d 0.00495613
rmsmmu 20 d
 1.01922e-07 2.4181e-07 0.730935 1.14132 2.15212e-08 4.61087e-08 0.0759235 0.128991 0 0
 0 0 0 0 0 0 0 0 0 0
rmsmmqobij 20 d
 0.0759235 0.128991 0.268601 0.399277 0.22392 0.562795 0 0 0 0
 0 0 0 0 0 0 0 0 0 0
ITER 1 i 257
u1ave 1 d 0.991225
dpdx 1 d -0.00418178
zrotation 1 d 0.00495612
rmsmmu 20 d
 9.89418e-08 2.34777e-07 0.730935 1.14132 2.09202e-08 4.48059e-08 0.0759235 0.128991 0 0
 0 0 0 0 0 0 0 0 0 0
rmsmmqobij 20 d
 0.0759235 0.128991 0.268601 0.399276 0.22392 0.562795 0 0 0 0
 0 0 0 0 0 0 0 0 0 0
ITER 1 i 258
u1ave 1 d 0.991225
dpdx 1 d -0.00418178
zrotation 1 d 0.00495612
rmsmmu 20 d
 9.60438e-08 2.27935e-07 0.730935 1.14132 2.03347e-08 4.35374e-08 0.0759235 0.128991 0 0
 0 0 0 0 0 0 0 0 0 0
rmsmmqobij 20 d
 0.0759235 0.128991 0.268601 0.399276 0.22392 0.562795 0 0 0 0
 0 0 0 0 0 0 0 0 0 0
ITER 1 i 259
u1ave 1 d 0.991225
dpdx 1 d -0.00418178
zrotation 1 d 0.00495612
rmsmmu 20 d
 9.32257e-08 2.2128e-07 0.730935 1.14132 1.97646e-08 4.23025e-08 0.0759235 0.128991 0 0
 0 0 0 0 0 0 0 0 0 0
rmsmmqobij 20 d
 0.0759235 0.128991 0.268601 0.399276 0.22392 0.562795 0 0 0 0
 0 0 0 0 0 0 0 0 0 0
ITER 1 i 260
u1ave 1 d 0.991225
dpdx 1 d -0.00418178
zrotation 1 d 0.00495612
rmsmmu 20 d
 9.04854e-08 2.14808e-07 0.730935 1.14132 1.92094e-08 4.11003e-08 0.0759235 0.128991 0 0
 0 0 0 0 0 0 0 0 0 0
rmsmmqobij 20 d
 0.0759235 0.128991 0.268601 0.399276 0.22392 0.562795 0 0 0 0
 0 0 0 0 0 0 0 0 0 0
ITER 1 i 261
u1ave 1 d 0.991224
dpdx 1 d -0.00418178
zrotation 1 d 0.00495612
rmsmmu 20 d
 8.7821e-08 2.08513e-07 0.730935 1.14132 1.86687e-08 3.993e-08 0.0759235 0.128991 0 0
 0 0 0 0 0 0 0 0 0 0
rmsmmqobij 20 d
 0.0759235 0.128991 0.268601 0.399276 0.22392 0.562796 0 0 0 0
 0 0 0 0 0 0 0 0 0 0
ITER 1 i 262
u1ave 1 d 0.991224
dpdx 1 d -0.00418178
zrotation 1 d 0.00495612
rmsmmu 20 d
 8.52306e-08 2.02391e-07 0.730935 1.14132 1.81422e-08 3.87909e-08 0.0759235 0.128991 0 0
 0 0 0 0 0 0 0 0 0 0
rmsmmqobij 20 d
 0.0759235 0.128991 0.268601 0.399275 0.22392 0.562796 0 0 0 0
 0 0 0 0 0 0 0 0 0 0
ITER 1 i 263
u1ave 1 d 0.991224
dpdx 1 d -0.00418178
zrotation 1 d 0.00495612
rmsmmu 20 d
 8.27122e-08 1.96438e-07 0.730935 1.14132 1.76296e-08 3.76823e-08 0.0759235 0.128991 0 0
 0 0 0 0 0 0 0 0 0 0
rmsmmqobij 20 d
 0.0759235 0.128991 0.268601 0.399275 0.22392 0.562796 0 0 0 0
 0 0 0 0 0 0 0 0 0 0
ITER 1 i 264
u1ave 1 d 0.991224
dpdx 1 d -0.00418178
zrotation 1 d 0.00495612
rmsmmu 20 d
 8.0264e-08 1.90649e-07 0.730935 1.14132 1.71305e-08 3.66034e-08 0.0759235 0.128991 0 0
 0 0 0 0 0 0 0 0 0 0
rmsmmqobij 20 d
 0.0759235 0.128991 0.268601 0.399275 0.22392 0.562796 0 0 0 0
 0 0 0 0 0 0 0 0 0 0
ITER 1 i 265
u1ave 1 d 0.991224
dpdx 1 d -0.00418178
zrotation 1 d 0.00495612
rmsmmu 20 d
 7.78842e-08 1.85021e-07 0.730935 1.14132 1.66447e-08 3.55534e-08 0.0759235 0.128991 0 0
 0 0 0 0 0 0 0 0 0 0
rmsmmqobij 20 d
 0.0759235 0.128991 0.268601 0.399275 0.22392 0.562796 0 0 0 0
 0 0 0 0 0 0 0 0 0 0
ITER 1 i 266
u1ave 1 d 0.991224
dpdx 1 d -0.00418178
zrotation 1 d 0.00495612
rmsmmu 20 d
 7.5571e-08 1.79548e-07 0.730935 1.14132 1.61717e-08 3.45317e-08 0.0759235 0.128991 0 0
 0 0 0 0 0 0 0 0 0 0
rmsmmqobij 20 d
 0.0759235 0.128991 0.268601 0.399274 0.22392 0.562796 0 0 0 0
 0 0 0 0 0 0 0 0 0 0
ITER 1 i 267
u1ave 1 d 0.991224
dpdx 1 d -0.00418178
zrotation 1 d 0.00495612
rmsmmu 20 d
 7.33228e-08 1.74229e-07 0.730935 1.14132 1.57114e-08 3.35376e-08 0.0759235 0.128991 0 0
 0 0 0 0 0 0 0 0 0 0
rmsmmqobij 20 d
 0.0759235 0.128991 0.268601 0.399274 0.22392 0.562796 0 0 0 0
 0 0 0 0 0 0 0 0 0 0
ITER 1 i 268
u1ave 1 d 0.991224
dpdx 1 d -0.00418178
zrotation 1 d 0.00495612
rmsmmu 20 d
 7.11377e-08 1.69057e-07 0.730935 1.14132 1.52633e-08 3.25703e-08 0.0759235 0.128991 0 0
 0 0 0 0 0 0 0 0 0 0
rmsmmqobij 20 d
 0.0759235 0.128991 0.268601 0.399274 0.22392 0.562796 0 0 0 0
 0 0 0 0 0 0 0 0 0 0
ITER 1 i 269
u1ave 1 d 0.991224
dpdx 1 d -0.00418178
zrotation 1 d 0.00495612
rmsmmu 20 d
 6.90142e-08 1.6403e-07 0.730935 1.14132 1.48272e-08 3.16293e-08 0.0759235 0.128991 0 0
 0 0 0 0 0 0 0 0 0 0
rmsmmqobij 20 d
 0.0759235 0.128991 0.268601 0.399274 0.22392 0.562796 0 0 0 0
 0 0 0 0 0 0 0 0 0 0
ITER 1 i 270
u1ave 1 d 0.991224
dpdx 1 d -0.00418178
zrotation 1 d 0.00495612
rmsmmu 20 d
 6.69507e-08 1.59144e-07 0.730935 1.14132 1.44029e-08 3.07139e-08 0.0759235 0.128991 0 0
 0 0 0 0 0 0 0 0 0 0
rmsmmqobij 20 d
 0.0759235 0.128991 0.268601 0.399274 0.22392 0.562796 0 0 0 0
 0 0 0 0 0 0 0 0 0 0
ITER 1 i 271
u1ave 1 d 0.991224
dpdx 1 d -0.00418178
zrotation 1 d 0.00495612
rmsmmu 20 d
 6.49455e-08 1.54395e-07 0.730935 1.14132 1.39899e-08 2.98234e-08 0.0759235 0.128991 0 0
 0 0 0 0 0 0 0 0 0 0
rmsmmqobij 20 d
 0.0759235 0.128991 0.268601 0.399274 0.22392 0.562796 0 0 0 0
 0 0 0 0 0 0 0 0 0 0
ITER 1 i 272
u1ave 1 d 0.991224
dpdx 1 d -0.00418178
zrotation 1 d 0.00495612
rmsmmu 20 d
 6.29972e-08 1.4978e-07 0.730934 1.14132 1.35881e-08 2.89572e-08 0.0759235 0.128991 0 0
 0 0 0 0 0 0 0 0 0 0
rmsmmqobij 20 d
 0.0759235 0.128991 0.268601 0.399273 0.22392 0.562796 0 0 0 0
 0 0 0 0 0 0 0 0 0 0
ITER 1 i 273
u1ave 1 d 0.991224
dpdx 1 d -0.00418178
zrotation 1 d 0.00495612
rmsmmu 20 d
 6.11042e-08 1.45294e-07 0.730934 1.14132 1.31971e-08 2.81147e-08 0.0759235 0.128991 0 0
 0 0 0 0 0 0 0 0 0 0
rmsmmqobij 20 d
 0.0759235 0.128991 0.268601 0.399273 0.22392 0.562796 0 0 0 0
 0 0 0 0 0 0 0 0 0 0
ITER 1 i 274
u1ave 1 d 0.991224
dpdx 1 d -0.00418178
zrotation 1 d 0.00495612
rmsmmu 20 d
 5.92651e-08 1.40936e-07 0.730934 1.14132 1.28168e-08 2.72953e-08 0.0759235 0.128991 0 0
 0 0 0 0 0 0 0 0 0 0
rmsmmqobij 20 d
 0.0759235 0.128991 0.268601 0.399273 0.22392 0.562796 0 0 0 0
 0 0 0 0 0 0 0 0 0 0
ITER 1 i 275
u1ave 1 d 0.991224
dpdx 1 d -0.00418178
zrotation 1 d 0.00495612
rmsmmu 20 d
 5.74785e-08 1.36701e-07 0.730934 1.14132 1.24467e-08 2.64985e-08 0.0759235 0.128991 0 0
 0 0 0 0 0 0 0 0 0 0
rmsmmqobij 20 d
 0.0759235 0.128991 0.268601 0.399273 0.22392 0.562796 0 0 0 0
 0 0 0 0 0 0 0 0 0 0
ITER 1 i 276
u1ave 1 d 0.991224
dpdx 1 d -0.00418178
zrotation 1 d 0.00495612
rmsmmu 20 d
 5.57429e-08 1.32586e-07 0.730934 1.14132 1.20867e-08 2.57236e-08 0.0759235 0.128991 0 0
 0 0 0 0 0 0 0 0 0 0
rmsmmqobij 20 d
 0.0759235 0.128991 0.268601 0.399273 0.22392 0.562796 0 0 0 0
 0 0 0 0 0 0 0 0 0 0
ITER 1 i 277
u1ave 1 d 0.991223
dpdx 1 d -0.00418178
zrotation 1 d 0.00495612
rmsmmu 20 d
 5.4057e-08 1.28588e-07 0.730934 1.14132 1.17366e-08 2.49701e-08 0.0759235 0.128991 0 0
 0 0 0 0 0 0 0 0 0 0
rmsmmqobij 20 d
 0.0759235 0.128991 0.268601 0.399273 0.22392 0.562796 0 0 0 0
 0 0 0 0 0 0 0 0 0 0
ITER 1 i 278
u1ave 1 d 0.991223
dpdx 1 d -0.00418178
zrotation 1 d 0.00495612
rmsmmu 20 d
 5.24195e-08 1.24704e-07 0.730934 1.14132 1.1396e-08 2.42374e-08 0.0759235 0.128991 0 0
 0 0 0 0 0 0 0 0 0 0
rmsmmqobij 20 d
 0.0759235 0.128991 0.268601 0.399273 0.22392 0.562796 0 0 0 0
 0 0 0 0 0 0 0 0 0 0
ITER 1 i 279
u1ave 1 d 0.991223
dpdx 1 d -0.00418178
zrotation 1 d 0.00495612
rmsmmu 20 d
 5.08291e-08 1.20931e-07 0.730934 1.14132 1.10647e-08 2.35251e-08 0.0759235 0.128991 0 0
 0 0 0 0 0 0 0 0 0 0
rmsmmqobij 20 d
 0.0759235 0.128991 0.268601 0.399272 0.22392 0.562797 0 0 0 0
 0 0 0 0 0 0 0 0 0 0
ITER 1 i 280
u1ave 1 d 0.991223
dpdx 1 d -0.00418178
zrotation 1 d 0.00495612
rmsmmu 20 d
 4.92845e-08 1.17266e-07 0.730934 1.14132 1.07425e-08 2.28326e-08 0.0759235 0.128991 0 0
 0 0 0 0 0 0 0 0 0 0
rmsmmqobij 20 d
 0.0759235 0.128991 0.268601 0.399272 0.22392 0.562797 0 0 0 0
 0 0 0 0 0 0 0 0 0 0
ITER 1 i 281
u1ave 1 d 0.991223
dpdx 1 d -0.00418178
zrotation 1 d 0.00495612
rmsmmu 20 d
 4.77844e-08 1.13706e-07 0.730934 1.14132 1.04292e-08 2.21593e-08 0.0759235 0.128991 0 0
 0 0 0 0 0 0 0 0 0 0
rmsmmqobij 20 d
 0.0759235 0.128991 0.268601 0.399272 0.22392 0.562797 0 0 0 0
 0 0 0 0 0 0 0 0 0 0
ITER 1 i 282
u1ave 1 d 0.991223
dpdx 1 d -0.00418178
zrotation 1 d 0.00495612
rmsmmu 20 d
 4.63277e-08 1.10248e-07 0.730934 1.14132 1.01246e-08 2.15048e-08 0.0759235 0.128991 0 0
 0 0 0 0 0 0 0 0 0 0
rmsmmqobij 20 d
 0.0759235 0.128991 0.268601 0.399272 0.22392 0.562797 0 0 0 0
 0 0 0 0 0 0 0 0 0 0
ITER 1 i 283
u1ave 1 d 0.991223
dpdx 1 d -0.00418178
zrotation 1 d 0.00495612
rmsmmu 20 d
 4.49132e-08 1.0689e-07 0.730934 1.14132 9.82832e-09 2.08687e-08 0.0759235 0.128991 0 0
 0 0 0 0 0 0 0 0 0 0
rmsmmqobij 20 d
 0.0759235 0.128991 0.268601 0.399272 0.22392 0.562797 0 0 0 0
 0 0 0 0 0 0 0 0 0 0
ITER 1 i 284
u1ave 1 d 0.991223
dpdx 1 d -0.00418178
zrotation 1 d 0.00495612
rmsmmu 20 d
 4.35398e-08 1.03629e-07 0.730934 1.14132 9.54028e-09 2.02503e-08 0.0759235 0.128991 0 0
 0 0 0 0 0 0 0 0 0 0
rmsmmqobij 20 d
 0.0759235 0.128991 0.268601 0.399272 0.22392 0.562797 0 0 0 0
 0 0 0 0 0 0 0 0 0 0
ITER 1 i 285
u1ave 1 d 0.991223
dpdx 1 d -0.00418178
zrotation 1 d 0.00495612
rmsmmu 20 d
 4.22062e-08 1.00462e-07 0.730934 1.14132 9.26022e-09 1.96494e-08 0.0759235 0.128991 0 0
 0 0 0 0 0 0 0 0 0 0
rmsmmqobij 20 d
 0.0759235 0.128991 0.268601 0.399272 0.22392 0.562797 0 0 0 0
 0 0 0 0 0 0 0 0 0 0
ITER 1 i 286
u1ave 1 d 0.991223
dpdx 1 d -0.00418178
zrotation 1 d 0.00495612
rmsmmu 20 d
 4.09115e-08 9.73861e-08 0.730934 1.14132 8.98796e-09 1.90653e-08 0.0759235 0.128991 0 0
 0 0 0 0 0 0 0 0 0 0
rmsmmqobij 20 d
 0.0759235 0.128991 0.268601 0.399272 0.22392 0.562797 0 0 0 0
 0 0 0 0 0 0 0 0 0 0
ITER 1 i 287
u1ave 1 d 0.991223
dpdx 1 d -0.00418178
zrotation 1 d 0.00495612
rmsmmu 20 d
 3.96546e-08 9.43999e-08 0.730934 1.14132 8.72328e-09 1.84977e-08 0.0759235 0.128991 0 0
 0 0 0 0 0 0 0 0 0 0
rmsmmqobij 20 d
 0.0759235 0.128991 0.268601 0.399271 0.22392 0.562797 0 0 0 0
 0 0 0 0 0 0 0 0 0 0
ITER 1 i 288
u1ave 1 d 0.991223
dpdx 1 d -0.00418178
zrotation 1 d 0.00495612
rmsmmu 20 d
 3.84345e-08 9.15005e-08 0.730934 1.14132 8.46598e-09 1.79461e-08 0.0759235 0.128991 0 0
 0 0 0 0 0 0 0 0 0 0
rmsmmqobij 20 d
 0.0759235 0.128991 0.268601 0.399271 0.22392 0.562797 0 0 0 0
 0 0 0 0 0 0 0 0 0 0
ITER 1 i 289
u1ave 1 d 0.991223
dpdx 1 d -0.00418178
zrotation 1 d 0.00495612
rmsmmu 20 d
 3.72501e-08 8.86855e-08 0.730934 1.14132 8.21589e-09 1.74101e-08 0.0759235 0.128991 0 0
 0 0 0 0 0 0 0 0 0 0
rmsmmqobij 20 d
 0.0759235 0.128991 0.268601 0.399271 0.22392 0.562797 0 0 0 0
 0 0 0 0 0 0 0 0 0 0
ITER 1 i 290
u1ave 1 d 0.991223
dpdx 1 d -0.00418178
zrotation 1 d 0.00495611
rmsmmu 20 d
 3.61004e-08 8.59527e-08 0.730934 1.14132 7.9728e-09 1.68894e-08 0.0759235 0.128991 0 0
 0 0 0 0 0 0 0 0 0 0
rmsmmqobij 20 d
 0.0759235 0.128991 0.268601 0.399271 0.22392 0.562797 0 0 0 0
 0 0 0 0 0 0 0 0 0 0
ITER 1 i 291
u1ave 1 d 0.991223
dpdx 1 d -0.00418178
zrotation 1 d 0.00495611
rmsmmu 20 d
 3.49845e-08 8.32997e-08 0.730934 1.14132 7.73654e-09 1.63834e-08 0.0759235 0.128991 0 0
 0 0 0 0 0 0 0 0 0 0
rmsmmqobij 20 d
 0.0759235 0.128991 0.268601 0.399271 0.22392 0.562797 0 0 0 0
 0 0 0 0 0 0 0 0 0 0
ITER 1 i 292
u1ave 1 d 0.991223
dpdx 1 d -0.00418178
zrotation 1 d 0.00495611
rmsmmu 20 d
 3.39015e-08 8.07244e-08 0.730934 1.14132 7.50693e-09 1.58918e-08 0.0759235 0.128991 0 0
 0 0 0 0 0 0 0 0 0 0
rmsmmqobij 20 d
 0.0759235 0.128991 0.268601 0.399271 0.22392 0.562797 0 0 0 0
 0 0 0 0 0 0 0 0 0 0
ITER 1 i 293
u1ave 1 d 0.991223
dpdx 1 d -0.00418178
zrotation 1 d 0.00495611
rmsmmu 20 d
 3.28504e-08 7.82247e-08 0.730934 1.14132 7.2838e-09 1.54143e-08 0.0759235 0.128991 0 0
 0 0 0 0 0 0 0 0 0 0
rmsmmqobij 20 d
 0.0759235 0.128991 0.268601 0.399271 0.22392 0.562797 0 0 0 0
 0 0 0 0 0 0 0 0 0 0
ITER 1 i 294
u1ave 1 d 0.991223
dpdx 1 d -0.00418178
zrotation 1 d 0.00495611
rmsmmu 20 d
 3.18303e-08 7.57985e-08 0.730934 1.14132 7.06696e-09 1.49503e-08 0.0759235 0.128991 0 0
 0 0 0 0 0 0 0 0 0 0
rmsmmqobij 20 d
 0.0759235 0.128991 0.268601 0.399271 0.22392 0.562797 0 0 0 0
 0 0 0 0 0 0 0 0 0 0
ITER 1 i 295
u1ave 1 d 0.991223
dpdx 1 d -0.00418178
zrotation 1 d 0.00495611
rmsmmu 20 d
 3.08405e-08 7.34437e-08 0.730934 1.14132 6.85626e-09 1.44997e-08 0.0759235 0.128991 0 0
 0 0 0 0 0 0 0 0 0 0
rmsmmqobij 20 d
 0.0759235 0.128991 0.268601 0.399271 0.22392 0.562797 0 0 0 0
 0 0 0 0 0 0 0 0 0 0
ITER 1 i 296
u1ave 1 d 0.991223
dpdx 1 d -0.00418178
zrotation 1 d 0.00495611
rmsmmu 20 d
 2.988e-08 7.11584e-08 0.730934 1.14132 6.65154e-09 1.4062e-08 0.0759235 0.128991 0 0
 0 0 0 0 0 0 0 0 0 0
rmsmmqobij 20 d
 0.0759235 0.128991 0.268601 0.399271 0.22392 0.562797 0 0 0 0
 0 0 0 0 0 0 0 0 0 0
ITER 1 i 297
u1ave 1 d 0.991223
dpdx 1 d -0.00418178
zrotation 1 d 0.00495611
rmsmmu 20 d
 2.8948e-08 6.89407e-08 0.730934 1.14132 6.45263e-09 1.36369e-08 0.0759235 0.128991 0 0
 0 0 0 0 0 0 0 0 0 0
rmsmmqobij 20 d
 0.0759235 0.128991 0.268601 0.39927 0.22392 0.562797 0 0 0 0
 0 0 0 0 0 0 0 0 0 0
ITER 1 i 298
u1ave 1 d 0.991223
dpdx 1 d -0.00418178
zrotation 1 d 0.00495611
rmsmmu 20 d
 2.80438e-08 6.67886e-08 0.730934 1.14132 6.25938e-09 1.32239e-08 0.0759235 0.128991 0 0
 0 0 0 0 0 0 0 0 0 0
rmsmmqobij 20 d
 0.0759235 0.128991 0.268601 0.39927 0.22392 0.562797 0 0 0 0
 0 0 0 0 0 0 0 0 0 0
ITER 1 i 299
u1ave 1 d 0.991223
dpdx 1 d -0.00418178
zrotation 1 d 0.00495611
rmsmmu 20 d
 2.71665e-08 6.47003e-08 0.730934 1.14132 6.07164e-09 1.28229e-08 0.0759235 0.128991 0 0
 0 0 0 0 0 0 0 0 0 0
rmsmmqobij 20 d
 0.0759235 0.128991 0.268601 0.39927 0.22392 0.562797 0 0 0 0
 0 0 0 0 0 0 0 0 0 0
ITER 1 i 300
u1ave 1 d 0.991223
dpdx 1 d -0.00418178
zrotation 1 d 0.00495611
rmsmmu 20 d
 2.63153e-08 6.26741e-08 0.730934 1.14132 5.88926e-09 1.24335e-08 0.0759235 0.128991 0 0
 0 0 0 0 0 0 0 0 0 0
rmsmmqobij 20 d
 0.0759235 0.128991 0.268601 0.39927 0.22392 0.562797 0 0 0 0
 0 0 0 0 0 0 0 0 0 0
ITER 1 i 301
u1ave 1 d 0.991223
dpdx 1 d -0.00418178
zrotation 1 d 0.00495611
rmsmmu 20 d
 2.54897e-08 6.07083e-08 0.730934 1.14132 5.7121e-09 1.20554e-08 0.0759235 0.128991 0 0
 0 0 0 0 0 0 0 0 0 0
rmsmmqobij 20 d
 0.0759235 0.128991 0.268601 0.39927 0.22392 0.562797 0 0 0 0
 0 0 0 0 0 0 0 0 0 0
ITER 1 i 302
u1ave 1 d 0.991223
dpdx 1 d -0.00418178
zrotation 1 d 0.00495611
rmsmmu 20 d
 2.46887e-08 5.8801e-08 0.730934 1.14132 5.54002e-09 1.16882e-08 0.0759235 0.128991 0 0
 0 0 0 0 0 0 0 0 0 0
rmsmmqobij 20 d
 0.0759235 0.128991 0.268601 0.39927 0.22392 0.562797 0 0 0 0
 0 0 0 0 0 0 0 0 0 0
ITER 1 i 303
u1ave 1 d 0.991223
dpdx 1 d -0.00418178
zrotation 1 d 0.00495611
rmsmmu 20 d
 2.39118e-08 5.69507e-08 0.730934 1.14132 5.37288e-09 1.13316e-08 0.0759235 0.128991 0 0
 0 0 0 0 0 0 0 0 0 0
rmsmmqobij 20 d
 0.0759235 0.128991 0.268601 0.39927 0.22392 0.562797 0 0 0 0
 0 0 0 0 0 0 0 0 0 0
ITER 1 i 304
u1ave 1 d 0.991223
dpdx 1 d -0.00418178
zrotation 1 d 0.00495611
rmsmmu 20 d
 2.31583e-08 5.51558e-08 0.730934 1.14132 5.21054e-09 1.09855e-08 0.0759235 0.12899 0 0
 0 0 0 0 0 0 0 0 0 0
rmsmmqobij 20 d
 0.0759235 0.12899 0.268601 0.39927 0.22392 0.562797 0 0 0 0
 0 0 0 0 0 0 0 0 0 0
ITER 1 i 305
u1ave 1 d 0.991223
dpdx 1 d -0.00418178
zrotation 1 d 0.00495611
rmsmmu 20 d
 2.24274e-08 5.34147e-08 0.730934 1.14132 5.05289e-09 1.06494e-08 0.0759235 0.12899 0 0
 0 0 0 0 0 0 0 0 0 0
rmsmmqobij 20 d
 0.0759235 0.12899 0.268601 0.39927 0.22392 0.562797 0 0 0 0
 0 0 0 0 0 0 0 0 0 0
ITER 1 i 306
u1ave 1 d 0.991223
dpdx 1 d -0.00418178
zrotation 1 d 0.00495611
rmsmmu 20 d
 2.17186e-08 5.17259e-08 0.730934 1.14132 4.89978e-09 1.03231e-08 0.0759235 0.12899 0 0
 0 0 0 0 0 0 0 0 0 0
rmsmmqobij 20 d
 0.0759235 0.12899 0.268601 0.39927 0.22392 0.562797 0 0 0 0
 0 0 0 0 0 0 0 0 0 0
ITER 1 i 307
u1ave 1 d 0.991223
dpdx 1 d -0.00418178
zrotation 1 d 0.00495611
rmsmmu 20 d
 2.10311e-08 5.00879e-08 0.730934 1.14132 4.75111e-09 1.00064e-08 0.0759235 0.12899 0 0
 0 0 0 0 0 0 0 0 0 0
rmsmmqobij 20 d
 0.0759235 0.12899 0.268601 0.39927 0.22392 0.562797 0 0 0 0
 0 0 0 0 0 0 0 0 0 0
ITER 1 i 308
u1ave 1 d 0.991223
dpdx 1 d -0.00418178
zrotation 1 d 0.00495611
rmsmmu 20 d
 2.03645e-08 4.84992e-08 0.730934 1.14132 4.60673e-09 9.69895e-09 0.0759235 0.12899 0 0
 0 0 0 0 0 0 0 0 0 0
rmsmmqobij 20 d
 0.0759235 0.12899 0.268601 0.39927 0.22392 0.562797 0 0 0 0
 0 0 0 0 0 0 0 0 0 0
ITER 1 i 309
u1ave 1 d 0.991223
dpdx 1 d -0.00418178
zrotation 1 d 0.00495611
rmsmmu 20 d
 1.97181e-08 4.69585e-08 0.730934 1.14132 4.46655e-09 9.40052e-09 0.0759235 0.12899 0 0
 0 0 0 0 0 0 0 0 0 0
rmsmmqobij 20 d
 0.0759235 0.12899 0.268601 0.39927 0.22392 0.562797 0 0 0 0
 0 0 0 0 0 0 0 0 0 0
ITER 1 i 310
u1ave 1 d 0.991222
dpdx 1 d -0.00418178
zrotation 1 d 0.00495611
rmsmmu 20 d
 1.90912e-08 4.54644e-08 0.730934 1.14132 4.33044e-09 9.11085e-09 0.0759235 0.12899 0 0
 0 0 0 0 0 0 0 0 0 0
rmsmmqobij 20 d
 0.0759235 0.12899 0.268601 0.39927 0.22392 0.562797 0 0 0 0
 0 0 0 0 0 0 0 0 0 0
ITER 1 i 311
u1ave 1 d 0.991222
dpdx 1 d -0.00418178
zrotation 1 d 0.00495611
rmsmmu 20 d
 1.84835e-08 4.40155e-08 0.730934 1.14132 4.1983e-09 8.8297e-09 0.0759235 0.12899 0 0
 0 0 0 0 0 0 0 0 0 0
rmsmmqobij 20 d
 0.0759235 0.12899 0.268601 0.39927 0.22392 0.562797 0 0 0 0
 0 0 0 0 0 0 0 0 0 0
ITER 1 i 312
u1ave 1 d 0.991222
dpdx 1 d -0.00418178
zrotation 1 d 0.00495611
rmsmmu 20 d
 1.78942e-08 4.26106e-08 0.730934 1.14132 4.07e-09 8.55684e-09 0.0759235 0.12899 0 0
 0 0 0 0 0 0 0 0 0 0
rmsmmqobij 20 d
 0.0759235 0.12899 0.268601 0.399269 0.22392 0.562797 0 0 0 0
 0 0 0 0 0 0 0 0 0 0
ITER 1 i 313
u1ave 1 d 0.991222
dpdx 1 d -0.00418178
zrotation 1 d 0.00495611
rmsmmu 20 d
 1.73229e-08 4.12484e-08 0.730934 1.14132 3.94546e-09 8.29204e-09 0.0759235 0.12899 0 0
 0 0 0 0 0 0 0 0 0 0
rmsmmqobij 20 d
 0.0759235 0.12899 0.268601 0.399269 0.22392 0.562797 0 0 0 0
 0 0 0 0 0 0 0 0 0 0
ITER 1 i 314
u1ave 1 d 0.991222
dpdx 1 d -0.00418178
zrotation 1 d 0.00495611
rmsmmu 20 d
 1.6769e-08 3.99277e-08 0.730934 1.14132 3.82455e-09 8.03507e-09 0.0759235 0.12899 0 0
 0 0 0 0 0 0 0 0 0 0
rmsmmqobij 20 d
 0.0759235 0.12899 0.268601 0.399269 0.22392 0.562797 0 0 0 0
 0 0 0 0 0 0 0 0 0 0
ITER 1 i 315
u1ave 1 d 0.991222
dpdx 1 d -0.00418178
zrotation 1 d 0.00495611
rmsmmu 20 d
 1.62321e-08 3.86472e-08 0.730934 1.14132 3.70719e-09 7.78571e-09 0.0759235 0.12899 0 0
 0 0 0 0 0 0 0 0 0 0
rmsmmqobij 20 d
 0.0759235 0.12899 0.268601 0.399269 0.22392 0.562797 0 0 0 0
 0 0 0 0 0 0 0 0 0 0
ITER 1 i 316
u1ave 1 d 0.991222
dpdx 1 d -0.00418178
zrotation 1 d 0.00495611
rmsmmu 20 d
 1.57117e-08 3.74058e-08 0.730934 1.14132 3.59328e-09 7.54375e-09 0.0759235 0.12899 0 0
 0 0 0 0 0 0 0 0 0 0
rmsmmqobij 20 d
 0.0759235 0.12899 0.268601 0.399269 0.22392 0.562797 0 0 0 0
 0 0 0 0 0 0 0 0 0 0
ITER 1 i 317
u1ave 1 d 0.991222
dpdx 1 d -0.00418178
zrotation 1 d 0.00495611
rmsmmu 20 d
 1.52072e-08 3.62024e-08 0.730934 1.14132 3.48271e-09 7.30898e-09 0.0759235 0.12899 0 0
 0 0 0 0 0 0 0 0 0 0
rmsmmqobij 20 d
 0.0759235 0.12899 0.268601 0.399269 0.22392 0.562797 0 0 0 0
 0 0 0 0 0 0 0 0 0 0
ITER 1 i 318
u1ave 1 d 0.991222
dpdx 1 d -0.00418178
zrotation 1 d 0.00495611
rmsmmu 20 d
 1.47182e-08 3.50359e-08 0.730934 1.14132 3.3754e-09 7.0812e-09 0.0759235 0.12899 0 0
 0 0 0 0 0 0 0 0 0 0
rmsmmqobij 20 d
 0.0759235 0.12899 0.268601 0.399269 0.22392 0.562797 0 0 0 0
 0 0 0 0 0 0 0 0 0 0
ITER 1 i 319
u1ave 1 d 0.991222
dpdx 1 d -0.00418178
zrotation 1 d 0.00495611
rmsmmu 20 d
 1.42442e-08 3.39052e-08 0.730934 1.14132 3.27125e-09 6.86021e-09 0.0759235 0.12899 0 0
 0 0 0 0 0 0 0 0 0 0
rmsmmqobij 20 d
 0.0759235 0.12899 0.268601 0.399269 0.22392 0.562797 0 0 0 0
 0 0 0 0 0 0 0 0 0 0
ITER 1 i 320
u1ave 1 d 0.991222
dpdx 1 d -0.00418178
zrotation 1 d 0.00495611
rmsmmu 20 d
 1.37849e-08 3.28092e-08 0.730934 1.14132 3.17018e-09 6.64582e-09 0.0759235 0.12899 0 0
 0 0 0 0 0 0 0 0 0 0
rmsmmqobij 20 d
 0.0759235 0.12899 0.268601 0.399269 0.22392 0.562797 0 0 0 0
 0 0 0 0 0 0 0 0 0 0
ITER 1 i 321
u1ave 1 d 0.991222
dpdx 1 d -0.00418178
zrotation 1 d 0.00495611
rmsmmu 20 d
 1.33398e-08 3.1747e-08 0.730934 1.14132 3.0721e-09 6.43783e-09 0.0759235 0.12899 0 0
 0 0 0 0 0 0 0 0 0 0
rmsmmqobij 20 d
 0.0759235 0.12899 0.268601 0.399269 0.22392 0.562797 0 0 0 0
 0 0 0 0 0 0 0 0 0 0
ITER 1 i 322
u1ave 1 d 0.991222
dpdx 1 d -0.00418178
zrotation 1 d 0.00495611
rmsmmu 20 d
 1.29084e-08 3.07176e-08 0.730934 1.14132 2.97692e-09 6.23608e-09 0.0759235 0.12899 0 0
 0 0 0 0 0 0 0 0 0 0
rmsmmqobij 20 d
 0.0759235 0.12899 0.268601 0.399269 0.22392 0.562797 0 0 0 0
 0 0 0 0 0 0 0 0 0 0
ITER 1 i 323
u1ave 1 d 0.991222
dpdx 1 d -0.00418178
zrotation 1 d 0.00495611
rmsmmu 20 d
 1.24904e-08 2.97199e-08 0.730933 1.14132 2.88457e-09 6.04038e-09 0.0759235 0.12899 0 0
 0 0 0 0 0 0 0 0 0 0
rmsmmqobij 20 d
 0.0759235 0.12899 0.268601 0.399269 0.22392 0.562797 0 0 0 0
 0 0 0 0 0 0 0 0 0 0
ITER 1 i 324
u1ave 1 d 0.991222
dpdx 1 d -0.00418178
zrotation 1 d 0.00495611
rmsmmu 20 d
 1.20853e-08 2.87532e-08 0.730933 1.14132 2.79497e-09 5.85056e-09 0.0759235 0.12899 0 0
 0 0 0 0 0 0 0 0 0 0
rmsmmqobij 20 d
 0.0759235 0.12899 0.268601 0.399269 0.22392 0.562797 0 0 0 0
 0 0 0 0 0 0 0 0 0 0
ITER 1 i 325
u1ave 1 d 0.991222
dpdx 1 d -0.00418178
zrotation 1 d 0.00495611
rmsmmu 20 d
 1.16929e-08 2.78164e-08 0.730933 1.14132 2.70803e-09 5.66644e-09 0.0759235 0.12899 0 0
 0 0 0 0 0 0 0 0 0 0
rmsmmqobij 20 d
 0.0759235 0.12899 0.268601 0.399269 0.22392 0.562797 0 0 0 0
 0 0 0 0 0 0 0 0 0 0
ITER 1 i 326
u1ave 1 d 0.991222
dpdx 1 d -0.00418178
zrotation 1 d 0.00495611
rmsmmu 20 d
 1.13126e-08 2.69087e-08 0.730933 1.14132 2.62368e-09 5.48788e-09 0.0759235 0.12899 0 0
 0 0 0 0 0 0 0 0 0 0
rmsmmqobij 20 d
 0.0759235 0.12899 0.268601 0.399269 0.22392 0.562797 0 0 0 0
 0 0 0 0 0 0 0 0 0 0
ITER 1 i 327
u1ave 1 d 0.991222
dpdx 1 d -0.00418178
zrotation 1 d 0.00495611
rmsmmu 20 d
 1.09442e-08 2.60292e-08 0.730933 1.14132 2.54185e-09 5.31471e-09 0.0759235 0.12899 0 0
 0 0 0 0 0 0 0 0 0 0
rmsmmqobij 20 d
 0.0759235 0.12899 0.268601 0.399269 0.22392 0.562798 0 0 0 0
 0 0 0 0 0 0 0 0 0 0
ITER 1 i 328
u1ave 1 d 0.991222
dpdx 1 d -0.00418178
zrotation 1 d 0.00495611
rmsmmu 20 d
 1.05873e-08 2.51771e-08 0.730933 1.14132 2.46247e-09 5.14677e-09 0.0759235 0.12899 0 0
 0 0 0 0 0 0 0 0 0 0
rmsmmqobij 20 d
 0.0759235 0.12899 0.268601 0.399269 0.22392 0.562798 0 0 0 0
 0 0 0 0 0 0 0 0 0 0
ITER 1 i 329
u1ave 1 d 0.991222
dpdx 1 d -0.00418178
zrotation 1 d 0.00495611
rmsmmu 20 d
 1.02415e-08 2.43515e-08 0.730933 1.14132 2.38546e-09 4.98391e-09 0.0759235 0.12899 0 0
 0 0 0 0 0 0 0 0 0 0
rmsmmqobij 20 d
 0.0759235 0.12899 0.268601 0.399269 0.22392 0.562798 0 0 0 0
 0 0 0 0 0 0 0 0 0 0
ITER 1 i 330
u1ave 1 d 0.991222
dpdx 1 d -0.00418178
zrotation 1 d 0.00495611
rmsmmu 20 d
 9.90659e-09 2.35518e-08 0.730933 1.14132 2.31076e-09 4.82599e-09 0.0759235 0.12899 0 0
 0 0 0 0 0 0 0 0 0 0
rmsmmqobij 20 d
 0.0759235 0.12899 0.268601 0.399269 0.22392 0.562798 0 0 0 0
 0 0 0 0 0 0 0 0 0 0
