Rd 1 d 6000
Rtau 1 d 388
Ro 1 d 0.15
vlamc 1 d 0.000333333
dpdx 1 d -0.00418178
ITER 1 i 1
u1ave 1 d 1.05926
dpdx 1 d -0.00418178
zrotation 1 d 0.0772224
rmsmmu 20 d
 9.77325e-09 3.14105e-08 0.780436 1.26144 0.00221082 0.00529256 0.0712096 0.14744 0 0
 0 0 0 0 0 0 0 0 0 0
rmsmmqobij 20 d
 0.0712096 0.14744 0.299583 0.620627 0.210309 0.565577 0 0 0 0
 0 0 0 0 0 0 0 0 0 0
ITER 1 i 2
u1ave 1 d 1.04621
dpdx 1 d -0.00418178
zrotation 1 d 0.0778442
rmsmmu 20 d
 0.0145475 0.0383284 0.771596 1.26622 0.00280936 0.00644246 0.0715448 0.144962 0 0
 0 0 0 0 0 0 0 0 0 0
rmsmmqobij 20 d
 0.0715448 0.144962 0.297735 0.616588 0.210407 0.565534 0 0 0 0
 0 0 0 0 0 0 0 0 0 0
ITER 1 i 3
u1ave 1 d 1.03635
dpdx 1 d -0.00418178
zrotation 1 d 0.0777853
rmsmmu 20 d
 0.00789684 0.0172468 0.764772 1.25222 0.00146656 0.00353826 0.0715113 0.143643 0 0
 0 0 0 0 0 0 0 0 0 0
rmsmmqobij 20 d
 0.0715113 0.143643 0.296216 0.613805 0.210061 0.565475 0 0 0 0
 0 0 0 0 0 0 0 0 0 0
ITER 1 i 4
u1ave 1 d 1.03978
dpdx 1 d -0.00418178
zrotation 1 d 0.0778846
rmsmmu 20 d
 0.00336283 0.00887437 0.766932 1.25188 0.000806201 0.00215015 0.071331 0.143305 0 0
 0 0 0 0 0 0 0 0 0 0
rmsmmqobij 20 d
 0.071331 0.143305 0.29572 0.613338 0.209853 0.565412 0 0 0 0
 0 0 0 0 0 0 0 0 0 0
ITER 1 i 5
u1ave 1 d 1.03944
dpdx 1 d -0.00418178
zrotation 1 d 0.0779214
rmsmmu 20 d
 0.00242992 0.00595314 0.766649 1.25513 0.000441022 0.00137774 0.071535 0.14319 0 0
 0 0 0 0 0 0 0 0 0 0
rmsmmqobij 20 d
 0.071535 0.14319 0.295619 0.613577 0.209809 0.565356 0 0 0 0
 0 0 0 0 0 0 0 0 0 0
ITER 1 i 6
u1ave 1 d 1.03734
dpdx 1 d -0.00418178
zrotation 1 d 0.0778609
rmsmmu 20 d
 0.00179921 0.00396006 0.765164 1.25235 0.000257218 0.000621593 0.0715706 0.14332 0 0
 0 0 0 0 0 0 0 0 0 0
rmsmmqobij 20 d
 0.0715706 0.14332 0.295969 0.614611 0.209644 0.565311 0 0 0 0
 0 0 0 0 0 0 0 0 0 0
ITER 1 i 7
u1ave 1 d 1.03726
dpdx 1 d -0.00418178
zrotation 1 d 0.0778278
rmsmmu 20 d
 0.000781586 0.00251705 0.76499 1.25242 0.000167385 0.000483067 0.0716692 0.143421 0 0
 0 0 0 0 0 0 0 0 0 0
rmsmmqobij 20 d
 0.0716692 0.143421 0.296544 0.615663 0.209574 0.56528 0 0 0 0
 0 0 0 0 0 0 0 0 0 0
ITER 1 i 8
u1ave 1 d 1.03407
dpdx 1 d -0.00418178
zrotation 1 d 0.0776915
rmsmmu 20 d
 0.0023244 0.00423264 0.762751 1.24926 0.000119801 0.000325951 0.0716664 0.143338 0 0
 0 0 0 0 0 0 0 0 0 0
rmsmmqobij 20 d
 0.0716664 0.143338 0.297073 0.616649 0.209457 0.56526 0 0 0 0
 0 0 0 0 0 0 0 0 0 0
ITER 1 i 9
u1ave 1 d 1.03314
dpdx 1 d -0.00418178
zrotation 1 d 0.0775884
rmsmmu 20 d
 0.000749944 0.00152695 0.762039 1.24809 6.78528e-05 0.00014202 0.0716771 0.143263 0 0
 0 0 0 0 0 0 0 0 0 0
rmsmmqobij 20 d
 0.0716771 0.143263 0.297626 0.617778 0.209367 0.565249 0 0 0 0
 0 0 0 0 0 0 0 0 0 0
ITER 1 i 10
u1ave 1 d 1.03271
dpdx 1 d -0.00418178
zrotation 1 d 0.0775209
rmsmmu 20 d
 0.00042677 0.00125315 0.761689 1.24754 8.42488e-05 0.000213142 0.0717086 0.143244 0 0
 0 0 0 0 0 0 0 0 0 0
rmsmmqobij 20 d
 0.0717086 0.143244 0.298205 0.619085 0.20929 0.565243 0 0 0 0
 0 0 0 0 0 0 0 0 0 0
ITER 1 i 11
u1ave 1 d 1.03203
dpdx 1 d -0.00418178
zrotation 1 d 0.0774617
rmsmmu 20 d
 0.000534747 0.000977071 0.761181 1.24683 8.73798e-05 0.000234508 0.071736 0.143235 0 0
 0 0 0 0 0 0 0 0 0 0
rmsmmqobij 20 d
 0.071736 0.143235 0.298779 0.62044 0.209214 0.56524 0 0 0 0
 0 0 0 0 0 0 0 0 0 0
ITER 1 i 12
u1ave 1 d 1.03165
dpdx 1 d -0.00418178
zrotation 1 d 0.0774176
rmsmmu 20 d
 0.000343623 0.000842163 0.760874 1.24635 8.47201e-05 0.000230611 0.0717617 0.143227 0 0
 0 0 0 0 0 0 0 0 0 0
rmsmmqobij 20 d
 0.0717617 0.143227 0.29934 0.621776 0.209145 0.565237 0 0 0 0
 0 0 0 0 0 0 0 0 0 0
ITER 1 i 13
u1ave 1 d 1.03135
dpdx 1 d -0.00418178
zrotation 1 d 0.0773845
rmsmmu 20 d
 0.000269128 0.000678762 0.76064 1.24599 7.85415e-05 0.000218535 0.0717811 0.143216 0 0
 0 0 0 0 0 0 0 0 0 0
rmsmmqobij 20 d
 0.0717811 0.143216 0.299868 0.623062 0.20908 0.565233 0 0 0 0
 0 0 0 0 0 0 0 0 0 0
ITER 1 i 14
u1ave 1 d 1.03117
dpdx 1 d -0.00418178
zrotation 1 d 0.0773613
rmsmmu 20 d
 0.000191067 0.000532741 0.760492 1.24577 7.60003e-05 0.000215598 0.0717979 0.143201 0 0
 0 0 0 0 0 0 0 0 0 0
rmsmmqobij 20 d
 0.0717979 0.143201 0.300348 0.624276 0.209021 0.565226 0 0 0 0
 0 0 0 0 0 0 0 0 0 0
ITER 1 i 15
u1ave 1 d 1.03114
dpdx 1 d -0.00418178
zrotation 1 d 0.0773484
rmsmmu 20 d
 0.000122199 0.000411026 0.760447 1.2457 7.68547e-05 0.000220641 0.0718137 0.143189 0 0
 0 0 0 0 0 0 0 0 0 0
rmsmmqobij 20 d
 0.0718137 0.143189 0.300783 0.62541 0.208967 0.565217 0 0 0 0
 0 0 0 0 0 0 0 0 0 0
ITER 1 i 16
u1ave 1 d 1.03119
dpdx 1 d -0.00418178
zrotation 1 d 0.0773437
rmsmmu 20 d
 0.000107054 0.000337716 0.760464 1.24573 7.72967e-05 0.000224473 0.0718289 0.14318 0 0
 0 0 0 0 0 0 0 0 0 0
rmsmmqobij 20 d
 0.0718289 0.14318 0.301172 0.626452 0.208919 0.565203 0 0 0 0
 0 0 0 0 0 0 0 0 0 0
ITER 1 i 17
u1ave 1 d 1.03128
dpdx 1 d -0.00418178
zrotation 1 d 0.0773447
rmsmmu 20 d
 0.00010575 0.000269187 0.760514 1.24581 7.6068e-05 0.000222291 0.071843 0.143171 0 0
 0 0 0 0 0 0 0 0 0 0
rmsmmqobij 20 d
 0.071843 0.143171 0.301514 0.627389 0.208876 0.565184 0 0 0 0
 0 0 0 0 0 0 0 0 0 0
ITER 1 i 18
u1ave 1 d 1.03141
dpdx 1 d -0.00418178
zrotation 1 d 0.0773502
rmsmmu 20 d
 0.000119097 0.000211018 0.760598 1.24594 7.31448e-05 0.000214392 0.0718556 0.143162 0 0
 0 0 0 0 0 0 0 0 0 0
rmsmmqobij 20 d
 0.0718556 0.143162 0.301812 0.62822 0.208837 0.565162 0 0 0 0
 0 0 0 0 0 0 0 0 0 0
ITER 1 i 19
u1ave 1 d 1.03157
dpdx 1 d -0.00418178
zrotation 1 d 0.0773591
rmsmmu 20 d
 0.000131965 0.000213166 0.760705 1.2461 6.91192e-05 0.000203164 0.0718669 0.143154 0 0
 0 0 0 0 0 0 0 0 0 0
rmsmmqobij 20 d
 0.0718669 0.143154 0.302067 0.628947 0.208803 0.565135 0 0 0 0
 0 0 0 0 0 0 0 0 0 0
ITER 1 i 20
u1ave 1 d 1.03175
dpdx 1 d -0.00418178
zrotation 1 d 0.0773703
rmsmmu 20 d
 0.000139039 0.000234108 0.760825 1.24629 6.4809e-05 0.000190919 0.0718771 0.143147 0 0
 0 0 0 0 0 0 0 0 0 0
rmsmmqobij 20 d
 0.0718771 0.143147 0.302283 0.629572 0.208772 0.565104 0 0 0 0
 0 0 0 0 0 0 0 0 0 0
ITER 1 i 21
u1ave 1 d 1.03194
dpdx 1 d -0.00418178
zrotation 1 d 0.077383
rmsmmu 20 d
 0.000142862 0.000244899 0.760954 1.24649 6.05033e-05 0.000178618 0.0718862 0.143141 0 0
 0 0 0 0 0 0 0 0 0 0
rmsmmqobij 20 d
 0.0718862 0.143141 0.302463 0.630104 0.208746 0.565069 0 0 0 0
 0 0 0 0 0 0 0 0 0 0
ITER 1 i 22
u1ave 1 d 1.03213
dpdx 1 d -0.00418178
zrotation 1 d 0.0773964
rmsmmu 20 d
 0.000140715 0.000244126 0.761082 1.2467 5.61452e-05 0.000166129 0.0718945 0.143135 0 0
 0 0 0 0 0 0 0 0 0 0
rmsmmqobij 20 d
 0.0718945 0.143135 0.302611 0.630547 0.208723 0.565031 0 0 0 0
 0 0 0 0 0 0 0 0 0 0
ITER 1 i 23
u1ave 1 d 1.03231
dpdx 1 d -0.00418178
zrotation 1 d 0.0774099
rmsmmu 20 d
 0.000135002 0.000235833 0.761208 1.24689 5.16656e-05 0.000153211 0.0719018 0.14313 0 0
 0 0 0 0 0 0 0 0 0 0
rmsmmqobij 20 d
 0.0719018 0.14313 0.30273 0.630911 0.208704 0.564989 0 0 0 0
 0 0 0 0 0 0 0 0 0 0
ITER 1 i 24
u1ave 1 d 1.03248
dpdx 1 d -0.00418178
zrotation 1 d 0.077423
rmsmmu 20 d
 0.000127407 0.0002234 0.761326 1.24708 4.70722e-05 0.000139902 0.0719082 0.143126 0 0
 0 0 0 0 0 0 0 0 0 0
rmsmmqobij 20 d
 0.0719082 0.143126 0.302825 0.631204 0.208687 0.564945 0 0 0 0
 0 0 0 0 0 0 0 0 0 0
ITER 1 i 25
u1ave 1 d 1.03264
dpdx 1 d -0.00418178
zrotation 1 d 0.0774355
rmsmmu 20 d
 0.000118104 0.000207715 0.761437 1.24725 4.24551e-05 0.000126493 0.0719138 0.143122 0 0
 0 0 0 0 0 0 0 0 0 0
rmsmmqobij 20 d
 0.0719138 0.143122 0.302898 0.631433 0.208673 0.564899 0 0 0 0
 0 0 0 0 0 0 0 0 0 0
ITER 1 i 26
u1ave 1 d 1.03278
dpdx 1 d -0.00418178
zrotation 1 d 0.0774471
rmsmmu 20 d
 0.000107712 0.000190115 0.761539 1.24741 3.79305e-05 0.000113329 0.0719187 0.143119 0 0
 0 0 0 0 0 0 0 0 0 0
rmsmmqobij 20 d
 0.0719187 0.143119 0.302953 0.631608 0.208662 0.564851 0 0 0 0
 0 0 0 0 0 0 0 0 0 0
ITER 1 i 27
u1ave 1 d 1.03291
dpdx 1 d -0.00418178
zrotation 1 d 0.0774578
rmsmmu 20 d
 9.67834e-05 0.000171541 0.76163 1.24756 3.35787e-05 0.000100649 0.0719228 0.143116 0 0
 0 0 0 0 0 0 0 0 0 0
rmsmmqobij 20 d
 0.0719228 0.143116 0.302992 0.631737 0.208653 0.564801 0 0 0 0
 0 0 0 0 0 0 0 0 0 0
ITER 1 i 28
u1ave 1 d 1.03303
dpdx 1 d -0.00418178
zrotation 1 d 0.0774674
rmsmmu 20 d
 8.56991e-05 0.000152429 0.76171 1.24769 2.94397e-05 8.85669e-05 0.0719262 0.143113 0 0
 0 0 0 0 0 0 0 0 0 0
rmsmmqobij 20 d
 0.0719262 0.143113 0.303019 0.631826 0.208646 0.564751 0 0 0 0
 0 0 0 0 0 0 0 0 0 0
ITER 1 i 29
u1ave 1 d 1.03313
dpdx 1 d -0.00418178
zrotation 1 d 0.0774759
rmsmmu 20 d
 7.48967e-05 0.000133457 0.761781 1.2478 2.55297e-05 7.71195e-05 0.0719291 0.143111 0 0
 0 0 0 0 0 0 0 0 0 0
rmsmmqobij 20 d
 0.0719291 0.143111 0.303035 0.631882 0.20864 0.5647 0 0 0 0
 0 0 0 0 0 0 0 0 0 0
ITER 1 i 30
u1ave 1 d 1.03321
dpdx 1 d -0.00418178
zrotation 1 d 0.0774833
rmsmmu 20 d
 6.46271e-05 0.000115357 0.761841 1.24789 2.18575e-05 6.63342e-05 0.0719314 0.143109 0 0
 0 0 0 0 0 0 0 0 0 0
rmsmmqobij 20 d
 0.0719314 0.143109 0.303043 0.631912 0.208636 0.564648 0 0 0 0
 0 0 0 0 0 0 0 0 0 0
ITER 1 i 31
u1ave 1 d 1.03328
dpdx 1 d -0.00418178
zrotation 1 d 0.0774897
rmsmmu 20 d
 5.50173e-05 9.84308e-05 0.761893 1.24798 1.84414e-05 5.62683e-05 0.0719331 0.143107 0 0
 0 0 0 0 0 0 0 0 0 0
rmsmmqobij 20 d
 0.0719331 0.143107 0.303044 0.631921 0.208634 0.564597 0 0 0 0
 0 0 0 0 0 0 0 0 0 0
ITER 1 i 32
u1ave 1 d 1.03334
dpdx 1 d -0.00418178
zrotation 1 d 0.0774951
rmsmmu 20 d
 4.62385e-05 8.28064e-05 0.761936 1.24804 1.52985e-05 4.69711e-05 0.0719344 0.143106 0 0
 0 0 0 0 0 0 0 0 0 0
rmsmmqobij 20 d
 0.0719344 0.143106 0.30304 0.631913 0.208632 0.564545 0 0 0 0
 0 0 0 0 0 0 0 0 0 0
ITER 1 i 33
u1ave 1 d 1.03339
dpdx 1 d -0.00418178
zrotation 1 d 0.0774997
rmsmmu 20 d
 3.83463e-05 6.86325e-05 0.761971 1.2481 1.24326e-05 3.84517e-05 0.0719353 0.143105 0 0
 0 0 0 0 0 0 0 0 0 0
rmsmmqobij 20 d
 0.0719353 0.143105 0.303033 0.631893 0.208631 0.564494 0 0 0 0
 0 0 0 0 0 0 0 0 0 0
ITER 1 i 34
u1ave 1 d 1.03343
dpdx 1 d -0.00418178
zrotation 1 d 0.0775034
rmsmmu 20 d
 3.13316e-05 5.59571e-05 0.762 1.24815 9.84e-06 3.06953e-05 0.0719359 0.143104 0 0
 0 0 0 0 0 0 0 0 0 0
rmsmmqobij 20 d
 0.0719359 0.143104 0.303022 0.631864 0.208631 0.564444 0 0 0 0
 0 0 0 0 0 0 0 0 0 0
ITER 1 i 35
u1ave 1 d 1.03346
dpdx 1 d -0.00418178
zrotation 1 d 0.0775064
rmsmmu 20 d
 2.51965e-05 4.51827e-05 0.762023 1.24819 7.51808e-06 2.36853e-05 0.0719361 0.143104 0 0
 0 0 0 0 0 0 0 0 0 0
rmsmmqobij 20 d
 0.0719361 0.143104 0.30301 0.631829 0.208631 0.564394 0 0 0 0
 0 0 0 0 0 0 0 0 0 0
ITER 1 i 36
u1ave 1 d 1.03348
dpdx 1 d -0.00418178
zrotation 1 d 0.0775088
rmsmmu 20 d
 1.99051e-05 3.59872e-05 0.76204 1.24822 5.46806e-06 1.74054e-05 0.0719361 0.143103 0 0
 0 0 0 0 0 0 0 0 0 0
rmsmmqobij 20 d
 0.0719361 0.143103 0.302998 0.63179 0.208632 0.564346 0 0 0 0
 0 0 0 0 0 0 0 0 0 0
ITER 1 i 37
u1ave 1 d 1.0335
dpdx 1 d -0.00418178
zrotation 1 d 0.0775107
rmsmmu 20 d
 1.5409e-05 2.8071e-05 0.762053 1.24824 3.7014e-06 1.18341e-05 0.0719359 0.143103 0 0
 0 0 0 0 0 0 0 0 0 0
rmsmmqobij 20 d
 0.0719359 0.143103 0.302984 0.63175 0.208633 0.564298 0 0 0 0
 0 0 0 0 0 0 0 0 0 0
ITER 1 i 38
u1ave 1 d 1.03351
dpdx 1 d -0.00418178
zrotation 1 d 0.0775121
rmsmmu 20 d
 1.16651e-05 2.27854e-05 0.762063 1.24826 2.26985e-06 6.9418e-06 0.0719354 0.143102 0 0
 0 0 0 0 0 0 0 0 0 0
rmsmmqobij 20 d
 0.0719354 0.143102 0.302971 0.63171 0.208635 0.564252 0 0 0 0
 0 0 0 0 0 0 0 0 0 0
ITER 1 i 39
u1ave 1 d 1.03352
dpdx 1 d -0.00418178
zrotation 1 d 0.0775132
rmsmmu 20 d
 8.62828e-06 1.86397e-05 0.76207 1.24828 1.40298e-06 4.05807e-06 0.0719348 0.143102 0 0
 0 0 0 0 0 0 0 0 0 0
rmsmmqobij 20 d
 0.0719348 0.143102 0.302958 0.631671 0.208637 0.564207 0 0 0 0
 0 0 0 0 0 0 0 0 0 0
ITER 1 i 40
u1ave 1 d 1.03353
dpdx 1 d -0.00418178
zrotation 1 d 0.0775139
rmsmmu 20 d
 6.26732e-06 1.49754e-05 0.762074 1.24829 1.52339e-06 4.42517e-06 0.0719341 0.143102 0 0
 0 0 0 0 0 0 0 0 0 0
rmsmmqobij 20 d
 0.0719341 0.143102 0.302946 0.631633 0.208638 0.564163 0 0 0 0
 0 0 0 0 0 0 0 0 0 0
ITER 1 i 41
u1ave 1 d 1.03353
dpdx 1 d -0.00418178
zrotation 1 d 0.0775143
rmsmmu 20 d
 4.57996e-06 1.17756e-05 0.762076 1.24829 2.18903e-06 5.03695e-06 0.0719333 0.143103 0 0
 0 0 0 0 0 0 0 0 0 0
rmsmmqobij 20 d
 0.0719333 0.143103 0.302935 0.631599 0.20864 0.56412 0 0 0 0
 0 0 0 0 0 0 0 0 0 0
ITER 1 i 42
u1ave 1 d 1.03353
dpdx 1 d -0.00418178
zrotation 1 d 0.0775145
rmsmmu 20 d
 3.58151e-06 9.39948e-06 0.762077 1.2483 2.88398e-06 7.31807e-06 0.0719324 0.143103 0 0
 0 0 0 0 0 0 0 0 0 0
rmsmmqobij 20 d
 0.0719324 0.143103 0.302925 0.631567 0.208642 0.564079 0 0 0 0
 0 0 0 0 0 0 0 0 0 0
ITER 1 i 43
u1ave 1 d 1.03353
dpdx 1 d -0.00418178
zrotation 1 d 0.0775146
rmsmmu 20 d
 3.21367e-06 8.64105e-06 0.762076 1.2483 3.48266e-06 9.36185e-06 0.0719315 0.143103 0 0
 0 0 0 0 0 0 0 0 0 0
rmsmmqobij 20 d
 0.0719315 0.143103 0.302916 0.631539 0.208644 0.564038 0 0 0 0
 0 0 0 0 0 0 0 0 0 0
ITER 1 i 44
u1ave 1 d 1.03353
dpdx 1 d -0.00418178
zrotation 1 d 0.0775145
rmsmmu 20 d
 3.25464e-06 7.83872e-06 0.762075 1.24831 3.9626e-06 1.09734e-05 0.0719306 0.143103 0 0
 0 0 0 0 0 0 0 0 0 0
rmsmmqobij 20 d
 0.0719306 0.143103 0.302908 0.631514 0.208645 0.564 0 0 0 0
 0 0 0 0 0 0 0 0 0 0
ITER 1 i 45
u1ave 1 d 1.03352
dpdx 1 d -0.00418178
zrotation 1 d 0.0775144
rmsmmu 20 d
 3.44721e-06 7.01889e-06 0.762073 1.24831 4.32534e-06 1.21953e-05 0.0719296 0.143104 0 0
 0 0 0 0 0 0 0 0 0 0
rmsmmqobij 20 d
 0.0719296 0.143104 0.302901 0.631492 0.208647 0.563962 0 0 0 0
 0 0 0 0 0 0 0 0 0 0
ITER 1 i 46
u1ave 1 d 1.03352
dpdx 1 d -0.00418178
zrotation 1 d 0.0775142
rmsmmu 20 d
 3.63827e-06 6.9949e-06 0.76207 1.24831 4.5795e-06 1.30693e-05 0.0719287 0.143104 0 0
 0 0 0 0 0 0 0 0 0 0
rmsmmqobij 20 d
 0.0719287 0.143104 0.302895 0.631474 0.208648 0.563926 0 0 0 0
 0 0 0 0 0 0 0 0 0 0
ITER 1 i 47
u1ave 1 d 1.03352
dpdx 1 d -0.00418178
zrotation 1 d 0.0775139
rmsmmu 20 d
 3.76726e-06 7.16671e-06 0.762068 1.24831 4.73598e-06 1.36354e-05 0.0719277 0.143105 0 0
 0 0 0 0 0 0 0 0 0 0
rmsmmqobij 20 d
 0.0719277 0.143105 0.30289 0.631459 0.208649 0.563891 0 0 0 0
 0 0 0 0 0 0 0 0 0 0
ITER 1 i 48
u1ave 1 d 1.03351
dpdx 1 d -0.00418178
zrotation 1 d 0.0775136
rmsmmu 20 d
 3.81997e-06 7.2167e-06 0.762065 1.24831 4.80572e-06 1.39313e-05 0.0719268 0.143105 0 0
 0 0 0 0 0 0 0 0 0 0
rmsmmqobij 20 d
 0.0719268 0.143105 0.302886 0.631447 0.20865 0.563857 0 0 0 0
 0 0 0 0 0 0 0 0 0 0
ITER 1 i 49
u1ave 1 d 1.03351
dpdx 1 d -0.00418178
zrotation 1 d 0.0775133
rmsmmu 20 d
 3.79965e-06 7.18754e-06 0.762062 1.24831 4.80027e-06 1.39935e-05 0.071926 0.143106 0 0
 0 0 0 0 0 0 0 0 0 0
rmsmmqobij 20 d
 0.071926 0.143106 0.302883 0.631438 0.208651 0.563824 0 0 0 0
 0 0 0 0 0 0 0 0 0 0
ITER 1 i 50
u1ave 1 d 1.0335
dpdx 1 d -0.00418178
zrotation 1 d 0.077513
rmsmmu 20 d
 3.71771e-06 7.09702e-06 0.762059 1.24831 4.73286e-06 1.38592e-05 0.0719252 0.143106 0 0
 0 0 0 0 0 0 0 0 0 0
rmsmmqobij 20 d
 0.0719252 0.143106 0.30288 0.631431 0.208652 0.563793 0 0 0 0
 0 0 0 0 0 0 0 0 0 0
ITER 1 i 51
u1ave 1 d 1.0335
dpdx 1 d -0.00418178
zrotation 1 d 0.0775127
rmsmmu 20 d
 3.59952e-06 6.88374e-06 0.762057 1.24831 4.61226e-06 1.35578e-05 0.0719244 0.143107 0 0
 0 0 0 0 0 0 0 0 0 0
rmsmmqobij 20 d
 0.0719244 0.143107 0.302879 0.631426 0.208652 0.563762 0 0 0 0
 0 0 0 0 0 0 0 0 0 0
ITER 1 i 52
u1ave 1 d 1.0335
dpdx 1 d -0.00418178
zrotation 1 d 0.0775124
rmsmmu 20 d
 3.44946e-06 6.60645e-06 0.762054 1.24831 4.44524e-06 1.31138e-05 0.0719237 0.143107 0 0
 0 0 0 0 0 0 0 0 0 0
rmsmmqobij 20 d
 0.0719237 0.143107 0.302877 0.631423 0.208652 0.563733 0 0 0 0
 0 0 0 0 0 0 0 0 0 0
ITER 1 i 53
u1ave 1 d 1.03349
dpdx 1 d -0.00418178
zrotation 1 d 0.0775122
rmsmmu 20 d
 3.26611e-06 6.28728e-06 0.762052 1.24831 4.24146e-06 1.2554e-05 0.071923 0.143107 0 0
 0 0 0 0 0 0 0 0 0 0
rmsmmqobij 20 d
 0.071923 0.143107 0.302877 0.631422 0.208652 0.563705 0 0 0 0
 0 0 0 0 0 0 0 0 0 0
ITER 1 i 54
u1ave 1 d 1.03349
dpdx 1 d -0.00418178
zrotation 1 d 0.0775119
rmsmmu 20 d
 3.07001e-06 5.94084e-06 0.76205 1.24831 4.01095e-06 1.1907e-05 0.0719224 0.143108 0 0
 0 0 0 0 0 0 0 0 0 0
rmsmmqobij 20 d
 0.0719224 0.143108 0.302877 0.631422 0.208652 0.563677 0 0 0 0
 0 0 0 0 0 0 0 0 0 0
ITER 1 i 55
u1ave 1 d 1.03349
dpdx 1 d -0.00418178
zrotation 1 d 0.0775117
rmsmmu 20 d
 2.8673e-06 5.57557e-06 0.762048 1.24831 3.76166e-06 1.11973e-05 0.0719219 0.143108 0 0
 0 0 0 0 0 0 0 0 0 0
rmsmmqobij 20 d
 0.0719219 0.143108 0.302877 0.631423 0.208652 0.563651 0 0 0 0
 0 0 0 0 0 0 0 0 0 0
ITER 1 i 56
u1ave 1 d 1.03348
dpdx 1 d -0.00418178
zrotation 1 d 0.0775115
rmsmmu 20 d
 2.66277e-06 5.19817e-06 0.762046 1.24831 3.49958e-06 1.04437e-05 0.0719214 0.143109 0 0
 0 0 0 0 0 0 0 0 0 0
rmsmmqobij 20 d
 0.0719214 0.143109 0.302878 0.631426 0.208652 0.563625 0 0 0 0
 0 0 0 0 0 0 0 0 0 0
ITER 1 i 57
u1ave 1 d 1.03348
dpdx 1 d -0.00418178
zrotation 1 d 0.0775113
rmsmmu 20 d
 2.46389e-06 4.81718e-06 0.762044 1.24831 3.22971e-06 9.66188e-06 0.071921 0.143109 0 0
 0 0 0 0 0 0 0 0 0 0
rmsmmqobij 20 d
 0.071921 0.143109 0.302879 0.631429 0.208652 0.563601 0 0 0 0
 0 0 0 0 0 0 0 0 0 0
ITER 1 i 58
u1ave 1 d 1.03348
dpdx 1 d -0.00418178
zrotation 1 d 0.0775111
rmsmmu 20 d
 2.27181e-06 4.43572e-06 0.762043 1.24831 2.95663e-06 8.86592e-06 0.0719206 0.143109 0 0
 0 0 0 0 0 0 0 0 0 0
rmsmmqobij 20 d
 0.0719206 0.143109 0.30288 0.631433 0.208651 0.563577 0 0 0 0
 0 0 0 0 0 0 0 0 0 0
ITER 1 i 59
u1ave 1 d 1.03348
dpdx 1 d -0.00418178
zrotation 1 d 0.0775109
rmsmmu 20 d
 2.08795e-06 4.05764e-06 0.762041 1.24831 2.68463e-06 8.06889e-06 0.0719203 0.14311 0 0
 0 0 0 0 0 0 0 0 0 0
rmsmmqobij 20 d
 0.0719203 0.14311 0.302881 0.631437 0.208651 0.563554 0 0 0 0
 0 0 0 0 0 0 0 0 0 0
ITER 1 i 60
u1ave 1 d 1.03348
dpdx 1 d -0.00418178
zrotation 1 d 0.0775108
rmsmmu 20 d
 1.91435e-06 3.68769e-06 0.76204 1.24831 2.4175e-06 7.2824e-06 0.0719201 0.14311 0 0
 0 0 0 0 0 0 0 0 0 0
rmsmmqobij 20 d
 0.0719201 0.14311 0.302882 0.631442 0.20865 0.563532 0 0 0 0
 0 0 0 0 0 0 0 0 0 0
ITER 1 i 61
u1ave 1 d 1.03347
dpdx 1 d -0.00418178
zrotation 1 d 0.0775107
rmsmmu 20 d
 1.75207e-06 3.32959e-06 0.762039 1.24831 2.15838e-06 6.51616e-06 0.0719198 0.14311 0 0
 0 0 0 0 0 0 0 0 0 0
rmsmmqobij 20 d
 0.0719198 0.14311 0.302884 0.631447 0.208649 0.56351 0 0 0 0
 0 0 0 0 0 0 0 0 0 0
ITER 1 i 62
u1ave 1 d 1.03347
dpdx 1 d -0.00418178
zrotation 1 d 0.0775105
rmsmmu 20 d
 1.60179e-06 2.98609e-06 0.762038 1.24831 1.90973e-06 5.77791e-06 0.0719196 0.14311 0 0
 0 0 0 0 0 0 0 0 0 0
rmsmmqobij 20 d
 0.0719196 0.14311 0.302886 0.631452 0.208649 0.563489 0 0 0 0
 0 0 0 0 0 0 0 0 0 0
ITER 1 i 63
u1ave 1 d 1.03347
dpdx 1 d -0.00418178
zrotation 1 d 0.0775104
rmsmmu 20 d
 1.46397e-06 2.65924e-06 0.762037 1.24831 1.67348e-06 5.07368e-06 0.0719195 0.143111 0 0
 0 0 0 0 0 0 0 0 0 0
rmsmmqobij 20 d
 0.0719195 0.143111 0.302887 0.631457 0.208648 0.563469 0 0 0 0
 0 0 0 0 0 0 0 0 0 0
ITER 1 i 64
u1ave 1 d 1.03347
dpdx 1 d -0.00418178
zrotation 1 d 0.0775103
rmsmmu 20 d
 1.33884e-06 2.35657e-06 0.762036 1.24831 1.4511e-06 4.40811e-06 0.0719194 0.143111 0 0
 0 0 0 0 0 0 0 0 0 0
rmsmmqobij 20 d
 0.0719194 0.143111 0.302889 0.631462 0.208647 0.56345 0 0 0 0
 0 0 0 0 0 0 0 0 0 0
ITER 1 i 65
u1ave 1 d 1.03347
dpdx 1 d -0.00418178
zrotation 1 d 0.0775102
rmsmmu 20 d
 1.22647e-06 2.24423e-06 0.762035 1.24831 1.24368e-06 3.78463e-06 0.0719193 0.143111 0 0
 0 0 0 0 0 0 0 0 0 0
rmsmmqobij 20 d
 0.0719193 0.143111 0.302891 0.631467 0.208646 0.563431 0 0 0 0
 0 0 0 0 0 0 0 0 0 0
ITER 1 i 66
u1ave 1 d 1.03347
dpdx 1 d -0.00418178
zrotation 1 d 0.0775101
rmsmmu 20 d
 1.12678e-06 2.17021e-06 0.762034 1.24831 1.05199e-06 3.20564e-06 0.0719193 0.143111 0 0
 0 0 0 0 0 0 0 0 0 0
rmsmmqobij 20 d
 0.0719193 0.143111 0.302892 0.631472 0.208645 0.563413 0 0 0 0
 0 0 0 0 0 0 0 0 0 0
ITER 1 i 67
u1ave 1 d 1.03347
dpdx 1 d -0.00418178
zrotation 1 d 0.0775101
rmsmmu 20 d
 1.0395e-06 2.09774e-06 0.762033 1.24831 8.76536e-07 2.67256e-06 0.0719192 0.143111 0 0
 0 0 0 0 0 0 0 0 0 0
rmsmmqobij 20 d
 0.0719192 0.143111 0.302894 0.631477 0.208644 0.563396 0 0 0 0
 0 0 0 0 0 0 0 0 0 0
ITER 1 i 68
u1ave 1 d 1.03347
dpdx 1 d -0.00418178
zrotation 1 d 0.07751
rmsmmu 20 d
 9.64156e-07 2.02708e-06 0.762033 1.24831 7.17569e-07 2.18593e-06 0.0719192 0.143111 0 0
 0 0 0 0 0 0 0 0 0 0
rmsmmqobij 20 d
 0.0719192 0.143111 0.302896 0.631481 0.208644 0.563379 0 0 0 0
 0 0 0 0 0 0 0 0 0 0
ITER 1 i 69
u1ave 1 d 1.03346
dpdx 1 d -0.00418178
zrotation 1 d 0.0775099
rmsmmu 20 d
 9.00064e-07 1.95835e-06 0.762032 1.24831 5.75219e-07 1.74556e-06 0.0719193 0.143111 0 0
 0 0 0 0 0 0 0 0 0 0
rmsmmqobij 20 d
 0.0719193 0.143111 0.302897 0.631485 0.208643 0.563362 0 0 0 0
 0 0 0 0 0 0 0 0 0 0
ITER 1 i 70
u1ave 1 d 1.03346
dpdx 1 d -0.00418178
zrotation 1 d 0.0775098
rmsmmu 20 d
 8.46317e-07 1.89156e-06 0.762031 1.24831 4.49609e-07 1.35059e-06 0.0719193 0.143111 0 0
 0 0 0 0 0 0 0 0 0 0
rmsmmqobij 20 d
 0.0719193 0.143111 0.302899 0.63149 0.208642 0.563346 0 0 0 0
 0 0 0 0 0 0 0 0 0 0
ITER 1 i 71
u1ave 1 d 1.03346
dpdx 1 d -0.00418178
zrotation 1 d 0.0775098
rmsmmu 20 d
 8.0179e-07 1.82665e-06 0.762031 1.24831 3.411e-07 9.99671e-07 0.0719193 0.143111 0 0
 0 0 0 0 0 0 0 0 0 0
rmsmmqobij 20 d
 0.0719193 0.143111 0.3029 0.631493 0.208641 0.563331 0 0 0 0
 0 0 0 0 0 0 0 0 0 0
ITER 1 i 72
u1ave 1 d 1.03346
dpdx 1 d -0.00418178
zrotation 1 d 0.0775097
rmsmmu 20 d
 7.65193e-07 1.76351e-06 0.76203 1.24831 2.50796e-07 6.91037e-07 0.0719194 0.143111 0 0
 0 0 0 0 0 0 0 0 0 0
rmsmmqobij 20 d
 0.0719194 0.143111 0.302902 0.631497 0.20864 0.563316 0 0 0 0
 0 0 0 0 0 0 0 0 0 0
ITER 1 i 73
u1ave 1 d 1.03346
dpdx 1 d -0.00418178
zrotation 1 d 0.0775096
rmsmmu 20 d
 7.35149e-07 1.70203e-06 0.762029 1.24831 1.81577e-07 4.22582e-07 0.0719195 0.143111 0 0
 0 0 0 0 0 0 0 0 0 0
rmsmmqobij 20 d
 0.0719195 0.143111 0.302903 0.6315 0.20864 0.563302 0 0 0 0
 0 0 0 0 0 0 0 0 0 0
ITER 1 i 74
u1ave 1 d 1.03346
dpdx 1 d -0.00418178
zrotation 1 d 0.0775096
rmsmmu 20 d
 7.10283e-07 1.64207e-06 0.762029 1.24831 1.39264e-07 3.61779e-07 0.0719195 0.143111 0 0
 0 0 0 0 0 0 0 0 0 0
rmsmmqobij 20 d
 0.0719195 0.143111 0.302905 0.631504 0.208639 0.563288 0 0 0 0
 0 0 0 0 0 0 0 0 0 0
ITER 1 i 75
u1ave 1 d 1.03346
dpdx 1 d -0.00418178
zrotation 1 d 0.0775095
rmsmmu 20 d
 6.89301e-07 1.58354e-06 0.762028 1.24831 1.28487e-07 3.47758e-07 0.0719196 0.143111 0 0
 0 0 0 0 0 0 0 0 0 0
rmsmmqobij 20 d
 0.0719196 0.143111 0.302906 0.631506 0.208638 0.563274 0 0 0 0
 0 0 0 0 0 0 0 0 0 0
ITER 1 i 76
u1ave 1 d 1.03346
dpdx 1 d -0.00418178
zrotation 1 d 0.0775094
rmsmmu 20 d
 6.71051e-07 1.52635e-06 0.762027 1.24831 1.41348e-07 3.53321e-07 0.0719197 0.143111 0 0
 0 0 0 0 0 0 0 0 0 0
rmsmmqobij 20 d
 0.0719197 0.143111 0.302907 0.631509 0.208638 0.563261 0 0 0 0
 0 0 0 0 0 0 0 0 0 0
ITER 1 i 77
u1ave 1 d 1.03346
dpdx 1 d -0.00418178
zrotation 1 d 0.0775094
rmsmmu 20 d
 6.54563e-07 1.47044e-06 0.762027 1.24831 1.63125e-07 3.70342e-07 0.0719198 0.143111 0 0
 0 0 0 0 0 0 0 0 0 0
rmsmmqobij 20 d
 0.0719198 0.143111 0.302908 0.631512 0.208637 0.563248 0 0 0 0
 0 0 0 0 0 0 0 0 0 0
ITER 1 i 78
u1ave 1 d 1.03346
dpdx 1 d -0.00418178
zrotation 1 d 0.0775093
rmsmmu 20 d
 6.39058e-07 1.41577e-06 0.762026 1.24831 1.84802e-07 4.2877e-07 0.0719198 0.143111 0 0
 0 0 0 0 0 0 0 0 0 0
rmsmmqobij 20 d
 0.0719198 0.143111 0.302909 0.631514 0.208637 0.563236 0 0 0 0
 0 0 0 0 0 0 0 0 0 0
ITER 1 i 79
u1ave 1 d 1.03346
dpdx 1 d -0.00418178
zrotation 1 d 0.0775093
rmsmmu 20 d
 6.23943e-07 1.36233e-06 0.762026 1.24831 2.02786e-07 4.99389e-07 0.0719199 0.143111 0 0
 0 0 0 0 0 0 0 0 0 0
rmsmmqobij 20 d
 0.0719199 0.143111 0.30291 0.631516 0.208636 0.563224 0 0 0 0
 0 0 0 0 0 0 0 0 0 0
ITER 1 i 80
u1ave 1 d 1.03346
dpdx 1 d -0.00418178
zrotation 1 d 0.0775092
rmsmmu 20 d
 6.08794e-07 1.31012e-06 0.762025 1.24831 2.15957e-07 5.59946e-07 0.07192 0.143111 0 0
 0 0 0 0 0 0 0 0 0 0
rmsmmqobij 20 d
 0.07192 0.143111 0.302911 0.631518 0.208636 0.563213 0 0 0 0
 0 0 0 0 0 0 0 0 0 0
ITER 1 i 81
u1ave 1 d 1.03345
dpdx 1 d -0.00418178
zrotation 1 d 0.0775091
rmsmmu 20 d
 5.93333e-07 1.25916e-06 0.762024 1.24831 2.242e-07 6.01115e-07 0.0719201 0.143111 0 0
 0 0 0 0 0 0 0 0 0 0
rmsmmqobij 20 d
 0.0719201 0.143111 0.302912 0.63152 0.208635 0.563202 0 0 0 0
 0 0 0 0 0 0 0 0 0 0
ITER 1 i 82
u1ave 1 d 1.03345
dpdx 1 d -0.00418178
zrotation 1 d 0.0775091
rmsmmu 20 d
 5.77401e-07 1.20948e-06 0.762024 1.2483 2.27822e-07 6.25318e-07 0.0719201 0.143111 0 0
 0 0 0 0 0 0 0 0 0 0
rmsmmqobij 20 d
 0.0719201 0.143111 0.302913 0.631522 0.208635 0.563191 0 0 0 0
 0 0 0 0 0 0 0 0 0 0
ITER 1 i 83
u1ave 1 d 1.03345
dpdx 1 d -0.00418178
zrotation 1 d 0.077509
rmsmmu 20 d
 5.60934e-07 1.16804e-06 0.762023 1.2483 2.27304e-07 6.34845e-07 0.0719202 0.143111 0 0
 0 0 0 0 0 0 0 0 0 0
rmsmmqobij 20 d
 0.0719202 0.143111 0.302914 0.631523 0.208635 0.563181 0 0 0 0
 0 0 0 0 0 0 0 0 0 0
ITER 1 i 84
u1ave 1 d 1.03345
dpdx 1 d -0.00418178
zrotation 1 d 0.077509
rmsmmu 20 d
 5.43939e-07 1.13757e-06 0.762023 1.2483 2.23192e-07 6.3185e-07 0.0719203 0.143111 0 0
 0 0 0 0 0 0 0 0 0 0
rmsmmqobij 20 d
 0.0719203 0.143111 0.302915 0.631525 0.208634 0.56317 0 0 0 0
 0 0 0 0 0 0 0 0 0 0
ITER 1 i 85
u1ave 1 d 1.03345
dpdx 1 d -0.00418178
zrotation 1 d 0.0775089
rmsmmu 20 d
 5.26475e-07 1.10143e-06 0.762022 1.2483 2.16044e-07 6.18335e-07 0.0719203 0.143111 0 0
 0 0 0 0 0 0 0 0 0 0
rmsmmqobij 20 d
 0.0719203 0.143111 0.302916 0.631526 0.208634 0.563161 0 0 0 0
 0 0 0 0 0 0 0 0 0 0
ITER 1 i 86
u1ave 1 d 1.03345
dpdx 1 d -0.00418178
zrotation 1 d 0.0775089
rmsmmu 20 d
 5.08639e-07 1.06071e-06 0.762022 1.2483 2.06399e-07 5.96148e-07 0.0719204 0.143111 0 0
 0 0 0 0 0 0 0 0 0 0
rmsmmqobij 20 d
 0.0719204 0.143111 0.302916 0.631527 0.208634 0.563151 0 0 0 0
 0 0 0 0 0 0 0 0 0 0
ITER 1 i 87
u1ave 1 d 1.03345
dpdx 1 d -0.00418178
zrotation 1 d 0.0775088
rmsmmu 20 d
 4.90549e-07 1.01642e-06 0.762021 1.2483 1.94769e-07 5.66976e-07 0.0719204 0.143111 0 0
 0 0 0 0 0 0 0 0 0 0
rmsmmqobij 20 d
 0.0719204 0.143111 0.302917 0.631528 0.208634 0.563142 0 0 0 0
 0 0 0 0 0 0 0 0 0 0
ITER 1 i 88
u1ave 1 d 1.03345
dpdx 1 d -0.00418178
zrotation 1 d 0.0775088
rmsmmu 20 d
 4.72333e-07 9.69502e-07 0.762021 1.2483 1.81621e-07 5.32351e-07 0.0719205 0.143111 0 0
 0 0 0 0 0 0 0 0 0 0
rmsmmqobij 20 d
 0.0719205 0.143111 0.302918 0.631529 0.208633 0.563133 0 0 0 0
 0 0 0 0 0 0 0 0 0 0
ITER 1 i 89
u1ave 1 d 1.03345
dpdx 1 d -0.00418178
zrotation 1 d 0.0775087
rmsmmu 20 d
 4.54125e-07 9.20808e-07 0.76202 1.2483 1.67384e-07 4.93645e-07 0.0719205 0.143111 0 0
 0 0 0 0 0 0 0 0 0 0
rmsmmqobij 20 d
 0.0719205 0.143111 0.302918 0.63153 0.208633 0.563125 0 0 0 0
 0 0 0 0 0 0 0 0 0 0
ITER 1 i 90
u1ave 1 d 1.03345
dpdx 1 d -0.00418178
zrotation 1 d 0.0775087
rmsmmu 20 d
 4.36054e-07 8.71098e-07 0.76202 1.2483 1.52442e-07 4.52081e-07 0.0719205 0.143111 0 0
 0 0 0 0 0 0 0 0 0 0
rmsmmqobij 20 d
 0.0719205 0.143111 0.302919 0.631531 0.208633 0.563116 0 0 0 0
 0 0 0 0 0 0 0 0 0 0
ITER 1 i 91
u1ave 1 d 1.03345
dpdx 1 d -0.00418178
zrotation 1 d 0.0775087
rmsmmu 20 d
 4.18241e-07 8.27492e-07 0.76202 1.2483 1.37134e-07 4.08733e-07 0.0719206 0.143111 0 0
 0 0 0 0 0 0 0 0 0 0
rmsmmqobij 20 d
 0.0719206 0.143111 0.302919 0.631532 0.208633 0.563108 0 0 0 0
 0 0 0 0 0 0 0 0 0 0
ITER 1 i 92
u1ave 1 d 1.03345
dpdx 1 d -0.00418178
zrotation 1 d 0.0775086
rmsmmu 20 d
 4.00795e-07 7.92871e-07 0.762019 1.2483 1.21759e-07 3.64536e-07 0.0719206 0.143111 0 0
 0 0 0 0 0 0 0 0 0 0
rmsmmqobij 20 d
 0.0719206 0.143111 0.30292 0.631533 0.208633 0.563101 0 0 0 0
 0 0 0 0 0 0 0 0 0 0
ITER 1 i 93
u1ave 1 d 1.03345
dpdx 1 d -0.00418178
zrotation 1 d 0.0775086
rmsmmu 20 d
 3.83813e-07 7.59847e-07 0.762019 1.2483 1.06578e-07 3.20295e-07 0.0719206 0.143111 0 0
 0 0 0 0 0 0 0 0 0 0
rmsmmqobij 20 d
 0.0719206 0.143111 0.30292 0.631534 0.208633 0.563093 0 0 0 0
 0 0 0 0 0 0 0 0 0 0
ITER 1 i 94
u1ave 1 d 1.03345
dpdx 1 d -0.00418178
zrotation 1 d 0.0775086
rmsmmu 20 d
 3.67373e-07 7.284e-07 0.762019 1.2483 9.18191e-08 2.7669e-07 0.0719207 0.143111 0 0
 0 0 0 0 0 0 0 0 0 0
rmsmmqobij 20 d
 0.0719207 0.143111 0.302921 0.631535 0.208633 0.563086 0 0 0 0
 0 0 0 0 0 0 0 0 0 0
ITER 1 i 95
u1ave 1 d 1.03345
dpdx 1 d -0.00418178
zrotation 1 d 0.0775085
rmsmmu 20 d
 3.51541e-07 6.985e-07 0.762018 1.2483 7.76846e-08 2.34287e-07 0.0719207 0.143111 0 0
 0 0 0 0 0 0 0 0 0 0
rmsmmqobij 20 d
 0.0719207 0.143111 0.302921 0.631535 0.208633 0.563079 0 0 0 0
 0 0 0 0 0 0 0 0 0 0
ITER 1 i 96
u1ave 1 d 1.03345
dpdx 1 d -0.00418178
zrotation 1 d 0.0775085
rmsmmu 20 d
 3.36365e-07 6.70111e-07 0.762018 1.2483 6.4361e-08 1.93549e-07 0.0719207 0.143111 0 0
 0 0 0 0 0 0 0 0 0 0
rmsmmqobij 20 d
 0.0719207 0.143111 0.302922 0.631536 0.208633 0.563072 0 0 0 0
 0 0 0 0 0 0 0 0 0 0
ITER 1 i 97
u1ave 1 d 1.03345
dpdx 1 d -0.00418178
zrotation 1 d 0.0775085
rmsmmu 20 d
 3.2188e-07 6.43188e-07 0.762018 1.2483 5.20393e-08 1.5484e-07 0.0719207 0.143111 0 0
 0 0 0 0 0 0 0 0 0 0
rmsmmqobij 20 d
 0.0719207 0.143111 0.302922 0.631537 0.208633 0.563065 0 0 0 0
 0 0 0 0 0 0 0 0 0 0
ITER 1 i 98
u1ave 1 d 1.03345
dpdx 1 d -0.00418178
zrotation 1 d 0.0775084
rmsmmu 20 d
 3.08104e-07 6.17683e-07 0.762017 1.2483 4.09527e-08 1.18442e-07 0.0719207 0.143111 0 0
 0 0 0 0 0 0 0 0 0 0
rmsmmqobij 20 d
 0.0719207 0.143111 0.302923 0.631537 0.208633 0.563059 0 0 0 0
 0 0 0 0 0 0 0 0 0 0
ITER 1 i 99
u1ave 1 d 1.03344
dpdx 1 d -0.00418178
zrotation 1 d 0.0775084
rmsmmu 20 d
 2.95046e-07 5.93538e-07 0.762017 1.24829 3.14547e-08 8.45572e-08 0.0719207 0.143111 0 0
 0 0 0 0 0 0 0 0 0 0
rmsmmqobij 20 d
 0.0719207 0.143111 0.302923 0.631538 0.208633 0.563053 0 0 0 0
 0 0 0 0 0 0 0 0 0 0
ITER 1 i 100
u1ave 1 d 1.03344
dpdx 1 d -0.00418178
zrotation 1 d 0.0775084
rmsmmu 20 d
 2.82699e-07 5.70695e-07 0.762017 1.24829 2.41652e-08 6.58418e-08 0.0719207 0.143111 0 0
 0 0 0 0 0 0 0 0 0 0
rmsmmqobij 20 d
 0.0719207 0.143111 0.302923 0.631538 0.208633 0.563047 0 0 0 0
 0 0 0 0 0 0 0 0 0 0
ITER 1 i 101
u1ave 1 d 1.03344
dpdx 1 d -0.00418178
zrotation 1 d 0.0775083
rmsmmu 20 d
 2.7105e-07 5.4909e-07 0.762017 1.24829 2.00511e-08 6.49126e-08 0.0719207 0.143111 0 0
 0 0 0 0 0 0 0 0 0 0
rmsmmqobij 20 d
 0.0719207 0.143111 0.302924 0.631539 0.208633 0.563041 0 0 0 0
 0 0 0 0 0 0 0 0 0 0
ITER 1 i 102
u1ave 1 d 1.03344
dpdx 1 d -0.00418178
zrotation 1 d 0.0775083
rmsmmu 20 d
 2.60076e-07 5.28659e-07 0.762016 1.24829 1.97317e-08 6.39815e-08 0.0719207 0.143111 0 0
 0 0 0 0 0 0 0 0 0 0
rmsmmqobij 20 d
 0.0719207 0.143111 0.302924 0.631539 0.208633 0.563035 0 0 0 0
 0 0 0 0 0 0 0 0 0 0
ITER 1 i 103
u1ave 1 d 1.03344
dpdx 1 d -0.00418178
zrotation 1 d 0.0775083
rmsmmu 20 d
 2.49749e-07 5.09335e-07 0.762016 1.24829 2.23032e-08 6.30371e-08 0.0719207 0.143111 0 0
 0 0 0 0 0 0 0 0 0 0
rmsmmqobij 20 d
 0.0719207 0.143111 0.302924 0.63154 0.208633 0.56303 0 0 0 0
 0 0 0 0 0 0 0 0 0 0
ITER 1 i 104
u1ave 1 d 1.03344
dpdx 1 d -0.00418178
zrotation 1 d 0.0775083
rmsmmu 20 d
 2.40035e-07 4.91052e-07 0.762016 1.24829 2.61651e-08 6.20709e-08 0.0719207 0.143111 0 0
 0 0 0 0 0 0 0 0 0 0
rmsmmqobij 20 d
 0.0719207 0.143111 0.302925 0.631541 0.208633 0.563024 0 0 0 0
 0 0 0 0 0 0 0 0 0 0
ITER 1 i 105
u1ave 1 d 1.03344
dpdx 1 d -0.00418178
zrotation 1 d 0.0775082
rmsmmu 20 d
 2.30898e-07 4.73743e-07 0.762016 1.24829 3.02684e-08 7.57484e-08 0.0719207 0.143111 0 0
 0 0 0 0 0 0 0 0 0 0
rmsmmqobij 20 d
 0.0719207 0.143111 0.302925 0.631541 0.208633 0.563019 0 0 0 0
 0 0 0 0 0 0 0 0 0 0
ITER 1 i 106
u1ave 1 d 1.03344
dpdx 1 d -0.00418178
zrotation 1 d 0.0775082
rmsmmu 20 d
 2.22298e-07 4.57344e-07 0.762015 1.24829 3.41216e-08 9.04032e-08 0.0719207 0.143111 0 0
 0 0 0 0 0 0 0 0 0 0
rmsmmqobij 20 d
 0.0719207 0.143111 0.302925 0.631542 0.208634 0.563014 0 0 0 0
 0 0 0 0 0 0 0 0 0 0
ITER 1 i 107
u1ave 1 d 1.03344
dpdx 1 d -0.00418178
zrotation 1 d 0.0775082
rmsmmu 20 d
 2.14197e-07 4.41791e-07 0.762015 1.24829 3.75168e-08 1.02732e-07 0.0719207 0.143111 0 0
 0 0 0 0 0 0 0 0 0 0
rmsmmqobij 20 d
 0.0719207 0.143111 0.302925 0.631542 0.208634 0.56301 0 0 0 0
 0 0 0 0 0 0 0 0 0 0
ITER 1 i 108
u1ave 1 d 1.03344
dpdx 1 d -0.00418178
zrotation 1 d 0.0775082
rmsmmu 20 d
 2.06556e-07 4.27023e-07 0.762015 1.24829 4.03767e-08 1.12885e-07 0.0719207 0.143111 0 0
 0 0 0 0 0 0 0 0 0 0
rmsmmqobij 20 d
 0.0719207 0.143111 0.302926 0.631542 0.208634 0.563005 0 0 0 0
 0 0 0 0 0 0 0 0 0 0
ITER 1 i 109
u1ave 1 d 1.03344
dpdx 1 d -0.00418178
zrotation 1 d 0.0775082
rmsmmu 20 d
 1.99337e-07 4.12982e-07 0.762015 1.24829 4.26853e-08 1.21019e-07 0.0719207 0.143111 0 0
 0 0 0 0 0 0 0 0 0 0
rmsmmqobij 20 d
 0.0719207 0.143111 0.302926 0.631543 0.208634 0.563001 0 0 0 0
 0 0 0 0 0 0 0 0 0 0
ITER 1 i 110
u1ave 1 d 1.03344
dpdx 1 d -0.00418178
zrotation 1 d 0.0775081
rmsmmu 20 d
 1.92504e-07 3.99611e-07 0.762015 1.24829 4.4458e-08 1.273e-07 0.0719207 0.143111 0 0
 0 0 0 0 0 0 0 0 0 0
rmsmmqobij 20 d
 0.0719207 0.143111 0.302926 0.631543 0.208634 0.562996 0 0 0 0
 0 0 0 0 0 0 0 0 0 0
ITER 1 i 111
u1ave 1 d 1.03344
dpdx 1 d -0.00418178
zrotation 1 d 0.0775081
rmsmmu 20 d
 1.86023e-07 3.86858e-07 0.762014 1.24829 4.57267e-08 1.31892e-07 0.0719207 0.143111 0 0
 0 0 0 0 0 0 0 0 0 0
rmsmmqobij 20 d
 0.0719207 0.143111 0.302927 0.631544 0.208634 0.562992 0 0 0 0
 0 0 0 0 0 0 0 0 0 0
ITER 1 i 112
u1ave 1 d 1.03344
dpdx 1 d -0.00418178
zrotation 1 d 0.0775081
rmsmmu 20 d
 1.79862e-07 3.74674e-07 0.762014 1.24829 4.65317e-08 1.34964e-07 0.0719207 0.143111 0 0
 0 0 0 0 0 0 0 0 0 0
rmsmmqobij 20 d
 0.0719207 0.143111 0.302927 0.631544 0.208634 0.562988 0 0 0 0
 0 0 0 0 0 0 0 0 0 0
ITER 1 i 113
u1ave 1 d 1.03344
dpdx 1 d -0.00418178
zrotation 1 d 0.0775081
rmsmmu 20 d
 1.73993e-07 3.63013e-07 0.762014 1.24829 4.69176e-08 1.36677e-07 0.0719207 0.143111 0 0
 0 0 0 0 0 0 0 0 0 0
rmsmmqobij 20 d
 0.0719207 0.143111 0.302927 0.631545 0.208634 0.562984 0 0 0 0
 0 0 0 0 0 0 0 0 0 0
ITER 1 i 114
u1ave 1 d 1.03344
dpdx 1 d -0.00418178
zrotation 1 d 0.0775081
rmsmmu 20 d
 1.6839e-07 3.51833e-07 0.762014 1.24829 4.69307e-08 1.37191e-07 0.0719207 0.143111 0 0
 0 0 0 0 0 0 0 0 0 0
rmsmmqobij 20 d
 0.0719207 0.143111 0.302927 0.631545 0.208635 0.56298 0 0 0 0
 0 0 0 0 0 0 0 0 0 0
ITER 1 i 115
u1ave 1 d 1.03344
dpdx 1 d -0.00418178
zrotation 1 d 0.0775081
rmsmmu 20 d
 1.6303e-07 3.41095e-07 0.762014 1.24829 4.6617e-08 1.36659e-07 0.0719207 0.143111 0 0
 0 0 0 0 0 0 0 0 0 0
rmsmmqobij 20 d
 0.0719207 0.143111 0.302927 0.631546 0.208635 0.562977 0 0 0 0
 0 0 0 0 0 0 0 0 0 0
ITER 1 i 116
u1ave 1 d 1.03344
dpdx 1 d -0.00418178
zrotation 1 d 0.077508
rmsmmu 20 d
 1.5789e-07 3.30763e-07 0.762014 1.24829 4.60215e-08 1.35225e-07 0.0719207 0.143111 0 0
 0 0 0 0 0 0 0 0 0 0
rmsmmqobij 20 d
 0.0719207 0.143111 0.302928 0.631546 0.208635 0.562973 0 0 0 0
 0 0 0 0 0 0 0 0 0 0
ITER 1 i 117
u1ave 1 d 1.03344
dpdx 1 d -0.00418178
zrotation 1 d 0.077508
rmsmmu 20 d
 1.52953e-07 3.20806e-07 0.762013 1.24829 4.5187e-08 1.33026e-07 0.0719207 0.143111 0 0
 0 0 0 0 0 0 0 0 0 0
rmsmmqobij 20 d
 0.0719207 0.143111 0.302928 0.631546 0.208635 0.56297 0 0 0 0
 0 0 0 0 0 0 0 0 0 0
ITER 1 i 118
u1ave 1 d 1.03344
dpdx 1 d -0.00418178
zrotation 1 d 0.077508
rmsmmu 20 d
 1.48202e-07 3.11194e-07 0.762013 1.24829 4.41539e-08 1.30189e-07 0.0719207 0.143111 0 0
 0 0 0 0 0 0 0 0 0 0
rmsmmqobij 20 d
 0.0719207 0.143111 0.302928 0.631547 0.208635 0.562966 0 0 0 0
 0 0 0 0 0 0 0 0 0 0
ITER 1 i 119
u1ave 1 d 1.03344
dpdx 1 d -0.00418178
zrotation 1 d 0.077508
rmsmmu 20 d
 1.43622e-07 3.01902e-07 0.762013 1.24829 4.29598e-08 1.26831e-07 0.0719207 0.143111 0 0
 0 0 0 0 0 0 0 0 0 0
rmsmmqobij 20 d
 0.0719207 0.143111 0.302928 0.631547 0.208635 0.562963 0 0 0 0
 0 0 0 0 0 0 0 0 0 0
ITER 1 i 120
u1ave 1 d 1.03344
dpdx 1 d -0.00418178
zrotation 1 d 0.077508
rmsmmu 20 d
 1.39201e-07 2.92906e-07 0.762013 1.24829 4.1639e-08 1.23061e-07 0.0719207 0.143111 0 0
 0 0 0 0 0 0 0 0 0 0
rmsmmqobij 20 d
 0.0719207 0.143111 0.302928 0.631547 0.208636 0.56296 0 0 0 0
 0 0 0 0 0 0 0 0 0 0
ITER 1 i 121
u1ave 1 d 1.03344
dpdx 1 d -0.00418178
zrotation 1 d 0.077508
rmsmmu 20 d
 1.34927e-07 2.84186e-07 0.762013 1.24829 4.02232e-08 1.18976e-07 0.0719207 0.143111 0 0
 0 0 0 0 0 0 0 0 0 0
rmsmmqobij 20 d
 0.0719207 0.143111 0.302929 0.631548 0.208636 0.562957 0 0 0 0
 0 0 0 0 0 0 0 0 0 0
ITER 1 i 122
u1ave 1 d 1.03344
dpdx 1 d -0.00418178
zrotation 1 d 0.077508
rmsmmu 20 d
 1.30791e-07 2.75724e-07 0.762013 1.24829 3.87403e-08 1.14665e-07 0.0719207 0.143111 0 0
 0 0 0 0 0 0 0 0 0 0
rmsmmqobij 20 d
 0.0719207 0.143111 0.302929 0.631548 0.208636 0.562954 0 0 0 0
 0 0 0 0 0 0 0 0 0 0
ITER 1 i 123
u1ave 1 d 1.03344
dpdx 1 d -0.00418178
zrotation 1 d 0.0775079
rmsmmu 20 d
 1.26784e-07 2.67504e-07 0.762013 1.24829 3.72156e-08 1.10204e-07 0.0719207 0.143111 0 0
 0 0 0 0 0 0 0 0 0 0
rmsmmqobij 20 d
 0.0719207 0.143111 0.302929 0.631548 0.208636 0.562951 0 0 0 0
 0 0 0 0 0 0 0 0 0 0
ITER 1 i 124
u1ave 1 d 1.03344
dpdx 1 d -0.00418178
zrotation 1 d 0.0775079
rmsmmu 20 d
 1.22898e-07 2.59512e-07 0.762013 1.24829 3.5671e-08 1.05664e-07 0.0719207 0.143111 0 0
 0 0 0 0 0 0 0 0 0 0
rmsmmqobij 20 d
 0.0719207 0.143111 0.302929 0.631549 0.208636 0.562948 0 0 0 0
 0 0 0 0 0 0 0 0 0 0
ITER 1 i 125
u1ave 1 d 1.03344
dpdx 1 d -0.00418178
zrotation 1 d 0.0775079
rmsmmu 20 d
 1.19127e-07 2.51736e-07 0.762012 1.24829 3.41258e-08 1.01105e-07 0.0719207 0.143111 0 0
 0 0 0 0 0 0 0 0 0 0
rmsmmqobij 20 d
 0.0719207 0.143111 0.302929 0.631549 0.208636 0.562946 0 0 0 0
 0 0 0 0 0 0 0 0 0 0
ITER 1 i 126
u1ave 1 d 1.03344
dpdx 1 d -0.00418178
zrotation 1 d 0.0775079
rmsmmu 20 d
 1.15465e-07 2.44167e-07 0.762012 1.24829 3.25963e-08 9.65774e-08 0.0719207 0.143111 0 0
 0 0 0 0 0 0 0 0 0 0
rmsmmqobij 20 d
 0.0719207 0.143111 0.302929 0.631549 0.208636 0.562943 0 0 0 0
 0 0 0 0 0 0 0 0 0 0
ITER 1 i 127
u1ave 1 d 1.03344
dpdx 1 d -0.00418178
zrotation 1 d 0.0775079
rmsmmu 20 d
 1.11908e-07 2.36795e-07 0.762012 1.24829 3.10963e-08 9.21256e-08 0.0719207 0.143111 0 0
 0 0 0 0 0 0 0 0 0 0
rmsmmqobij 20 d
 0.0719207 0.143111 0.30293 0.63155 0.208637 0.562941 0 0 0 0
 0 0 0 0 0 0 0 0 0 0
ITER 1 i 128
u1ave 1 d 1.03344
dpdx 1 d -0.00418178
zrotation 1 d 0.0775079
rmsmmu 20 d
 1.0845e-07 2.29612e-07 0.762012 1.24829 2.96373e-08 8.77858e-08 0.0719207 0.143111 0 0
 0 0 0 0 0 0 0 0 0 0
rmsmmqobij 20 d
 0.0719207 0.143111 0.30293 0.63155 0.208637 0.562938 0 0 0 0
 0 0 0 0 0 0 0 0 0 0
ITER 1 i 129
u1ave 1 d 1.03344
dpdx 1 d -0.00418178
zrotation 1 d 0.0775079
rmsmmu 20 d
 1.05087e-07 2.22614e-07 0.762012 1.24829 2.82282e-08 8.35878e-08 0.0719207 0.143111 0 0
 0 0 0 0 0 0 0 0 0 0
rmsmmqobij 20 d
 0.0719207 0.143111 0.30293 0.63155 0.208637 0.562936 0 0 0 0
 0 0 0 0 0 0 0 0 0 0
ITER 1 i 130
u1ave 1 d 1.03344
dpdx 1 d -0.00418178
zrotation 1 d 0.0775079
rmsmmu 20 d
 1.01817e-07 2.15793e-07 0.762012 1.24829 2.68764e-08 7.9555e-08 0.0719207 0.143111 0 0
 0 0 0 0 0 0 0 0 0 0
rmsmmqobij 20 d
 0.0719207 0.143111 0.30293 0.631551 0.208637 0.562934 0 0 0 0
 0 0 0 0 0 0 0 0 0 0
ITER 1 i 131
u1ave 1 d 1.03344
dpdx 1 d -0.00418178
zrotation 1 d 0.0775079
rmsmmu 20 d
 9.86358e-08 2.09145e-07 0.762012 1.24829 2.55872e-08 7.57052e-08 0.0719207 0.143111 0 0
 0 0 0 0 0 0 0 0 0 0
rmsmmqobij 20 d
 0.0719207 0.143111 0.30293 0.631551 0.208637 0.562932 0 0 0 0
 0 0 0 0 0 0 0 0 0 0
ITER 1 i 132
u1ave 1 d 1.03344
dpdx 1 d -0.00418178
zrotation 1 d 0.0775078
rmsmmu 20 d
 9.55409e-08 2.02666e-07 0.762012 1.24829 2.43643e-08 7.20513e-08 0.0719207 0.143111 0 0
 0 0 0 0 0 0 0 0 0 0
rmsmmqobij 20 d
 0.0719207 0.143111 0.30293 0.631551 0.208637 0.56293 0 0 0 0
 0 0 0 0 0 0 0 0 0 0
ITER 1 i 133
u1ave 1 d 1.03344
dpdx 1 d -0.00418178
zrotation 1 d 0.0775078
rmsmmu 20 d
 9.25299e-08 1.96354e-07 0.762012 1.24829 2.32099e-08 6.86017e-08 0.0719207 0.14311 0 0
 0 0 0 0 0 0 0 0 0 0
rmsmmqobij 20 d
 0.0719207 0.14311 0.30293 0.631551 0.208638 0.562928 0 0 0 0
 0 0 0 0 0 0 0 0 0 0
ITER 1 i 134
u1ave 1 d 1.03344
dpdx 1 d -0.00418178
zrotation 1 d 0.0775078
rmsmmu 20 d
 8.96006e-08 1.90204e-07 0.762012 1.24829 2.21252e-08 6.5361e-08 0.0719207 0.14311 0 0
 0 0 0 0 0 0 0 0 0 0
rmsmmqobij 20 d
 0.0719207 0.14311 0.302931 0.631552 0.208638 0.562926 0 0 0 0
 0 0 0 0 0 0 0 0 0 0
ITER 1 i 135
u1ave 1 d 1.03344
dpdx 1 d -0.00418178
zrotation 1 d 0.0775078
rmsmmu 20 d
 8.67509e-08 1.84214e-07 0.762011 1.24829 2.11102e-08 6.23304e-08 0.0719207 0.14311 0 0
 0 0 0 0 0 0 0 0 0 0
rmsmmqobij 20 d
 0.0719207 0.14311 0.302931 0.631552 0.208638 0.562924 0 0 0 0
 0 0 0 0 0 0 0 0 0 0
ITER 1 i 136
u1ave 1 d 1.03344
dpdx 1 d -0.00418178
zrotation 1 d 0.0775078
rmsmmu 20 d
 8.39791e-08 1.78382e-07 0.762011 1.24829 2.01639e-08 5.95081e-08 0.0719207 0.14311 0 0
 0 0 0 0 0 0 0 0 0 0
rmsmmqobij 20 d
 0.0719207 0.14311 0.302931 0.631552 0.208638 0.562922 0 0 0 0
 0 0 0 0 0 0 0 0 0 0
ITER 1 i 137
u1ave 1 d 1.03344
dpdx 1 d -0.00418178
zrotation 1 d 0.0775078
rmsmmu 20 d
 8.12834e-08 1.72705e-07 0.762011 1.24829 1.92848e-08 5.689e-08 0.0719207 0.14311 0 0
 0 0 0 0 0 0 0 0 0 0
rmsmmqobij 20 d
 0.0719207 0.14311 0.302931 0.631552 0.208638 0.56292 0 0 0 0
 0 0 0 0 0 0 0 0 0 0
ITER 1 i 138
u1ave 1 d 1.03344
dpdx 1 d -0.00418178
zrotation 1 d 0.0775078
rmsmmu 20 d
 7.86624e-08 1.67181e-07 0.762011 1.24829 1.84706e-08 5.447e-08 0.0719207 0.14311 0 0
 0 0 0 0 0 0 0 0 0 0
rmsmmqobij 20 d
 0.0719207 0.14311 0.302931 0.631553 0.208638 0.562918 0 0 0 0
 0 0 0 0 0 0 0 0 0 0
ITER 1 i 139
u1ave 1 d 1.03344
dpdx 1 d -0.00418178
zrotation 1 d 0.0775078
rmsmmu 20 d
 7.61145e-08 1.61809e-07 0.762011 1.24829 1.77186e-08 5.22403e-08 0.0719207 0.14311 0 0
 0 0 0 0 0 0 0 0 0 0
rmsmmqobij 20 d
 0.0719207 0.14311 0.302931 0.631553 0.208639 0.562917 0 0 0 0
 0 0 0 0 0 0 0 0 0 0
ITER 1 i 140
u1ave 1 d 1.03344
dpdx 1 d -0.00418178
zrotation 1 d 0.0775078
rmsmmu 20 d
 7.36383e-08 1.56586e-07 0.762011 1.24829 1.70256e-08 5.01918e-08 0.0719207 0.14311 0 0
 0 0 0 0 0 0 0 0 0 0
rmsmmqobij 20 d
 0.0719207 0.14311 0.302931 0.631553 0.208639 0.562915 0 0 0 0
 0 0 0 0 0 0 0 0 0 0
ITER 1 i 141
u1ave 1 d 1.03344
dpdx 1 d -0.00418178
zrotation 1 d 0.0775078
rmsmmu 20 d
 7.12327e-08 1.5151e-07 0.762011 1.24829 1.63885e-08 4.83146e-08 0.0719207 0.14311 0 0
 0 0 0 0 0 0 0 0 0 0
rmsmmqobij 20 d
 0.0719207 0.14311 0.302931 0.631553 0.208639 0.562913 0 0 0 0
 0 0 0 0 0 0 0 0 0 0
ITER 1 i 142
u1ave 1 d 1.03344
dpdx 1 d -0.00418178
zrotation 1 d 0.0775078
rmsmmu 20 d
 6.88962e-08 1.46579e-07 0.762011 1.24829 1.58036e-08 4.65979e-08 0.0719207 0.14311 0 0
 0 0 0 0 0 0 0 0 0 0
rmsmmqobij 20 d
 0.0719207 0.14311 0.302931 0.631553 0.208639 0.562912 0 0 0 0
 0 0 0 0 0 0 0 0 0 0
ITER 1 i 143
u1ave 1 d 1.03344
dpdx 1 d -0.00418178
zrotation 1 d 0.0775078
rmsmmu 20 d
 6.66276e-08 1.41791e-07 0.762011 1.24829 1.52673e-08 4.50307e-08 0.0719207 0.14311 0 0
 0 0 0 0 0 0 0 0 0 0
rmsmmqobij 20 d
 0.0719207 0.14311 0.302932 0.631553 0.208639 0.56291 0 0 0 0
 0 0 0 0 0 0 0 0 0 0
ITER 1 i 144
u1ave 1 d 1.03344
dpdx 1 d -0.00418178
zrotation 1 d 0.0775078
rmsmmu 20 d
 6.44258e-08 1.37144e-07 0.762011 1.24829 1.47761e-08 4.36016e-08 0.0719207 0.14311 0 0
 0 0 0 0 0 0 0 0 0 0
rmsmmqobij 20 d
 0.0719207 0.14311 0.302932 0.631554 0.208639 0.562909 0 0 0 0
 0 0 0 0 0 0 0 0 0 0
ITER 1 i 145
u1ave 1 d 1.03344
dpdx 1 d -0.00418178
zrotation 1 d 0.0775078
rmsmmu 20 d
 6.22894e-08 1.32635e-07 0.762011 1.24829 1.43263e-08 4.22993e-08 0.0719207 0.14311 0 0
 0 0 0 0 0 0 0 0 0 0
rmsmmqobij 20 d
 0.0719207 0.14311 0.302932 0.631554 0.20864 0.562908 0 0 0 0
 0 0 0 0 0 0 0 0 0 0
ITER 1 i 146
u1ave 1 d 1.03344
dpdx 1 d -0.00418178
zrotation 1 d 0.0775077
rmsmmu 20 d
 6.02173e-08 1.28263e-07 0.762011 1.24829 1.39143e-08 4.11126e-08 0.0719207 0.14311 0 0
 0 0 0 0 0 0 0 0 0 0
rmsmmqobij 20 d
 0.0719207 0.14311 0.302932 0.631554 0.20864 0.562906 0 0 0 0
 0 0 0 0 0 0 0 0 0 0
ITER 1 i 147
u1ave 1 d 1.03344
dpdx 1 d -0.00418178
zrotation 1 d 0.0775077
rmsmmu 20 d
 5.82081e-08 1.24024e-07 0.762011 1.24829 1.35367e-08 4.00306e-08 0.0719207 0.14311 0 0
 0 0 0 0 0 0 0 0 0 0
rmsmmqobij 20 d
 0.0719207 0.14311 0.302932 0.631554 0.20864 0.562905 0 0 0 0
 0 0 0 0 0 0 0 0 0 0
ITER 1 i 148
u1ave 1 d 1.03344
dpdx 1 d -0.00418178
zrotation 1 d 0.0775077
rmsmmu 20 d
 5.62608e-08 1.19916e-07 0.762011 1.24829 1.31901e-08 3.90428e-08 0.0719207 0.14311 0 0
 0 0 0 0 0 0 0 0 0 0
rmsmmqobij 20 d
 0.0719207 0.14311 0.302932 0.631554 0.20864 0.562904 0 0 0 0
 0 0 0 0 0 0 0 0 0 0
ITER 1 i 149
u1ave 1 d 1.03344
dpdx 1 d -0.00418178
zrotation 1 d 0.0775077
rmsmmu 20 d
 5.43738e-08 1.15936e-07 0.762011 1.24829 1.28714e-08 3.81391e-08 0.0719207 0.14311 0 0
 0 0 0 0 0 0 0 0 0 0
rmsmmqobij 20 d
 0.0719207 0.14311 0.302932 0.631554 0.20864 0.562903 0 0 0 0
 0 0 0 0 0 0 0 0 0 0
ITER 1 i 150
u1ave 1 d 1.03344
dpdx 1 d -0.00418178
zrotation 1 d 0.0775077
rmsmmu 20 d
 5.25461e-08 1.12082e-07 0.762011 1.24829 1.25776e-08 3.73099e-08 0.0719207 0.14311 0 0
 0 0 0 0 0 0 0 0 0 0
rmsmmqobij 20 d
 0.0719207 0.14311 0.302932 0.631555 0.20864 0.562901 0 0 0 0
 0 0 0 0 0 0 0 0 0 0
ITER 1 i 151
u1ave 1 d 1.03344
dpdx 1 d -0.00418178
zrotation 1 d 0.0775077
rmsmmu 20 d
 5.07763e-08 1.08351e-07 0.76201 1.24829 1.23058e-08 3.65463e-08 0.0719207 0.14311 0 0
 0 0 0 0 0 0 0 0 0 0
rmsmmqobij 20 d
 0.0719207 0.14311 0.302932 0.631555 0.208641 0.5629 0 0 0 0
 0 0 0 0 0 0 0 0 0 0
ITER 1 i 152
u1ave 1 d 1.03344
dpdx 1 d -0.00418178
zrotation 1 d 0.0775077
rmsmmu 20 d
 4.9063e-08 1.04739e-07 0.76201 1.24829 1.20533e-08 3.584e-08 0.0719207 0.14311 0 0
 0 0 0 0 0 0 0 0 0 0
rmsmmqobij 20 d
 0.0719207 0.14311 0.302932 0.631555 0.208641 0.562899 0 0 0 0
 0 0 0 0 0 0 0 0 0 0
ITER 1 i 153
u1ave 1 d 1.03344
dpdx 1 d -0.00418178
zrotation 1 d 0.0775077
rmsmmu 20 d
 4.7405e-08 1.01245e-07 0.76201 1.24829 1.18178e-08 3.51833e-08 0.0719207 0.14311 0 0
 0 0 0 0 0 0 0 0 0 0
rmsmmqobij 20 d
 0.0719207 0.14311 0.302932 0.631555 0.208641 0.562898 0 0 0 0
 0 0 0 0 0 0 0 0 0 0
ITER 1 i 154
u1ave 1 d 1.03344
dpdx 1 d -0.00418178
zrotation 1 d 0.0775077
rmsmmu 20 d
 4.58008e-08 9.78641e-08 0.76201 1.24829 1.1597e-08 3.45692e-08 0.0719207 0.14311 0 0
 0 0 0 0 0 0 0 0 0 0
rmsmmqobij 20 d
 0.0719207 0.14311 0.302932 0.631555 0.208641 0.562897 0 0 0 0
 0 0 0 0 0 0 0 0 0 0
ITER 1 i 155
u1ave 1 d 1.03344
dpdx 1 d -0.00418178
zrotation 1 d 0.0775077
rmsmmu 20 d
 4.42491e-08 9.45945e-08 0.76201 1.24829 1.13888e-08 3.39913e-08 0.0719207 0.14311 0 0
 0 0 0 0 0 0 0 0 0 0
rmsmmqobij 20 d
 0.0719207 0.14311 0.302932 0.631555 0.208641 0.562896 0 0 0 0
 0 0 0 0 0 0 0 0 0 0
ITER 1 i 156
u1ave 1 d 1.03344
dpdx 1 d -0.00418178
zrotation 1 d 0.0775077
rmsmmu 20 d
 4.27485e-08 9.14328e-08 0.76201 1.24829 1.11914e-08 3.34438e-08 0.0719207 0.14311 0 0
 0 0 0 0 0 0 0 0 0 0
rmsmmqobij 20 d
 0.0719207 0.14311 0.302933 0.631555 0.208641 0.562895 0 0 0 0
 0 0 0 0 0 0 0 0 0 0
ITER 1 i 157
u1ave 1 d 1.03344
dpdx 1 d -0.00418178
zrotation 1 d 0.0775077
rmsmmu 20 d
 4.12976e-08 8.8376e-08 0.76201 1.24829 1.10031e-08 3.29216e-08 0.0719207 0.14311 0 0
 0 0 0 0 0 0 0 0 0 0
rmsmmqobij 20 d
 0.0719207 0.14311 0.302933 0.631555 0.208641 0.562894 0 0 0 0
 0 0 0 0 0 0 0 0 0 0
ITER 1 i 158
u1ave 1 d 1.03344
dpdx 1 d -0.00418178
zrotation 1 d 0.0775077
rmsmmu 20 d
 3.98951e-08 8.5421e-08 0.76201 1.24829 1.08223e-08 3.24201e-08 0.0719207 0.14311 0 0
 0 0 0 0 0 0 0 0 0 0
rmsmmqobij 20 d
 0.0719207 0.14311 0.302933 0.631556 0.208642 0.562893 0 0 0 0
 0 0 0 0 0 0 0 0 0 0
ITER 1 i 159
u1ave 1 d 1.03344
dpdx 1 d -0.00418178
zrotation 1 d 0.0775077
rmsmmu 20 d
 3.85395e-08 8.25648e-08 0.76201 1.24829 1.06479e-08 3.19355e-08 0.0719207 0.14311 0 0
 0 0 0 0 0 0 0 0 0 0
rmsmmqobij 20 d
 0.0719207 0.14311 0.302933 0.631556 0.208642 0.562892 0 0 0 0
 0 0 0 0 0 0 0 0 0 0
ITER 1 i 160
u1ave 1 d 1.03344
dpdx 1 d -0.00418178
zrotation 1 d 0.0775077
rmsmmu 20 d
 3.72294e-08 7.98043e-08 0.76201 1.24829 1.04786e-08 3.14641e-08 0.0719207 0.14311 0 0
 0 0 0 0 0 0 0 0 0 0
rmsmmqobij 20 d
 0.0719207 0.14311 0.302933 0.631556 0.208642 0.562892 0 0 0 0
 0 0 0 0 0 0 0 0 0 0
ITER 1 i 161
u1ave 1 d 1.03344
dpdx 1 d -0.00418178
zrotation 1 d 0.0775077
rmsmmu 20 d
 3.59636e-08 7.71367e-08 0.76201 1.24829 1.03135e-08 3.10031e-08 0.0719207 0.14311 0 0
 0 0 0 0 0 0 0 0 0 0
rmsmmqobij 20 d
 0.0719207 0.14311 0.302933 0.631556 0.208642 0.562891 0 0 0 0
 0 0 0 0 0 0 0 0 0 0
ITER 1 i 162
u1ave 1 d 1.03344
dpdx 1 d -0.00418178
zrotation 1 d 0.0775077
rmsmmu 20 d
 3.47405e-08 7.45589e-08 0.76201 1.24829 1.01517e-08 3.055e-08 0.0719207 0.14311 0 0
 0 0 0 0 0 0 0 0 0 0
rmsmmqobij 20 d
 0.0719207 0.14311 0.302933 0.631556 0.208642 0.56289 0 0 0 0
 0 0 0 0 0 0 0 0 0 0
ITER 1 i 163
u1ave 1 d 1.03344
dpdx 1 d -0.00418178
zrotation 1 d 0.0775077
rmsmmu 20 d
 3.3559e-08 7.2068e-08 0.76201 1.24829 9.99256e-09 3.01027e-08 0.0719207 0.14311 0 0
 0 0 0 0 0 0 0 0 0 0
rmsmmqobij 20 d
 0.0719207 0.14311 0.302933 0.631556 0.208642 0.562889 0 0 0 0
 0 0 0 0 0 0 0 0 0 0
ITER 1 i 164
u1ave 1 d 1.03344
dpdx 1 d -0.00418178
zrotation 1 d 0.0775077
rmsmmu 20 d
 3.24175e-08 6.96612e-08 0.76201 1.24829 9.83542e-09 2.96595e-08 0.0719207 0.14311 0 0
 0 0 0 0 0 0 0 0 0 0
rmsmmqobij 20 d
 0.0719207 0.14311 0.302933 0.631556 0.208642 0.562889 0 0 0 0
 0 0 0 0 0 0 0 0 0 0
ITER 1 i 165
u1ave 1 d 1.03344
dpdx 1 d -0.00418178
zrotation 1 d 0.0775077
rmsmmu 20 d
 3.13149e-08 6.73357e-08 0.76201 1.24829 9.67983e-09 2.92191e-08 0.0719207 0.14311 0 0
 0 0 0 0 0 0 0 0 0 0
rmsmmqobij 20 d
 0.0719207 0.14311 0.302933 0.631556 0.208643 0.562888 0 0 0 0
 0 0 0 0 0 0 0 0 0 0
ITER 1 i 166
u1ave 1 d 1.03344
dpdx 1 d -0.00418178
zrotation 1 d 0.0775077
rmsmmu 20 d
 3.02498e-08 6.50888e-08 0.76201 1.24829 9.52543e-09 2.87804e-08 0.0719207 0.14311 0 0
 0 0 0 0 0 0 0 0 0 0
rmsmmqobij 20 d
 0.0719207 0.14311 0.302933 0.631556 0.208643 0.562887 0 0 0 0
 0 0 0 0 0 0 0 0 0 0
ITER 1 i 167
u1ave 1 d 1.03344
dpdx 1 d -0.00418178
zrotation 1 d 0.0775077
rmsmmu 20 d
 2.92211e-08 6.29177e-08 0.76201 1.24829 9.37194e-09 2.83426e-08 0.0719207 0.14311 0 0
 0 0 0 0 0 0 0 0 0 0
rmsmmqobij 20 d
 0.0719207 0.14311 0.302933 0.631556 0.208643 0.562886 0 0 0 0
 0 0 0 0 0 0 0 0 0 0
ITER 1 i 168
u1ave 1 d 1.03344
dpdx 1 d -0.00418178
zrotation 1 d 0.0775077
rmsmmu 20 d
 2.82273e-08 6.08199e-08 0.76201 1.24829 9.21915e-09 2.79053e-08 0.0719207 0.14311 0 0
 0 0 0 0 0 0 0 0 0 0
rmsmmqobij 20 d
 0.0719207 0.14311 0.302933 0.631557 0.208643 0.562886 0 0 0 0
 0 0 0 0 0 0 0 0 0 0
ITER 1 i 169
u1ave 1 d 1.03344
dpdx 1 d -0.00418178
zrotation 1 d 0.0775077
rmsmmu 20 d
 2.72675e-08 5.87928e-08 0.76201 1.24829 9.06694e-09 2.74682e-08 0.0719207 0.14311 0 0
 0 0 0 0 0 0 0 0 0 0
rmsmmqobij 20 d
 0.0719207 0.14311 0.302933 0.631557 0.208643 0.562885 0 0 0 0
 0 0 0 0 0 0 0 0 0 0
ITER 1 i 170
u1ave 1 d 1.03344
dpdx 1 d -0.00418178
zrotation 1 d 0.0775077
rmsmmu 20 d
 2.63403e-08 5.6834e-08 0.76201 1.24829 8.91522e-09 2.7031e-08 0.0719207 0.14311 0 0
 0 0 0 0 0 0 0 0 0 0
rmsmmqobij 20 d
 0.0719207 0.14311 0.302933 0.631557 0.208643 0.562885 0 0 0 0
 0 0 0 0 0 0 0 0 0 0
ITER 1 i 171
u1ave 1 d 1.03344
dpdx 1 d -0.00418178
zrotation 1 d 0.0775076
rmsmmu 20 d
 2.54447e-08 5.49411e-08 0.76201 1.24829 8.76398e-09 2.65938e-08 0.0719207 0.14311 0 0
 0 0 0 0 0 0 0 0 0 0
rmsmmqobij 20 d
 0.0719207 0.14311 0.302933 0.631557 0.208643 0.562884 0 0 0 0
 0 0 0 0 0 0 0 0 0 0
ITER 1 i 172
u1ave 1 d 1.03344
dpdx 1 d -0.00418178
zrotation 1 d 0.0775076
rmsmmu 20 d
 2.45795e-08 5.31118e-08 0.76201 1.24829 8.61324e-09 2.61567e-08 0.0719207 0.14311 0 0
 0 0 0 0 0 0 0 0 0 0
rmsmmqobij 20 d
 0.0719207 0.14311 0.302933 0.631557 0.208643 0.562883 0 0 0 0
 0 0 0 0 0 0 0 0 0 0
ITER 1 i 173
u1ave 1 d 1.03344
dpdx 1 d -0.00418178
zrotation 1 d 0.0775076
rmsmmu 20 d
 2.37438e-08 5.13438e-08 0.76201 1.24829 8.46304e-09 2.572e-08 0.0719207 0.14311 0 0
 0 0 0 0 0 0 0 0 0 0
rmsmmqobij 20 d
 0.0719207 0.14311 0.302933 0.631557 0.208644 0.562883 0 0 0 0
 0 0 0 0 0 0 0 0 0 0
ITER 1 i 174
u1ave 1 d 1.03344
dpdx 1 d -0.00418178
zrotation 1 d 0.0775076
rmsmmu 20 d
 2.29364e-08 4.9635e-08 0.76201 1.24829 8.31348e-09 2.52839e-08 0.0719207 0.14311 0 0
 0 0 0 0 0 0 0 0 0 0
rmsmmqobij 20 d
 0.0719207 0.14311 0.302933 0.631557 0.208644 0.562882 0 0 0 0
 0 0 0 0 0 0 0 0 0 0
ITER 1 i 175
u1ave 1 d 1.03344
dpdx 1 d -0.00418178
zrotation 1 d 0.0775076
rmsmmu 20 d
 2.21563e-08 4.79834e-08 0.76201 1.24829 8.16464e-09 2.48489e-08 0.0719207 0.14311 0 0
 0 0 0 0 0 0 0 0 0 0
rmsmmqobij 20 d
 0.0719207 0.14311 0.302933 0.631557 0.208644 0.562882 0 0 0 0
 0 0 0 0 0 0 0 0 0 0
ITER 1 i 176
u1ave 1 d 1.03344
dpdx 1 d -0.00418178
zrotation 1 d 0.0775076
rmsmmu 20 d
 2.14027e-08 4.63868e-08 0.76201 1.24829 8.01664e-09 2.44154e-08 0.0719207 0.14311 0 0
 0 0 0 0 0 0 0 0 0 0
rmsmmqobij 20 d
 0.0719207 0.14311 0.302933 0.631557 0.208644 0.562881 0 0 0 0
 0 0 0 0 0 0 0 0 0 0
ITER 1 i 177
u1ave 1 d 1.03344
dpdx 1 d -0.00418178
zrotation 1 d 0.0775076
rmsmmu 20 d
 2.06745e-08 4.48434e-08 0.76201 1.24829 7.86962e-09 2.39838e-08 0.0719207 0.14311 0 0
 0 0 0 0 0 0 0 0 0 0
rmsmmqobij 20 d
 0.0719207 0.14311 0.302933 0.631557 0.208644 0.562881 0 0 0 0
 0 0 0 0 0 0 0 0 0 0
ITER 1 i 178
u1ave 1 d 1.03344
dpdx 1 d -0.00418178
zrotation 1 d 0.0775076
rmsmmu 20 d
 1.99709e-08 4.33514e-08 0.76201 1.24829 7.72371e-09 2.35545e-08 0.0719207 0.14311 0 0
 0 0 0 0 0 0 0 0 0 0
rmsmmqobij 20 d
 0.0719207 0.14311 0.302933 0.631557 0.208644 0.56288 0 0 0 0
 0 0 0 0 0 0 0 0 0 0
ITER 1 i 179
u1ave 1 d 1.03344
dpdx 1 d -0.00418178
zrotation 1 d 0.0775076
rmsmmu 20 d
 1.92911e-08 4.19088e-08 0.76201 1.24829 7.57903e-09 2.31281e-08 0.0719207 0.14311 0 0
 0 0 0 0 0 0 0 0 0 0
rmsmmqobij 20 d
 0.0719207 0.14311 0.302933 0.631557 0.208644 0.56288 0 0 0 0
 0 0 0 0 0 0 0 0 0 0
ITER 1 i 180
u1ave 1 d 1.03344
dpdx 1 d -0.00418178
zrotation 1 d 0.0775076
rmsmmu 20 d
 1.86341e-08 4.0514e-08 0.76201 1.24829 7.43572e-09 2.27049e-08 0.0719207 0.14311 0 0
 0 0 0 0 0 0 0 0 0 0
rmsmmqobij 20 d
 0.0719207 0.14311 0.302933 0.631557 0.208644 0.562879 0 0 0 0
 0 0 0 0 0 0 0 0 0 0
ITER 1 i 181
u1ave 1 d 1.03344
dpdx 1 d -0.00418178
zrotation 1 d 0.0775076
rmsmmu 20 d
 1.79992e-08 3.91654e-08 0.76201 1.24829 7.29392e-09 2.22854e-08 0.0719207 0.14311 0 0
 0 0 0 0 0 0 0 0 0 0
rmsmmqobij 20 d
 0.0719207 0.14311 0.302934 0.631557 0.208645 0.562879 0 0 0 0
 0 0 0 0 0 0 0 0 0 0
ITER 1 i 182
u1ave 1 d 1.03344
dpdx 1 d -0.00418178
zrotation 1 d 0.0775076
rmsmmu 20 d
 1.73856e-08 3.78613e-08 0.76201 1.24829 7.15375e-09 2.18701e-08 0.0719207 0.14311 0 0
 0 0 0 0 0 0 0 0 0 0
rmsmmqobij 20 d
 0.0719207 0.14311 0.302934 0.631557 0.208645 0.562879 0 0 0 0
 0 0 0 0 0 0 0 0 0 0
ITER 1 i 183
u1ave 1 d 1.03343
dpdx 1 d -0.00418178
zrotation 1 d 0.0775076
rmsmmu 20 d
 1.67926e-08 3.66002e-08 0.76201 1.24829 7.01532e-09 2.14593e-08 0.0719207 0.14311 0 0
 0 0 0 0 0 0 0 0 0 0
rmsmmqobij 20 d
 0.0719207 0.14311 0.302934 0.631557 0.208645 0.562878 0 0 0 0
 0 0 0 0 0 0 0 0 0 0
ITER 1 i 184
u1ave 1 d 1.03343
dpdx 1 d -0.00418178
zrotation 1 d 0.0775076
rmsmmu 20 d
 1.62195e-08 3.53806e-08 0.76201 1.24829 6.87874e-09 2.10535e-08 0.0719207 0.14311 0 0
 0 0 0 0 0 0 0 0 0 0
rmsmmqobij 20 d
 0.0719207 0.14311 0.302934 0.631557 0.208645 0.562878 0 0 0 0
 0 0 0 0 0 0 0 0 0 0
ITER 1 i 185
u1ave 1 d 1.03343
dpdx 1 d -0.00418178
zrotation 1 d 0.0775076
rmsmmu 20 d
 1.56655e-08 3.42011e-08 0.76201 1.24829 6.7441e-09 2.06528e-08 0.0719207 0.14311 0 0
 0 0 0 0 0 0 0 0 0 0
rmsmmqobij 20 d
 0.0719207 0.14311 0.302934 0.631558 0.208645 0.562878 0 0 0 0
 0 0 0 0 0 0 0 0 0 0
ITER 1 i 186
u1ave 1 d 1.03343
dpdx 1 d -0.00418178
zrotation 1 d 0.0775076
rmsmmu 20 d
 1.51301e-08 3.30604e-08 0.76201 1.24829 6.61151e-09 2.02577e-08 0.0719207 0.14311 0 0
 0 0 0 0 0 0 0 0 0 0
rmsmmqobij 20 d
 0.0719207 0.14311 0.302934 0.631558 0.208645 0.562877 0 0 0 0
 0 0 0 0 0 0 0 0 0 0
ITER 1 i 187
u1ave 1 d 1.03343
dpdx 1 d -0.00418178
zrotation 1 d 0.0775076
rmsmmu 20 d
 1.46126e-08 3.19572e-08 0.76201 1.24829 6.48103e-09 1.98684e-08 0.0719207 0.14311 0 0
 0 0 0 0 0 0 0 0 0 0
rmsmmqobij 20 d
 0.0719207 0.14311 0.302934 0.631558 0.208645 0.562877 0 0 0 0
 0 0 0 0 0 0 0 0 0 0
ITER 1 i 188
u1ave 1 d 1.03343
dpdx 1 d -0.00418178
zrotation 1 d 0.0775076
rmsmmu 20 d
 1.41123e-08 3.08901e-08 0.76201 1.24829 6.35272e-09 1.94851e-08 0.0719207 0.14311 0 0
 0 0 0 0 0 0 0 0 0 0
rmsmmqobij 20 d
 0.0719207 0.14311 0.302934 0.631558 0.208645 0.562876 0 0 0 0
 0 0 0 0 0 0 0 0 0 0
ITER 1 i 189
u1ave 1 d 1.03343
dpdx 1 d -0.00418178
zrotation 1 d 0.0775076
rmsmmu 20 d
 1.36288e-08 2.9858e-08 0.76201 1.24829 6.22665e-09 1.9108e-08 0.0719207 0.14311 0 0
 0 0 0 0 0 0 0 0 0 0
rmsmmqobij 20 d
 0.0719207 0.14311 0.302934 0.631558 0.208645 0.562876 0 0 0 0
 0 0 0 0 0 0 0 0 0 0
ITER 1 i 190
u1ave 1 d 1.03343
dpdx 1 d -0.00418178
zrotation 1 d 0.0775076
rmsmmu 20 d
 1.31614e-08 2.88597e-08 0.762009 1.24829 6.10285e-09 1.87374e-08 0.0719207 0.14311 0 0
 0 0 0 0 0 0 0 0 0 0
rmsmmqobij 20 d
 0.0719207 0.14311 0.302934 0.631558 0.208646 0.562876 0 0 0 0
 0 0 0 0 0 0 0 0 0 0
ITER 1 i 191
u1ave 1 d 1.03343
dpdx 1 d -0.00418178
zrotation 1 d 0.0775076
rmsmmu 20 d
 1.27096e-08 2.78941e-08 0.762009 1.24829 5.98136e-09 1.83732e-08 0.0719207 0.14311 0 0
 0 0 0 0 0 0 0 0 0 0
rmsmmqobij 20 d
 0.0719207 0.14311 0.302934 0.631558 0.208646 0.562876 0 0 0 0
 0 0 0 0 0 0 0 0 0 0
ITER 1 i 192
u1ave 1 d 1.03343
dpdx 1 d -0.00418178
zrotation 1 d 0.0775076
rmsmmu 20 d
 1.22729e-08 2.69601e-08 0.762009 1.24829 5.8622e-09 1.80157e-08 0.0719207 0.14311 0 0
 0 0 0 0 0 0 0 0 0 0
rmsmmqobij 20 d
 0.0719207 0.14311 0.302934 0.631558 0.208646 0.562875 0 0 0 0
 0 0 0 0 0 0 0 0 0 0
ITER 1 i 193
u1ave 1 d 1.03343
dpdx 1 d -0.00418178
zrotation 1 d 0.0775076
rmsmmu 20 d
 1.18507e-08 2.60566e-08 0.762009 1.24829 5.74538e-09 1.76648e-08 0.0719207 0.14311 0 0
 0 0 0 0 0 0 0 0 0 0
rmsmmqobij 20 d
 0.0719207 0.14311 0.302934 0.631558 0.208646 0.562875 0 0 0 0
 0 0 0 0 0 0 0 0 0 0
ITER 1 i 194
u1ave 1 d 1.03343
dpdx 1 d -0.00418178
zrotation 1 d 0.0775076
rmsmmu 20 d
 1.14427e-08 2.51828e-08 0.762009 1.24829 5.63092e-09 1.73206e-08 0.0719207 0.14311 0 0
 0 0 0 0 0 0 0 0 0 0
rmsmmqobij 20 d
 0.0719207 0.14311 0.302934 0.631558 0.208646 0.562875 0 0 0 0
 0 0 0 0 0 0 0 0 0 0
ITER 1 i 195
u1ave 1 d 1.03343
dpdx 1 d -0.00418178
zrotation 1 d 0.0775076
rmsmmu 20 d
 1.10482e-08 2.43375e-08 0.762009 1.24829 5.51879e-09 1.69832e-08 0.0719207 0.14311 0 0
 0 0 0 0 0 0 0 0 0 0
rmsmmqobij 20 d
 0.0719207 0.14311 0.302934 0.631558 0.208646 0.562874 0 0 0 0
 0 0 0 0 0 0 0 0 0 0
ITER 1 i 196
u1ave 1 d 1.03343
dpdx 1 d -0.00418178
zrotation 1 d 0.0775076
rmsmmu 20 d
 1.0667e-08 2.35199e-08 0.762009 1.24829 5.409e-09 1.66525e-08 0.0719207 0.14311 0 0
 0 0 0 0 0 0 0 0 0 0
rmsmmqobij 20 d
 0.0719207 0.14311 0.302934 0.631558 0.208646 0.562874 0 0 0 0
 0 0 0 0 0 0 0 0 0 0
ITER 1 i 197
u1ave 1 d 1.03343
dpdx 1 d -0.00418178
zrotation 1 d 0.0775076
rmsmmu 20 d
 1.02985e-08 2.27291e-08 0.762009 1.24828 5.30153e-09 1.63284e-08 0.0719207 0.14311 0 0
 0 0 0 0 0 0 0 0 0 0
rmsmmqobij 20 d
 0.0719207 0.14311 0.302934 0.631558 0.208646 0.562874 0 0 0 0
 0 0 0 0 0 0 0 0 0 0
ITER 1 i 198
u1ave 1 d 1.03343
dpdx 1 d -0.00418178
zrotation 1 d 0.0775076
rmsmmu 20 d
 9.94228e-09 2.19642e-08 0.762009 1.24828 5.19635e-09 1.6011e-08 0.0719207 0.14311 0 0
 0 0 0 0 0 0 0 0 0 0
rmsmmqobij 20 d
 0.0719207 0.14311 0.302934 0.631558 0.208646 0.562874 0 0 0 0
 0 0 0 0 0 0 0 0 0 0
