Rd 1 d 6000
Rtau 1 d 388
Ro 1 d 0.05
vlamc 1 d 0.000333333
dpdx 1 d -0.00418178
ITER 1 i 1
u1ave 1 d 0.991222
dpdx 1 d -0.00418178
zrotation 1 d 0.0248903
rmsmmu 20 d
 9.58216e-09 2.27771e-08 0.730933 1.14132 0.00242147 0.00478551 0.0756727 0.130785 0 0
 0 0 0 0 0 0 0 0 0 0
rmsmmqobij 20 d
 0.0756727 0.130785 0.268546 0.399269 0.222913 0.562782 0 0 0 0
 0 0 0 0 0 0 0 0 0 0
ITER 1 i 2
u1ave 1 d 0.993162
dpdx 1 d -0.00418178
zrotation 1 d 0.0248597
rmsmmu 20 d
 0.0184088 0.0386844 0.732752 1.14206 0.00235385 0.00504904 0.0748121 0.134036 0 0
 0 0 0 0 0 0 0 0 0 0
rmsmmqobij 20 d
 0.0748121 0.134036 0.267746 0.40566 0.221898 0.562732 0 0 0 0
 0 0 0 0 0 0 0 0 0 0
ITER 1 i 3
u1ave 1 d 0.998481
dpdx 1 d -0.00418178
zrotation 1 d 0.0249108
rmsmmu 20 d
 0.0133075 0.0300204 0.736915 1.15196 0.00179743 0.00438128 0.0743845 0.136672 0 0
 0 0 0 0 0 0 0 0 0 0
rmsmmqobij 20 d
 0.0743845 0.136672 0.267134 0.413947 0.22175 0.562652 0 0 0 0
 0 0 0 0 0 0 0 0 0 0
ITER 1 i 4
u1ave 1 d 1.00343
dpdx 1 d -0.00418178
zrotation 1 d 0.0249983
rmsmmu 20 d
 0.00778366 0.0163557 0.740493 1.16296 0.0013688 0.00271927 0.0745894 0.137818 0 0
 0 0 0 0 0 0 0 0 0 0
rmsmmqobij 20 d
 0.0745894 0.137818 0.267272 0.42149 0.22193 0.562552 0 0 0 0
 0 0 0 0 0 0 0 0 0 0
ITER 1 i 5
u1ave 1 d 1.0046
dpdx 1 d -0.00418178
zrotation 1 d 0.0250566
rmsmmu 20 d
 0.00410262 0.0104648 0.741325 1.16541 0.000868263 0.0016144 0.0748544 0.137962 0 0
 0 0 0 0 0 0 0 0 0 0
rmsmmqobij 20 d
 0.0748544 0.137962 0.267763 0.427983 0.221872 0.562448 0 0 0 0
 0 0 0 0 0 0 0 0 0 0
ITER 1 i 6
u1ave 1 d 1.00411
dpdx 1 d -0.00418178
zrotation 1 d 0.0250797
rmsmmu 20 d
 0.00240417 0.00669318 0.740949 1.16402 0.00038192 0.000893921 0.0749342 0.137719 0 0
 0 0 0 0 0 0 0 0 0 0
rmsmmqobij 20 d
 0.0749342 0.137719 0.268168 0.433494 0.221633 0.562351 0 0 0 0
 0 0 0 0 0 0 0 0 0 0
ITER 1 i 7
u1ave 1 d 1.00434
dpdx 1 d -0.00418178
zrotation 1 d 0.0250941
rmsmmu 20 d
 0.00145781 0.00332431 0.741011 1.16416 0.000228432 0.000622053 0.0749945 0.137427 0 0
 0 0 0 0 0 0 0 0 0 0
rmsmmqobij 20 d
 0.0749945 0.137427 0.26841 0.438043 0.221467 0.562269 0 0 0 0
 0 0 0 0 0 0 0 0 0 0
ITER 1 i 8
u1ave 1 d 1.005
dpdx 1 d -0.00418178
zrotation 1 d 0.0251096
rmsmmu 20 d
 0.00126498 0.00307429 0.741388 1.16513 0.000196908 0.000470446 0.0750992 0.137237 0 0
 0 0 0 0 0 0 0 0 0 0
rmsmmqobij 20 d
 0.0750992 0.137237 0.268589 0.441853 0.221363 0.56221 0 0 0 0
 0 0 0 0 0 0 0 0 0 0
ITER 1 i 9
u1ave 1 d 1.00558
dpdx 1 d -0.00418178
zrotation 1 d 0.0251246
rmsmmu 20 d
 0.00101234 0.00291102 0.741731 1.16564 0.000154672 0.000341852 0.0751964 0.137185 0 0
 0 0 0 0 0 0 0 0 0 0
rmsmmqobij 20 d
 0.0751964 0.137185 0.268804 0.445182 0.221256 0.562175 0 0 0 0
 0 0 0 0 0 0 0 0 0 0
ITER 1 i 10
u1ave 1 d 1.00607
dpdx 1 d -0.00418178
zrotation 1 d 0.0251382
rmsmmu 20 d
 0.000925723 0.00295266 0.742019 1.16589 0.00012626 0.000292694 0.0752701 0.137223 0 0
 0 0 0 0 0 0 0 0 0 0
rmsmmqobij 20 d
 0.0752701 0.137223 0.269105 0.44814 0.221152 0.562164 0 0 0 0
 0 0 0 0 0 0 0 0 0 0
ITER 1 i 11
u1ave 1 d 1.00648
dpdx 1 d -0.00418178
zrotation 1 d 0.0251501
rmsmmu 20 d
 0.000930177 0.00304587 0.742257 1.16607 0.000129063 0.000306525 0.0753285 0.137289 0 0
 0 0 0 0 0 0 0 0 0 0
rmsmmqobij 20 d
 0.0753285 0.137289 0.269486 0.45078 0.221065 0.562177 0 0 0 0
 0 0 0 0 0 0 0 0 0 0
ITER 1 i 12
u1ave 1 d 1.00682
dpdx 1 d -0.00418178
zrotation 1 d 0.0251603
rmsmmu 20 d
 0.000899544 0.00294561 0.74245 1.16615 0.000136227 0.000299719 0.0753705 0.137355 0 0
 0 0 0 0 0 0 0 0 0 0
rmsmmqobij 20 d
 0.0753705 0.137355 0.269921 0.453176 0.220989 0.56221 0 0 0 0
 0 0 0 0 0 0 0 0 0 0
ITER 1 i 13
u1ave 1 d 1.00718
dpdx 1 d -0.00418178
zrotation 1 d 0.0251699
rmsmmu 20 d
 0.00084768 0.00279459 0.742663 1.16623 0.000140143 0.000339279 0.0753966 0.13742 0 0
 0 0 0 0 0 0 0 0 0 0
rmsmmqobij 20 d
 0.0753966 0.13742 0.270386 0.455662 0.220918 0.562259 0 0 0 0
 0 0 0 0 0 0 0 0 0 0
ITER 1 i 14
u1ave 1 d 1.00763
dpdx 1 d -0.00418178
zrotation 1 d 0.0251803
rmsmmu 20 d
 0.000809287 0.00266845 0.742946 1.16644 0.000142232 0.000351547 0.0754141 0.137492 0 0
 0 0 0 0 0 0 0 0 0 0
rmsmmqobij 20 d
 0.0754141 0.137492 0.270868 0.45816 0.220854 0.562321 0 0 0 0
 0 0 0 0 0 0 0 0 0 0
ITER 1 i 15
u1ave 1 d 1.00817
dpdx 1 d -0.00418178
zrotation 1 d 0.0251923
rmsmmu 20 d
 0.000776384 0.00251346 0.743289 1.16678 0.000141854 0.000341589 0.0754291 0.137574 0 0
 0 0 0 0 0 0 0 0 0 0
rmsmmqobij 20 d
 0.0754291 0.137574 0.271362 0.46058 0.220796 0.562393 0 0 0 0
 0 0 0 0 0 0 0 0 0 0
ITER 1 i 16
u1ave 1 d 1.00874
dpdx 1 d -0.00418178
zrotation 1 d 0.0252054
rmsmmu 20 d
 0.000737385 0.0023132 0.743663 1.1672 0.000138354 0.000317582 0.075444 0.137665 0 0
 0 0 0 0 0 0 0 0 0 0
rmsmmqobij 20 d
 0.075444 0.137665 0.271862 0.46293 0.220743 0.562472 0 0 0 0
 0 0 0 0 0 0 0 0 0 0
ITER 1 i 17
u1ave 1 d 1.00932
dpdx 1 d -0.00418178
zrotation 1 d 0.0252192
rmsmmu 20 d
 0.000694111 0.00209864 0.744043 1.16791 0.000132325 0.000286002 0.0754594 0.137759 0 0
 0 0 0 0 0 0 0 0 0 0
rmsmmqobij 20 d
 0.0754594 0.137759 0.272362 0.465209 0.220692 0.562556 0 0 0 0
 0 0 0 0 0 0 0 0 0 0
ITER 1 i 18
u1ave 1 d 1.00989
dpdx 1 d -0.00418178
zrotation 1 d 0.0252332
rmsmmu 20 d
 0.000649089 0.00188791 0.744413 1.16871 0.000125587 0.000257378 0.0754748 0.137853 0 0
 0 0 0 0 0 0 0 0 0 0
rmsmmqobij 20 d
 0.0754748 0.137853 0.272856 0.46741 0.220643 0.562642 0 0 0 0
 0 0 0 0 0 0 0 0 0 0
ITER 1 i 19
u1ave 1 d 1.01042
dpdx 1 d -0.00418178
zrotation 1 d 0.0252469
rmsmmu 20 d
 0.000603512 0.00168696 0.744766 1.16949 0.000117455 0.000225693 0.0754904 0.137944 0 0
 0 0 0 0 0 0 0 0 0 0
rmsmmqobij 20 d
 0.0754904 0.137944 0.273338 0.469528 0.220594 0.56273 0 0 0 0
 0 0 0 0 0 0 0 0 0 0
ITER 1 i 20
u1ave 1 d 1.01092
dpdx 1 d -0.00418178
zrotation 1 d 0.02526
rmsmmu 20 d
 0.000560498 0.00151951 0.745095 1.17025 0.000108766 0.000203577 0.0755071 0.138028 0 0
 0 0 0 0 0 0 0 0 0 0
rmsmmqobij 20 d
 0.0755071 0.138028 0.273806 0.471555 0.220548 0.562817 0 0 0 0
 0 0 0 0 0 0 0 0 0 0
ITER 1 i 21
u1ave 1 d 1.01138
dpdx 1 d -0.00418178
zrotation 1 d 0.0252722
rmsmmu 20 d
 0.000514217 0.00135979 0.745396 1.17097 0.000100032 0.000188479 0.0755243 0.138106 0 0
 0 0 0 0 0 0 0 0 0 0
rmsmmqobij 20 d
 0.0755243 0.138106 0.274255 0.473488 0.220503 0.562904 0 0 0 0
 0 0 0 0 0 0 0 0 0 0
ITER 1 i 22
u1ave 1 d 1.0118
dpdx 1 d -0.00418178
zrotation 1 d 0.0252836
rmsmmu 20 d
 0.000467836 0.00121438 0.745667 1.17162 9.15799e-05 0.000175906 0.0755413 0.138177 0 0
 0 0 0 0 0 0 0 0 0 0
rmsmmqobij 20 d
 0.0755413 0.138177 0.274685 0.475326 0.220458 0.56299 0 0 0 0
 0 0 0 0 0 0 0 0 0 0
ITER 1 i 23
u1ave 1 d 1.01217
dpdx 1 d -0.00418178
zrotation 1 d 0.0252939
rmsmmu 20 d
 0.000424717 0.00109039 0.745911 1.17222 8.38034e-05 0.000163134 0.0755575 0.138241 0 0
 0 0 0 0 0 0 0 0 0 0
rmsmmqobij 20 d
 0.0755575 0.138241 0.275095 0.477069 0.220415 0.563074 0 0 0 0
 0 0 0 0 0 0 0 0 0 0
ITER 1 i 24
u1ave 1 d 1.01251
dpdx 1 d -0.00418178
zrotation 1 d 0.0253033
rmsmmu 20 d
 0.000385375 0.000984204 0.746128 1.17275 7.67499e-05 0.000150601 0.0755728 0.138299 0 0
 0 0 0 0 0 0 0 0 0 0
rmsmmqobij 20 d
 0.0755728 0.138299 0.275486 0.478718 0.220373 0.563156 0 0 0 0
 0 0 0 0 0 0 0 0 0 0
ITER 1 i 25
u1ave 1 d 1.01281
dpdx 1 d -0.00418178
zrotation 1 d 0.0253117
rmsmmu 20 d
 0.000349973 0.000892103 0.746322 1.17324 7.03235e-05 0.000138693 0.075587 0.138352 0 0
 0 0 0 0 0 0 0 0 0 0
rmsmmqobij 20 d
 0.075587 0.138352 0.275857 0.480274 0.220332 0.563236 0 0 0 0
 0 0 0 0 0 0 0 0 0 0
ITER 1 i 26
u1ave 1 d 1.01308
dpdx 1 d -0.00418178
zrotation 1 d 0.0253193
rmsmmu 20 d
 0.000318774 0.000812455 0.746497 1.17368 6.4323e-05 0.000127583 0.0756001 0.138399 0 0
 0 0 0 0 0 0 0 0 0 0
rmsmmqobij 20 d
 0.0756001 0.138399 0.27621 0.481742 0.220291 0.563314 0 0 0 0
 0 0 0 0 0 0 0 0 0 0
ITER 1 i 27
u1ave 1 d 1.01332
dpdx 1 d -0.00418178
zrotation 1 d 0.0253262
rmsmmu 20 d
 0.000294528 0.000760428 0.746654 1.17409 5.86195e-05 0.000116723 0.075612 0.138441 0 0
 0 0 0 0 0 0 0 0 0 0
rmsmmqobij 20 d
 0.075612 0.138441 0.276543 0.483124 0.22025 0.563389 0 0 0 0
 0 0 0 0 0 0 0 0 0 0
ITER 1 i 28
u1ave 1 d 1.01355
dpdx 1 d -0.00418178
zrotation 1 d 0.0253325
rmsmmu 20 d
 0.000278132 0.000728167 0.746801 1.1745 5.42292e-05 0.000105858 0.0756243 0.138477 0 0
 0 0 0 0 0 0 0 0 0 0
rmsmmqobij 20 d
 0.0756243 0.138477 0.276858 0.484419 0.220212 0.563462 0 0 0 0
 0 0 0 0 0 0 0 0 0 0
ITER 1 i 29
u1ave 1 d 1.01377
dpdx 1 d -0.00418178
zrotation 1 d 0.0253384
rmsmmu 20 d
 0.000256819 0.000671638 0.746936 1.17488 4.97874e-05 9.62744e-05 0.0756363 0.13851 0 0
 0 0 0 0 0 0 0 0 0 0
rmsmmqobij 20 d
 0.0756363 0.13851 0.277156 0.485637 0.220175 0.563533 0 0 0 0
 0 0 0 0 0 0 0 0 0 0
ITER 1 i 30
u1ave 1 d 1.01397
dpdx 1 d -0.00418178
zrotation 1 d 0.0253438
rmsmmu 20 d
 0.000236649 0.000615825 0.747062 1.17522 4.55357e-05 8.87579e-05 0.0756475 0.138541 0 0
 0 0 0 0 0 0 0 0 0 0
rmsmmqobij 20 d
 0.0756475 0.138541 0.277439 0.486782 0.220139 0.563601 0 0 0 0
 0 0 0 0 0 0 0 0 0 0
ITER 1 i 31
u1ave 1 d 1.01415
dpdx 1 d -0.00418178
zrotation 1 d 0.0253488
rmsmmu 20 d
 0.00021894 0.000566946 0.74718 1.17554 4.20289e-05 8.24162e-05 0.0756581 0.138569 0 0
 0 0 0 0 0 0 0 0 0 0
rmsmmqobij 20 d
 0.0756581 0.138569 0.277706 0.487859 0.220104 0.563667 0 0 0 0
 0 0 0 0 0 0 0 0 0 0
ITER 1 i 32
u1ave 1 d 1.01432
dpdx 1 d -0.00418178
zrotation 1 d 0.0253534
rmsmmu 20 d
 0.000201473 0.000518882 0.747286 1.17584 3.89146e-05 7.66054e-05 0.0756682 0.138596 0 0
 0 0 0 0 0 0 0 0 0 0
rmsmmqobij 20 d
 0.0756682 0.138596 0.27796 0.488871 0.22007 0.56373 0 0 0 0
 0 0 0 0 0 0 0 0 0 0
ITER 1 i 33
u1ave 1 d 1.01447
dpdx 1 d -0.00418178
zrotation 1 d 0.0253576
rmsmmu 20 d
 0.000184912 0.000473835 0.747383 1.17611 3.59542e-05 7.11984e-05 0.0756777 0.13862 0 0
 0 0 0 0 0 0 0 0 0 0
rmsmmqobij 20 d
 0.0756777 0.13862 0.2782 0.489821 0.220038 0.563791 0 0 0 0
 0 0 0 0 0 0 0 0 0 0
ITER 1 i 34
u1ave 1 d 1.01461
dpdx 1 d -0.00418178
zrotation 1 d 0.0253615
rmsmmu 20 d
 0.000170085 0.000434135 0.747471 1.17636 3.31896e-05 6.61174e-05 0.0756865 0.138642 0 0
 0 0 0 0 0 0 0 0 0 0
rmsmmqobij 20 d
 0.0756865 0.138642 0.278426 0.490714 0.220006 0.56385 0 0 0 0
 0 0 0 0 0 0 0 0 0 0
ITER 1 i 35
u1ave 1 d 1.01474
dpdx 1 d -0.00418178
zrotation 1 d 0.025365
rmsmmu 20 d
 0.000156553 0.000398287 0.747551 1.17659 3.0621e-05 6.13497e-05 0.0756947 0.138663 0 0
 0 0 0 0 0 0 0 0 0 0
rmsmmqobij 20 d
 0.0756947 0.138663 0.27864 0.491551 0.219975 0.563907 0 0 0 0
 0 0 0 0 0 0 0 0 0 0
ITER 1 i 36
u1ave 1 d 1.01486
dpdx 1 d -0.00418178
zrotation 1 d 0.0253683
rmsmmu 20 d
 0.000143912 0.000365008 0.747623 1.1768 2.82046e-05 5.68972e-05 0.0757024 0.138682 0 0
 0 0 0 0 0 0 0 0 0 0
rmsmmqobij 20 d
 0.0757024 0.138682 0.278841 0.492335 0.219945 0.563962 0 0 0 0
 0 0 0 0 0 0 0 0 0 0
ITER 1 i 37
u1ave 1 d 1.01496
dpdx 1 d -0.00418178
zrotation 1 d 0.0253712
rmsmmu 20 d
 0.000132133 0.000334128 0.747688 1.17699 2.59287e-05 5.27434e-05 0.0757096 0.138699 0 0
 0 0 0 0 0 0 0 0 0 0
rmsmmqobij 20 d
 0.0757096 0.138699 0.279032 0.493071 0.219916 0.564014 0 0 0 0
 0 0 0 0 0 0 0 0 0 0
ITER 1 i 38
u1ave 1 d 1.01506
dpdx 1 d -0.00418178
zrotation 1 d 0.0253738
rmsmmu 20 d
 0.000121146 0.000305508 0.747746 1.17716 2.37942e-05 4.88625e-05 0.0757164 0.138714 0 0
 0 0 0 0 0 0 0 0 0 0
rmsmmqobij 20 d
 0.0757164 0.138714 0.279211 0.493759 0.219887 0.564064 0 0 0 0
 0 0 0 0 0 0 0 0 0 0
ITER 1 i 39
u1ave 1 d 1.01514
dpdx 1 d -0.00418178
zrotation 1 d 0.0253762
rmsmmu 20 d
 0.000110909 0.000278699 0.747798 1.17731 2.17987e-05 4.52372e-05 0.0757227 0.138729 0 0
 0 0 0 0 0 0 0 0 0 0
rmsmmqobij 20 d
 0.0757227 0.138729 0.27938 0.494403 0.21986 0.564113 0 0 0 0
 0 0 0 0 0 0 0 0 0 0
ITER 1 i 40
u1ave 1 d 1.01522
dpdx 1 d -0.00418178
zrotation 1 d 0.0253784
rmsmmu 20 d
 0.000101327 0.000253481 0.747844 1.17745 1.99313e-05 4.18515e-05 0.0757286 0.138741 0 0
 0 0 0 0 0 0 0 0 0 0
rmsmmqobij 20 d
 0.0757286 0.138741 0.279539 0.495005 0.219833 0.564159 0 0 0 0
 0 0 0 0 0 0 0 0 0 0
ITER 1 i 41
u1ave 1 d 1.01529
dpdx 1 d -0.00418178
zrotation 1 d 0.0253803
rmsmmu 20 d
 9.23512e-05 0.00022976 0.747884 1.17758 1.81834e-05 3.86877e-05 0.0757342 0.138753 0 0
 0 0 0 0 0 0 0 0 0 0
rmsmmqobij 20 d
 0.0757342 0.138753 0.279689 0.495568 0.219807 0.564204 0 0 0 0
 0 0 0 0 0 0 0 0 0 0
ITER 1 i 42
u1ave 1 d 1.01535
dpdx 1 d -0.00418178
zrotation 1 d 0.025382
rmsmmu 20 d
 8.39527e-05 0.000207459 0.747918 1.17769 1.65484e-05 3.57273e-05 0.0757394 0.138763 0 0
 0 0 0 0 0 0 0 0 0 0
rmsmmqobij 20 d
 0.0757394 0.138763 0.27983 0.496094 0.219782 0.564247 0 0 0 0
 0 0 0 0 0 0 0 0 0 0
ITER 1 i 43
u1ave 1 d 1.0154
dpdx 1 d -0.00418178
zrotation 1 d 0.0253834
rmsmmu 20 d
 7.61069e-05 0.000186488 0.747947 1.17779 1.50192e-05 3.29544e-05 0.0757443 0.138773 0 0
 0 0 0 0 0 0 0 0 0 0
rmsmmqobij 20 d
 0.0757443 0.138773 0.279963 0.496585 0.219757 0.564288 0 0 0 0
 0 0 0 0 0 0 0 0 0 0
ITER 1 i 44
u1ave 1 d 1.01544
dpdx 1 d -0.00418178
zrotation 1 d 0.0253847
rmsmmu 20 d
 6.87981e-05 0.000166774 0.747972 1.17788 1.35898e-05 3.03552e-05 0.0757489 0.138781 0 0
 0 0 0 0 0 0 0 0 0 0
rmsmmqobij 20 d
 0.0757489 0.138781 0.280088 0.497043 0.219733 0.564328 0 0 0 0
 0 0 0 0 0 0 0 0 0 0
ITER 1 i 45
u1ave 1 d 1.01548
dpdx 1 d -0.00418178
zrotation 1 d 0.0253858
rmsmmu 20 d
 6.20171e-05 0.000148252 0.747992 1.17796 1.22552e-05 2.79181e-05 0.0757532 0.138788 0 0
 0 0 0 0 0 0 0 0 0 0
rmsmmqobij 20 d
 0.0757532 0.138788 0.280206 0.497469 0.21971 0.564366 0 0 0 0
 0 0 0 0 0 0 0 0 0 0
ITER 1 i 46
u1ave 1 d 1.01551
dpdx 1 d -0.00418178
zrotation 1 d 0.0253867
rmsmmu 20 d
 5.57566e-05 0.00013086 0.748008 1.17802 1.10111e-05 2.56328e-05 0.0757572 0.138794 0 0
 0 0 0 0 0 0 0 0 0 0
rmsmmqobij 20 d
 0.0757572 0.138794 0.280317 0.497867 0.219687 0.564402 0 0 0 0
 0 0 0 0 0 0 0 0 0 0
ITER 1 i 47
u1ave 1 d 1.01553
dpdx 1 d -0.00418178
zrotation 1 d 0.0253875
rmsmmu 20 d
 5.00131e-05 0.000114534 0.748019 1.17808 9.85358e-06 2.349e-05 0.0757609 0.1388 0 0
 0 0 0 0 0 0 0 0 0 0
rmsmmqobij 20 d
 0.0757609 0.1388 0.280421 0.498237 0.219665 0.564437 0 0 0 0
 0 0 0 0 0 0 0 0 0 0
ITER 1 i 48
u1ave 1 d 1.01555
dpdx 1 d -0.00418178
zrotation 1 d 0.0253881
rmsmmu 20 d
 4.47879e-05 9.92199e-05 0.748027 1.17813 8.77943e-06 2.14811e-05 0.0757645 0.138804 0 0
 0 0 0 0 0 0 0 0 0 0
rmsmmqobij 20 d
 0.0757645 0.138804 0.280519 0.498581 0.219643 0.564471 0 0 0 0
 0 0 0 0 0 0 0 0 0 0
ITER 1 i 49
u1ave 1 d 1.01556
dpdx 1 d -0.00418178
zrotation 1 d 0.0253886
rmsmmu 20 d
 4.0088e-05 8.67491e-05 0.748031 1.17817 7.7859e-06 1.95978e-05 0.0757677 0.138808 0 0
 0 0 0 0 0 0 0 0 0 0
rmsmmqobij 20 d
 0.0757677 0.138808 0.280611 0.4989 0.219623 0.564503 0 0 0 0
 0 0 0 0 0 0 0 0 0 0
ITER 1 i 50
u1ave 1 d 1.01557
dpdx 1 d -0.00418178
zrotation 1 d 0.0253889
rmsmmu 20 d
 3.59263e-05 8.4136e-05 0.748032 1.1782 6.87105e-06 1.78324e-05 0.0757708 0.138811 0 0
 0 0 0 0 0 0 0 0 0 0
rmsmmqobij 20 d
 0.0757708 0.138811 0.280698 0.499197 0.219602 0.564534 0 0 0 0
 0 0 0 0 0 0 0 0 0 0
ITER 1 i 51
u1ave 1 d 1.01557
dpdx 1 d -0.00418178
zrotation 1 d 0.0253891
rmsmmu 20 d
 3.23208e-05 8.16625e-05 0.748029 1.17822 6.03386e-06 1.61777e-05 0.0757737 0.138814 0 0
 0 0 0 0 0 0 0 0 0 0
rmsmmqobij 20 d
 0.0757737 0.138814 0.28078 0.499472 0.219582 0.564564 0 0 0 0
 0 0 0 0 0 0 0 0 0 0
ITER 1 i 52
u1ave 1 d 1.01557
dpdx 1 d -0.00418178
zrotation 1 d 0.0253891
rmsmmu 20 d
 2.92933e-05 7.93164e-05 0.748024 1.17824 5.27466e-06 1.4627e-05 0.0757764 0.138816 0 0
 0 0 0 0 0 0 0 0 0 0
rmsmmqobij 20 d
 0.0757764 0.138816 0.280856 0.499727 0.219563 0.564592 0 0 0 0
 0 0 0 0 0 0 0 0 0 0
ITER 1 i 53
u1ave 1 d 1.01556
dpdx 1 d -0.00418178
zrotation 1 d 0.0253891
rmsmmu 20 d
 2.68638e-05 7.70872e-05 0.748016 1.17825 4.59551e-06 1.3174e-05 0.0757788 0.138817 0 0
 0 0 0 0 0 0 0 0 0 0
rmsmmqobij 20 d
 0.0757788 0.138817 0.280928 0.499963 0.219545 0.56462 0 0 0 0
 0 0 0 0 0 0 0 0 0 0
ITER 1 i 54
u1ave 1 d 1.01555
dpdx 1 d -0.00418178
zrotation 1 d 0.025389
rmsmmu 20 d
 2.50421e-05 7.49652e-05 0.748006 1.17825 4.00066e-06 1.18128e-05 0.0757812 0.138818 0 0
 0 0 0 0 0 0 0 0 0 0
rmsmmqobij 20 d
 0.0757812 0.138818 0.280996 0.500181 0.219526 0.564646 0 0 0 0
 0 0 0 0 0 0 0 0 0 0
ITER 1 i 55
u1ave 1 d 1.01554
dpdx 1 d -0.00418178
zrotation 1 d 0.0253887
rmsmmu 20 d
 2.38175e-05 7.2942e-05 0.747993 1.17825 3.49686e-06 1.0538e-05 0.0757833 0.138818 0 0
 0 0 0 0 0 0 0 0 0 0
rmsmmqobij 20 d
 0.0757833 0.138818 0.28106 0.500382 0.219509 0.564671 0 0 0 0
 0 0 0 0 0 0 0 0 0 0
ITER 1 i 56
u1ave 1 d 1.01552
dpdx 1 d -0.00418178
zrotation 1 d 0.0253884
rmsmmu 20 d
 2.31506e-05 7.10097e-05 0.747979 1.17825 3.09307e-06 9.34451e-06 0.0757853 0.138818 0 0
 0 0 0 0 0 0 0 0 0 0
rmsmmqobij 20 d
 0.0757853 0.138818 0.28112 0.500568 0.219491 0.564696 0 0 0 0
 0 0 0 0 0 0 0 0 0 0
ITER 1 i 57
u1ave 1 d 1.0155
dpdx 1 d -0.00418178
zrotation 1 d 0.025388
rmsmmu 20 d
 2.29732e-05 6.91611e-05 0.747962 1.17824 2.79859e-06 8.22747e-06 0.0757872 0.138817 0 0
 0 0 0 0 0 0 0 0 0 0
rmsmmqobij 20 d
 0.0757872 0.138817 0.281176 0.500739 0.219475 0.564719 0 0 0 0
 0 0 0 0 0 0 0 0 0 0
ITER 1 i 58
u1ave 1 d 1.01548
dpdx 1 d -0.00418178
zrotation 1 d 0.0253875
rmsmmu 20 d
 2.31967e-05 6.73895e-05 0.747943 1.17822 2.61888e-06 7.1825e-06 0.0757889 0.138816 0 0
 0 0 0 0 0 0 0 0 0 0
rmsmmqobij 20 d
 0.0757889 0.138816 0.281229 0.500896 0.219459 0.564742 0 0 0 0
 0 0 0 0 0 0 0 0 0 0
ITER 1 i 59
u1ave 1 d 1.01546
dpdx 1 d -0.00418178
zrotation 1 d 0.025387
rmsmmu 20 d
 2.37256e-05 6.56886e-05 0.747923 1.17821 2.55032e-06 6.20545e-06 0.0757905 0.138815 0 0
 0 0 0 0 0 0 0 0 0 0
rmsmmqobij 20 d
 0.0757905 0.138815 0.281278 0.50104 0.219443 0.564763 0 0 0 0
 0 0 0 0 0 0 0 0 0 0
ITER 1 i 60
u1ave 1 d 1.01543
dpdx 1 d -0.00418178
zrotation 1 d 0.0253863
rmsmmu 20 d
 2.44702e-05 6.40529e-05 0.747901 1.17818 2.57809e-06 5.78964e-06 0.075792 0.138813 0 0
 0 0 0 0 0 0 0 0 0 0
rmsmmqobij 20 d
 0.075792 0.138813 0.281325 0.501171 0.219427 0.564784 0 0 0 0
 0 0 0 0 0 0 0 0 0 0
ITER 1 i 61
u1ave 1 d 1.0154
dpdx 1 d -0.00418178
zrotation 1 d 0.0253857
rmsmmu 20 d
 2.53539e-05 6.24768e-05 0.747878 1.17816 2.67965e-06 6.54599e-06 0.0757933 0.138811 0 0
 0 0 0 0 0 0 0 0 0 0
rmsmmqobij 20 d
 0.0757933 0.138811 0.281368 0.501292 0.219413 0.564804 0 0 0 0
 0 0 0 0 0 0 0 0 0 0
ITER 1 i 62
u1ave 1 d 1.01537
dpdx 1 d -0.00418178
zrotation 1 d 0.0253849
rmsmmu 20 d
 2.63152e-05 6.09557e-05 0.747854 1.17813 2.83127e-06 7.23891e-06 0.0757946 0.138809 0 0
 0 0 0 0 0 0 0 0 0 0
rmsmmqobij 20 d
 0.0757946 0.138809 0.281409 0.501401 0.219398 0.564823 0 0 0 0
 0 0 0 0 0 0 0 0 0 0
ITER 1 i 63
u1ave 1 d 1.01533
dpdx 1 d -0.00418178
zrotation 1 d 0.0253842
rmsmmu 20 d
 2.73076e-05 5.9485e-05 0.747828 1.1781 3.0127e-06 7.88501e-06 0.0757957 0.138806 0 0
 0 0 0 0 0 0 0 0 0 0
rmsmmqobij 20 d
 0.0757957 0.138806 0.281448 0.501501 0.219384 0.564842 0 0 0 0
 0 0 0 0 0 0 0 0 0 0
ITER 1 i 64
u1ave 1 d 1.0153
dpdx 1 d -0.00418178
zrotation 1 d 0.0253833
rmsmmu 20 d
 2.82963e-05 5.80608e-05 0.747801 1.17806 3.20876e-06 8.56418e-06 0.0757968 0.138803 0 0
 0 0 0 0 0 0 0 0 0 0
rmsmmqobij 20 d
 0.0757968 0.138803 0.281484 0.501591 0.21937 0.564859 0 0 0 0
 0 0 0 0 0 0 0 0 0 0
ITER 1 i 65
u1ave 1 d 1.01526
dpdx 1 d -0.00418178
zrotation 1 d 0.0253825
rmsmmu 20 d
 2.92566e-05 5.69187e-05 0.747774 1.17803 3.40887e-06 9.18224e-06 0.0757978 0.1388 0 0
 0 0 0 0 0 0 0 0 0 0
rmsmmqobij 20 d
 0.0757978 0.1388 0.281517 0.501672 0.219357 0.564876 0 0 0 0
 0 0 0 0 0 0 0 0 0 0
ITER 1 i 66
u1ave 1 d 1.01523
dpdx 1 d -0.00418178
zrotation 1 d 0.0253816
rmsmmu 20 d
 3.01712e-05 5.58783e-05 0.747746 1.17799 3.60599e-06 9.7426e-06 0.0757986 0.138797 0 0
 0 0 0 0 0 0 0 0 0 0
rmsmmqobij 20 d
 0.0757986 0.138797 0.281549 0.501745 0.219344 0.564893 0 0 0 0
 0 0 0 0 0 0 0 0 0 0
ITER 1 i 67
u1ave 1 d 1.01519
dpdx 1 d -0.00418178
zrotation 1 d 0.0253806
rmsmmu 20 d
 3.10282e-05 5.80395e-05 0.747716 1.17795 3.79552e-06 1.02485e-05 0.0757994 0.138793 0 0
 0 0 0 0 0 0 0 0 0 0
rmsmmqobij 20 d
 0.0757994 0.138793 0.281579 0.501811 0.219332 0.564909 0 0 0 0
 0 0 0 0 0 0 0 0 0 0
ITER 1 i 68
u1ave 1 d 1.01515
dpdx 1 d -0.00418178
zrotation 1 d 0.0253796
rmsmmu 20 d
 3.18199e-05 6.08371e-05 0.747687 1.17791 3.97462e-06 1.07032e-05 0.0758002 0.138789 0 0
 0 0 0 0 0 0 0 0 0 0
rmsmmqobij 20 d
 0.0758002 0.138789 0.281606 0.501869 0.21932 0.564924 0 0 0 0
 0 0 0 0 0 0 0 0 0 0
ITER 1 i 69
u1ave 1 d 1.01511
dpdx 1 d -0.00418178
zrotation 1 d 0.0253787
rmsmmu 20 d
 3.25418e-05 6.33452e-05 0.747656 1.17786 4.14154e-06 1.11095e-05 0.0758008 0.138786 0 0
 0 0 0 0 0 0 0 0 0 0
rmsmmqobij 20 d
 0.0758008 0.138786 0.281632 0.50192 0.219308 0.564939 0 0 0 0
 0 0 0 0 0 0 0 0 0 0
ITER 1 i 70
u1ave 1 d 1.01506
dpdx 1 d -0.00418178
zrotation 1 d 0.0253776
rmsmmu 20 d
 3.31914e-05 6.55805e-05 0.747626 1.17782 4.29533e-06 1.14703e-05 0.0758014 0.138782 0 0
 0 0 0 0 0 0 0 0 0 0
rmsmmqobij 20 d
 0.0758014 0.138782 0.281657 0.501965 0.219296 0.564953 0 0 0 0
 0 0 0 0 0 0 0 0 0 0
ITER 1 i 71
u1ave 1 d 1.01502
dpdx 1 d -0.00418178
zrotation 1 d 0.0253766
rmsmmu 20 d
 3.3768e-05 6.75588e-05 0.747594 1.17777 4.43557e-06 1.17883e-05 0.0758019 0.138777 0 0
 0 0 0 0 0 0 0 0 0 0
rmsmmqobij 20 d
 0.0758019 0.138777 0.281679 0.502004 0.219285 0.564966 0 0 0 0
 0 0 0 0 0 0 0 0 0 0
ITER 1 i 72
u1ave 1 d 1.01498
dpdx 1 d -0.00418178
zrotation 1 d 0.0253755
rmsmmu 20 d
 3.42721e-05 6.95538e-05 0.747563 1.17773 4.56218e-06 1.20661e-05 0.0758024 0.138773 0 0
 0 0 0 0 0 0 0 0 0 0
rmsmmqobij 20 d
 0.0758024 0.138773 0.2817 0.502038 0.219274 0.564979 0 0 0 0
 0 0 0 0 0 0 0 0 0 0
ITER 1 i 73
u1ave 1 d 1.01494
dpdx 1 d -0.00418178
zrotation 1 d 0.0253745
rmsmmu 20 d
 3.47049e-05 7.14188e-05 0.747531 1.17768 4.67531e-06 1.23061e-05 0.0758028 0.138769 0 0
 0 0 0 0 0 0 0 0 0 0
rmsmmqobij 20 d
 0.0758028 0.138769 0.28172 0.502067 0.219264 0.564992 0 0 0 0
 0 0 0 0 0 0 0 0 0 0
ITER 1 i 74
u1ave 1 d 1.01489
dpdx 1 d -0.00418178
zrotation 1 d 0.0253734
rmsmmu 20 d
 3.50684e-05 7.30467e-05 0.747499 1.17763 4.7753e-06 1.25108e-05 0.0758031 0.138765 0 0
 0 0 0 0 0 0 0 0 0 0
rmsmmqobij 20 d
 0.0758031 0.138765 0.281739 0.50209 0.219254 0.565004 0 0 0 0
 0 0 0 0 0 0 0 0 0 0
ITER 1 i 75
u1ave 1 d 1.01485
dpdx 1 d -0.00418178
zrotation 1 d 0.0253723
rmsmmu 20 d
 3.5365e-05 7.44518e-05 0.747467 1.17758 4.86258e-06 1.26823e-05 0.0758034 0.13876 0 0
 0 0 0 0 0 0 0 0 0 0
rmsmmqobij 20 d
 0.0758034 0.13876 0.281756 0.50211 0.219244 0.565016 0 0 0 0
 0 0 0 0 0 0 0 0 0 0
ITER 1 i 76
u1ave 1 d 1.01481
dpdx 1 d -0.00418178
zrotation 1 d 0.0253712
rmsmmu 20 d
 3.55975e-05 7.56477e-05 0.747435 1.17753 4.93764e-06 1.28227e-05 0.0758037 0.138756 0 0
 0 0 0 0 0 0 0 0 0 0
rmsmmqobij 20 d
 0.0758037 0.138756 0.281772 0.502125 0.219235 0.565027 0 0 0 0
 0 0 0 0 0 0 0 0 0 0
ITER 1 i 77
u1ave 1 d 1.01476
dpdx 1 d -0.00418178
zrotation 1 d 0.0253701
rmsmmu 20 d
 3.57686e-05 7.66476e-05 0.747403 1.17748 5.00104e-06 1.29341e-05 0.0758039 0.138751 0 0
 0 0 0 0 0 0 0 0 0 0
rmsmmqobij 20 d
 0.0758039 0.138751 0.281787 0.502137 0.219225 0.565038 0 0 0 0
 0 0 0 0 0 0 0 0 0 0
ITER 1 i 78
u1ave 1 d 1.01472
dpdx 1 d -0.00418178
zrotation 1 d 0.025369
rmsmmu 20 d
 3.58815e-05 7.74639e-05 0.747371 1.17743 5.05335e-06 1.30184e-05 0.075804 0.138746 0 0
 0 0 0 0 0 0 0 0 0 0
rmsmmqobij 20 d
 0.075804 0.138746 0.2818 0.502145 0.219216 0.565048 0 0 0 0
 0 0 0 0 0 0 0 0 0 0
ITER 1 i 79
u1ave 1 d 1.01467
dpdx 1 d -0.00418178
zrotation 1 d 0.0253679
rmsmmu 20 d
 3.59391e-05 7.81084e-05 0.747339 1.17738 5.09516e-06 1.30774e-05 0.0758042 0.138742 0 0
 0 0 0 0 0 0 0 0 0 0
rmsmmqobij 20 d
 0.0758042 0.138742 0.281813 0.502149 0.219208 0.565058 0 0 0 0
 0 0 0 0 0 0 0 0 0 0
ITER 1 i 80
u1ave 1 d 1.01463
dpdx 1 d -0.00418178
zrotation 1 d 0.0253668
rmsmmu 20 d
 3.59447e-05 7.85923e-05 0.747307 1.17733 5.12703e-06 1.31129e-05 0.0758043 0.138737 0 0
 0 0 0 0 0 0 0 0 0 0
rmsmmqobij 20 d
 0.0758043 0.138737 0.281825 0.502151 0.219199 0.565068 0 0 0 0
 0 0 0 0 0 0 0 0 0 0
ITER 1 i 81
u1ave 1 d 1.01458
dpdx 1 d -0.00418178
zrotation 1 d 0.0253657
rmsmmu 20 d
 3.59012e-05 7.89264e-05 0.747275 1.17728 5.14956e-06 1.31265e-05 0.0758043 0.138732 0 0
 0 0 0 0 0 0 0 0 0 0
rmsmmqobij 20 d
 0.0758043 0.138732 0.281836 0.502149 0.219191 0.565077 0 0 0 0
 0 0 0 0 0 0 0 0 0 0
ITER 1 i 82
u1ave 1 d 1.01454
dpdx 1 d -0.00418178
zrotation 1 d 0.0253646
rmsmmu 20 d
 3.58118e-05 7.91209e-05 0.747243 1.17723 5.1633e-06 1.31198e-05 0.0758044 0.138728 0 0
 0 0 0 0 0 0 0 0 0 0
rmsmmqobij 20 d
 0.0758044 0.138728 0.281847 0.502146 0.219183 0.565086 0 0 0 0
 0 0 0 0 0 0 0 0 0 0
ITER 1 i 83
u1ave 1 d 1.0145
dpdx 1 d -0.00418178
zrotation 1 d 0.0253635
rmsmmu 20 d
 3.56793e-05 7.91854e-05 0.747212 1.17717 5.16882e-06 1.30942e-05 0.0758044 0.138723 0 0
 0 0 0 0 0 0 0 0 0 0
rmsmmqobij 20 d
 0.0758044 0.138723 0.281856 0.502139 0.219176 0.565095 0 0 0 0
 0 0 0 0 0 0 0 0 0 0
ITER 1 i 84
u1ave 1 d 1.01445
dpdx 1 d -0.00418178
zrotation 1 d 0.0253624
rmsmmu 20 d
 3.55068e-05 7.91292e-05 0.747181 1.17712 5.16664e-06 1.30512e-05 0.0758043 0.138719 0 0
 0 0 0 0 0 0 0 0 0 0
rmsmmqobij 20 d
 0.0758043 0.138719 0.281865 0.502131 0.219168 0.565103 0 0 0 0
 0 0 0 0 0 0 0 0 0 0
ITER 1 i 85
u1ave 1 d 1.01441
dpdx 1 d -0.00418178
zrotation 1 d 0.0253613
rmsmmu 20 d
 3.52969e-05 7.8961e-05 0.74715 1.17707 5.1573e-06 1.29921e-05 0.0758043 0.138714 0 0
 0 0 0 0 0 0 0 0 0 0
rmsmmqobij 20 d
 0.0758043 0.138714 0.281873 0.502121 0.219161 0.565111 0 0 0 0
 0 0 0 0 0 0 0 0 0 0
ITER 1 i 86
u1ave 1 d 1.01437
dpdx 1 d -0.00418178
zrotation 1 d 0.0253603
rmsmmu 20 d
 3.50524e-05 7.8689e-05 0.747119 1.17702 5.14127e-06 1.29181e-05 0.0758042 0.138709 0 0
 0 0 0 0 0 0 0 0 0 0
rmsmmqobij 20 d
 0.0758042 0.138709 0.28188 0.502108 0.219154 0.565119 0 0 0 0
 0 0 0 0 0 0 0 0 0 0
ITER 1 i 87
u1ave 1 d 1.01433
dpdx 1 d -0.00418178
zrotation 1 d 0.0253592
rmsmmu 20 d
 3.47759e-05 7.83211e-05 0.747089 1.17697 5.11904e-06 1.28304e-05 0.0758041 0.138705 0 0
 0 0 0 0 0 0 0 0 0 0
rmsmmqobij 20 d
 0.0758041 0.138705 0.281887 0.502094 0.219148 0.565127 0 0 0 0
 0 0 0 0 0 0 0 0 0 0
ITER 1 i 88
u1ave 1 d 1.01428
dpdx 1 d -0.00418178
zrotation 1 d 0.0253582
rmsmmu 20 d
 3.44699e-05 7.78648e-05 0.747059 1.17692 5.09108e-06 1.27302e-05 0.075804 0.1387 0 0
 0 0 0 0 0 0 0 0 0 0
rmsmmqobij 20 d
 0.075804 0.1387 0.281893 0.502079 0.219141 0.565134 0 0 0 0
 0 0 0 0 0 0 0 0 0 0
ITER 1 i 89
u1ave 1 d 1.01424
dpdx 1 d -0.00418178
zrotation 1 d 0.0253571
rmsmmu 20 d
 3.41368e-05 7.73271e-05 0.747029 1.17687 5.0578e-06 1.26185e-05 0.0758039 0.138696 0 0
 0 0 0 0 0 0 0 0 0 0
rmsmmqobij 20 d
 0.0758039 0.138696 0.281899 0.502062 0.219135 0.565141 0 0 0 0
 0 0 0 0 0 0 0 0 0 0
ITER 1 i 90
u1ave 1 d 1.0142
dpdx 1 d -0.00418178
zrotation 1 d 0.0253561
rmsmmu 20 d
 3.37789e-05 7.67146e-05 0.747 1.17683 5.01964e-06 1.24963e-05 0.0758037 0.138691 0 0
 0 0 0 0 0 0 0 0 0 0
rmsmmqobij 20 d
 0.0758037 0.138691 0.281904 0.502043 0.219129 0.565148 0 0 0 0
 0 0 0 0 0 0 0 0 0 0
ITER 1 i 91
u1ave 1 d 1.01416
dpdx 1 d -0.00418178
zrotation 1 d 0.0253551
rmsmmu 20 d
 3.33984e-05 7.60337e-05 0.746971 1.17678 4.97699e-06 1.23645e-05 0.0758036 0.138687 0 0
 0 0 0 0 0 0 0 0 0 0
rmsmmqobij 20 d
 0.0758036 0.138687 0.281909 0.502024 0.219123 0.565154 0 0 0 0
 0 0 0 0 0 0 0 0 0 0
ITER 1 i 92
u1ave 1 d 1.01412
dpdx 1 d -0.00418178
zrotation 1 d 0.0253541
rmsmmu 20 d
 3.29974e-05 7.52903e-05 0.746942 1.17673 4.93022e-06 1.22242e-05 0.0758034 0.138682 0 0
 0 0 0 0 0 0 0 0 0 0
rmsmmqobij 20 d
 0.0758034 0.138682 0.281913 0.502004 0.219117 0.56516 0 0 0 0
 0 0 0 0 0 0 0 0 0 0
ITER 1 i 93
u1ave 1 d 1.01408
dpdx 1 d -0.00418178
zrotation 1 d 0.0253531
rmsmmu 20 d
 3.25778e-05 7.44901e-05 0.746914 1.17668 4.87969e-06 1.2076e-05 0.0758032 0.138678 0 0
 0 0 0 0 0 0 0 0 0 0
rmsmmqobij 20 d
 0.0758032 0.138678 0.281917 0.501982 0.219112 0.565166 0 0 0 0
 0 0 0 0 0 0 0 0 0 0
ITER 1 i 94
u1ave 1 d 1.01404
dpdx 1 d -0.00418178
zrotation 1 d 0.0253521
rmsmmu 20 d
 3.21416e-05 7.36383e-05 0.746887 1.17664 4.82574e-06 1.19208e-05 0.075803 0.138674 0 0
 0 0 0 0 0 0 0 0 0 0
rmsmmqobij 20 d
 0.075803 0.138674 0.28192 0.50196 0.219106 0.565172 0 0 0 0
 0 0 0 0 0 0 0 0 0 0
ITER 1 i 95
u1ave 1 d 1.01401
dpdx 1 d -0.00418178
zrotation 1 d 0.0253511
rmsmmu 20 d
 3.16904e-05 7.27401e-05 0.74686 1.17659 4.76869e-06 1.17594e-05 0.0758028 0.138669 0 0
 0 0 0 0 0 0 0 0 0 0
rmsmmqobij 20 d
 0.0758028 0.138669 0.281923 0.501937 0.219101 0.565178 0 0 0 0
 0 0 0 0 0 0 0 0 0 0
ITER 1 i 96
u1ave 1 d 1.01397
dpdx 1 d -0.00418178
zrotation 1 d 0.0253502
rmsmmu 20 d
 3.1226e-05 7.18e-05 0.746833 1.17655 4.70885e-06 1.15924e-05 0.0758026 0.138665 0 0
 0 0 0 0 0 0 0 0 0 0
rmsmmqobij 20 d
 0.0758026 0.138665 0.281926 0.501914 0.219096 0.565183 0 0 0 0
 0 0 0 0 0 0 0 0 0 0
ITER 1 i 97
u1ave 1 d 1.01393
dpdx 1 d -0.00418178
zrotation 1 d 0.0253492
rmsmmu 20 d
 3.075e-05 7.08225e-05 0.746807 1.1765 4.6465e-06 1.14204e-05 0.0758024 0.138661 0 0
 0 0 0 0 0 0 0 0 0 0
rmsmmqobij 20 d
 0.0758024 0.138661 0.281928 0.50189 0.219091 0.565188 0 0 0 0
 0 0 0 0 0 0 0 0 0 0
ITER 1 i 98
u1ave 1 d 1.0139
dpdx 1 d -0.00418178
zrotation 1 d 0.0253483
rmsmmu 20 d
 3.02639e-05 6.98118e-05 0.746781 1.17646 4.5819e-06 1.12442e-05 0.0758021 0.138657 0 0
 0 0 0 0 0 0 0 0 0 0
rmsmmqobij 20 d
 0.0758021 0.138657 0.28193 0.501865 0.219087 0.565193 0 0 0 0
 0 0 0 0 0 0 0 0 0 0
ITER 1 i 99
u1ave 1 d 1.01386
dpdx 1 d -0.00418178
zrotation 1 d 0.0253474
rmsmmu 20 d
 2.9769e-05 6.87719e-05 0.746755 1.17641 4.51532e-06 1.10643e-05 0.0758019 0.138653 0 0
 0 0 0 0 0 0 0 0 0 0
rmsmmqobij 20 d
 0.0758019 0.138653 0.281932 0.50184 0.219082 0.565198 0 0 0 0
 0 0 0 0 0 0 0 0 0 0
ITER 1 i 100
u1ave 1 d 1.01383
dpdx 1 d -0.00418178
zrotation 1 d 0.0253465
rmsmmu 20 d
 2.92667e-05 6.77063e-05 0.74673 1.17637 4.447e-06 1.08812e-05 0.0758016 0.138649 0 0
 0 0 0 0 0 0 0 0 0 0
rmsmmqobij 20 d
 0.0758016 0.138649 0.281934 0.501815 0.219078 0.565203 0 0 0 0
 0 0 0 0 0 0 0 0 0 0
ITER 1 i 101
u1ave 1 d 1.01379
dpdx 1 d -0.00418178
zrotation 1 d 0.0253456
rmsmmu 20 d
 2.87584e-05 6.66187e-05 0.746706 1.17633 4.37715e-06 1.06954e-05 0.0758014 0.138645 0 0
 0 0 0 0 0 0 0 0 0 0
rmsmmqobij 20 d
 0.0758014 0.138645 0.281935 0.501789 0.219074 0.565207 0 0 0 0
 0 0 0 0 0 0 0 0 0 0
ITER 1 i 102
u1ave 1 d 1.01376
dpdx 1 d -0.00418178
zrotation 1 d 0.0253448
rmsmmu 20 d
 2.8245e-05 6.55121e-05 0.746682 1.17629 4.30599e-06 1.05075e-05 0.0758011 0.138641 0 0
 0 0 0 0 0 0 0 0 0 0
rmsmmqobij 20 d
 0.0758011 0.138641 0.281936 0.501764 0.21907 0.565212 0 0 0 0
 0 0 0 0 0 0 0 0 0 0
ITER 1 i 103
u1ave 1 d 1.01372
dpdx 1 d -0.00418178
zrotation 1 d 0.0253439
rmsmmu 20 d
 2.77278e-05 6.43897e-05 0.746659 1.17625 4.23373e-06 1.03178e-05 0.0758009 0.138638 0 0
 0 0 0 0 0 0 0 0 0 0
rmsmmqobij 20 d
 0.0758009 0.138638 0.281937 0.501738 0.219066 0.565216 0 0 0 0
 0 0 0 0 0 0 0 0 0 0
ITER 1 i 104
u1ave 1 d 1.01369
dpdx 1 d -0.00418178
zrotation 1 d 0.0253431
rmsmmu 20 d
 2.72077e-05 6.32542e-05 0.746636 1.17621 4.16053e-06 1.01267e-05 0.0758006 0.138634 0 0
 0 0 0 0 0 0 0 0 0 0
rmsmmqobij 20 d
 0.0758006 0.138634 0.281938 0.501712 0.219062 0.56522 0 0 0 0
 0 0 0 0 0 0 0 0 0 0
ITER 1 i 105
u1ave 1 d 1.01366
dpdx 1 d -0.00418178
zrotation 1 d 0.0253423
rmsmmu 20 d
 2.66857e-05 6.21084e-05 0.746613 1.17617 4.08659e-06 9.93468e-06 0.0758004 0.13863 0 0
 0 0 0 0 0 0 0 0 0 0
rmsmmqobij 20 d
 0.0758004 0.13863 0.281938 0.501686 0.219058 0.565224 0 0 0 0
 0 0 0 0 0 0 0 0 0 0
ITER 1 i 106
u1ave 1 d 1.01363
dpdx 1 d -0.00418178
zrotation 1 d 0.0253415
rmsmmu 20 d
 2.61627e-05 6.09547e-05 0.746591 1.17613 4.01206e-06 9.74207e-06 0.0758001 0.138627 0 0
 0 0 0 0 0 0 0 0 0 0
rmsmmqobij 20 d
 0.0758001 0.138627 0.281939 0.50166 0.219055 0.565228 0 0 0 0
 0 0 0 0 0 0 0 0 0 0
ITER 1 i 107
u1ave 1 d 1.0136
dpdx 1 d -0.00418178
zrotation 1 d 0.0253407
rmsmmu 20 d
 2.56396e-05 5.97953e-05 0.746569 1.1761 3.93709e-06 9.54919e-06 0.0757998 0.138623 0 0
 0 0 0 0 0 0 0 0 0 0
rmsmmqobij 20 d
 0.0757998 0.138623 0.281939 0.501633 0.219051 0.565231 0 0 0 0
 0 0 0 0 0 0 0 0 0 0
ITER 1 i 108
u1ave 1 d 1.01357
dpdx 1 d -0.00418178
zrotation 1 d 0.02534
rmsmmu 20 d
 2.51171e-05 5.86325e-05 0.746548 1.17606 3.86183e-06 9.35636e-06 0.0757996 0.13862 0 0
 0 0 0 0 0 0 0 0 0 0
rmsmmqobij 20 d
 0.0757996 0.13862 0.281939 0.501607 0.219048 0.565235 0 0 0 0
 0 0 0 0 0 0 0 0 0 0
ITER 1 i 109
u1ave 1 d 1.01354
dpdx 1 d -0.00418178
zrotation 1 d 0.0253392
rmsmmu 20 d
 2.45959e-05 5.74682e-05 0.746527 1.17602 3.78641e-06 9.16384e-06 0.0757993 0.138617 0 0
 0 0 0 0 0 0 0 0 0 0
rmsmmqobij 20 d
 0.0757993 0.138617 0.281939 0.501581 0.219045 0.565238 0 0 0 0
 0 0 0 0 0 0 0 0 0 0
ITER 1 i 110
u1ave 1 d 1.01351
dpdx 1 d -0.00418178
zrotation 1 d 0.0253385
rmsmmu 20 d
 2.40767e-05 5.63043e-05 0.746507 1.17599 3.71094e-06 8.97192e-06 0.075799 0.138613 0 0
 0 0 0 0 0 0 0 0 0 0
rmsmmqobij 20 d
 0.075799 0.138613 0.281938 0.501556 0.219042 0.565242 0 0 0 0
 0 0 0 0 0 0 0 0 0 0
ITER 1 i 111
u1ave 1 d 1.01348
dpdx 1 d -0.00418178
zrotation 1 d 0.0253378
rmsmmu 20 d
 2.35601e-05 5.51425e-05 0.746487 1.17595 3.63555e-06 8.78083e-06 0.0757988 0.13861 0 0
 0 0 0 0 0 0 0 0 0 0
rmsmmqobij 20 d
 0.0757988 0.13861 0.281938 0.50153 0.219039 0.565245 0 0 0 0
 0 0 0 0 0 0 0 0 0 0
ITER 1 i 112
u1ave 1 d 1.01346
dpdx 1 d -0.00418178
zrotation 1 d 0.0253371
rmsmmu 20 d
 2.30467e-05 5.39843e-05 0.746468 1.17592 3.56034e-06 8.59079e-06 0.0757985 0.138607 0 0
 0 0 0 0 0 0 0 0 0 0
rmsmmqobij 20 d
 0.0757985 0.138607 0.281937 0.501505 0.219036 0.565248 0 0 0 0
 0 0 0 0 0 0 0 0 0 0
ITER 1 i 113
u1ave 1 d 1.01343
dpdx 1 d -0.00418178
zrotation 1 d 0.0253364
rmsmmu 20 d
 2.2537e-05 5.28313e-05 0.746449 1.17589 3.4854e-06 8.40201e-06 0.0757982 0.138604 0 0
 0 0 0 0 0 0 0 0 0 0
rmsmmqobij 20 d
 0.0757982 0.138604 0.281937 0.501479 0.219033 0.565251 0 0 0 0
 0 0 0 0 0 0 0 0 0 0
ITER 1 i 114
u1ave 1 d 1.0134
dpdx 1 d -0.00418178
zrotation 1 d 0.0253358
rmsmmu 20 d
 2.20315e-05 5.16847e-05 0.746431 1.17586 3.41083e-06 8.21469e-06 0.075798 0.138601 0 0
 0 0 0 0 0 0 0 0 0 0
rmsmmqobij 20 d
 0.075798 0.138601 0.281936 0.501454 0.219031 0.565254 0 0 0 0
 0 0 0 0 0 0 0 0 0 0
ITER 1 i 115
u1ave 1 d 1.01338
dpdx 1 d -0.00418178
zrotation 1 d 0.0253351
rmsmmu 20 d
 2.15306e-05 5.05458e-05 0.746413 1.17582 3.33671e-06 8.02899e-06 0.0757977 0.138598 0 0
 0 0 0 0 0 0 0 0 0 0
rmsmmqobij 20 d
 0.0757977 0.138598 0.281935 0.501429 0.219028 0.565257 0 0 0 0
 0 0 0 0 0 0 0 0 0 0
ITER 1 i 116
u1ave 1 d 1.01335
dpdx 1 d -0.00418178
zrotation 1 d 0.0253345
rmsmmu 20 d
 2.10347e-05 4.94158e-05 0.746395 1.17579 3.26311e-06 7.84506e-06 0.0757975 0.138595 0 0
 0 0 0 0 0 0 0 0 0 0
rmsmmqobij 20 d
 0.0757975 0.138595 0.281935 0.501405 0.219026 0.565259 0 0 0 0
 0 0 0 0 0 0 0 0 0 0
ITER 1 i 117
u1ave 1 d 1.01333
dpdx 1 d -0.00418178
zrotation 1 d 0.0253339
rmsmmu 20 d
 2.05442e-05 4.82956e-05 0.746378 1.17576 3.19011e-06 7.66306e-06 0.0757972 0.138592 0 0
 0 0 0 0 0 0 0 0 0 0
rmsmmqobij 20 d
 0.0757972 0.138592 0.281934 0.501381 0.219023 0.565262 0 0 0 0
 0 0 0 0 0 0 0 0 0 0
ITER 1 i 118
u1ave 1 d 1.01331
dpdx 1 d -0.00418178
zrotation 1 d 0.0253333
rmsmmu 20 d
 2.00593e-05 4.71863e-05 0.746361 1.17573 3.11778e-06 7.48311e-06 0.075797 0.13859 0 0
 0 0 0 0 0 0 0 0 0 0
rmsmmqobij 20 d
 0.075797 0.13859 0.281933 0.501357 0.219021 0.565264 0 0 0 0
 0 0 0 0 0 0 0 0 0 0
ITER 1 i 119
u1ave 1 d 1.01328
dpdx 1 d -0.00418178
zrotation 1 d 0.0253327
rmsmmu 20 d
 1.95805e-05 4.60886e-05 0.746345 1.17571 3.04615e-06 7.30533e-06 0.0757967 0.138587 0 0
 0 0 0 0 0 0 0 0 0 0
rmsmmqobij 20 d
 0.0757967 0.138587 0.281932 0.501333 0.219019 0.565267 0 0 0 0
 0 0 0 0 0 0 0 0 0 0
ITER 1 i 120
u1ave 1 d 1.01326
dpdx 1 d -0.00418178
zrotation 1 d 0.0253321
rmsmmu 20 d
 1.9108e-05 4.50034e-05 0.746329 1.17568 2.9753e-06 7.12982e-06 0.0757965 0.138584 0 0
 0 0 0 0 0 0 0 0 0 0
rmsmmqobij 20 d
 0.0757965 0.138584 0.281931 0.50131 0.219016 0.565269 0 0 0 0
 0 0 0 0 0 0 0 0 0 0
ITER 1 i 121
u1ave 1 d 1.01324
dpdx 1 d -0.00418178
zrotation 1 d 0.0253315
rmsmmu 20 d
 1.86419e-05 4.39313e-05 0.746314 1.17565 2.90527e-06 6.95668e-06 0.0757962 0.138582 0 0
 0 0 0 0 0 0 0 0 0 0
rmsmmqobij 20 d
 0.0757962 0.138582 0.28193 0.501287 0.219014 0.565271 0 0 0 0
 0 0 0 0 0 0 0 0 0 0
ITER 1 i 122
u1ave 1 d 1.01322
dpdx 1 d -0.00418178
zrotation 1 d 0.025331
rmsmmu 20 d
 1.81826e-05 4.28731e-05 0.746299 1.17562 2.8361e-06 6.78599e-06 0.075796 0.138579 0 0
 0 0 0 0 0 0 0 0 0 0
rmsmmqobij 20 d
 0.075796 0.138579 0.281928 0.501264 0.219012 0.565273 0 0 0 0
 0 0 0 0 0 0 0 0 0 0
ITER 1 i 123
u1ave 1 d 1.0132
dpdx 1 d -0.00418178
zrotation 1 d 0.0253304
rmsmmu 20 d
 1.77302e-05 4.18291e-05 0.746284 1.1756 2.76783e-06 6.61782e-06 0.0757957 0.138577 0 0
 0 0 0 0 0 0 0 0 0 0
rmsmmqobij 20 d
 0.0757957 0.138577 0.281927 0.501242 0.219011 0.565276 0 0 0 0
 0 0 0 0 0 0 0 0 0 0
ITER 1 i 124
u1ave 1 d 1.01318
dpdx 1 d -0.00418178
zrotation 1 d 0.0253299
rmsmmu 20 d
 1.72848e-05 4.08e-05 0.746269 1.17557 2.7005e-06 6.45224e-06 0.0757955 0.138574 0 0
 0 0 0 0 0 0 0 0 0 0
rmsmmqobij 20 d
 0.0757955 0.138574 0.281926 0.50122 0.219009 0.565278 0 0 0 0
 0 0 0 0 0 0 0 0 0 0
ITER 1 i 125
u1ave 1 d 1.01316
dpdx 1 d -0.00418178
zrotation 1 d 0.0253294
rmsmmu 20 d
 1.68467e-05 3.97862e-05 0.746256 1.17555 2.63413e-06 6.2893e-06 0.0757953 0.138572 0 0
 0 0 0 0 0 0 0 0 0 0
rmsmmqobij 20 d
 0.0757953 0.138572 0.281925 0.501199 0.219007 0.56528 0 0 0 0
 0 0 0 0 0 0 0 0 0 0
ITER 1 i 126
u1ave 1 d 1.01314
dpdx 1 d -0.00418178
zrotation 1 d 0.0253289
rmsmmu 20 d
 1.64158e-05 3.87881e-05 0.746242 1.17552 2.56876e-06 6.12905e-06 0.0757951 0.13857 0 0
 0 0 0 0 0 0 0 0 0 0
rmsmmqobij 20 d
 0.0757951 0.13857 0.281924 0.501177 0.219005 0.565281 0 0 0 0
 0 0 0 0 0 0 0 0 0 0
ITER 1 i 127
u1ave 1 d 1.01312
dpdx 1 d -0.00418178
zrotation 1 d 0.0253284
rmsmmu 20 d
 1.59924e-05 3.78059e-05 0.746229 1.1755 2.5044e-06 5.97154e-06 0.0757948 0.138568 0 0
 0 0 0 0 0 0 0 0 0 0
rmsmmqobij 20 d
 0.0757948 0.138568 0.281922 0.501157 0.219004 0.565283 0 0 0 0
 0 0 0 0 0 0 0 0 0 0
ITER 1 i 128
u1ave 1 d 1.0131
dpdx 1 d -0.00418178
zrotation 1 d 0.025328
rmsmmu 20 d
 1.55765e-05 3.684e-05 0.746216 1.17548 2.44108e-06 5.81678e-06 0.0757946 0.138566 0 0
 0 0 0 0 0 0 0 0 0 0
rmsmmqobij 20 d
 0.0757946 0.138566 0.281921 0.501136 0.219002 0.565285 0 0 0 0
 0 0 0 0 0 0 0 0 0 0
ITER 1 i 129
u1ave 1 d 1.01308
dpdx 1 d -0.00418178
zrotation 1 d 0.0253275
rmsmmu 20 d
 1.51681e-05 3.58907e-05 0.746203 1.17546 2.37882e-06 5.66482e-06 0.0757944 0.138563 0 0
 0 0 0 0 0 0 0 0 0 0
rmsmmqobij 20 d
 0.0757944 0.138563 0.28192 0.501116 0.219 0.565287 0 0 0 0
 0 0 0 0 0 0 0 0 0 0
ITER 1 i 130
u1ave 1 d 1.01307
dpdx 1 d -0.00418178
zrotation 1 d 0.0253271
rmsmmu 20 d
 1.47674e-05 3.49581e-05 0.746191 1.17543 2.31762e-06 5.51566e-06 0.0757942 0.138561 0 0
 0 0 0 0 0 0 0 0 0 0
rmsmmqobij 20 d
 0.0757942 0.138561 0.281918 0.501097 0.218999 0.565288 0 0 0 0
 0 0 0 0 0 0 0 0 0 0
ITER 1 i 131
u1ave 1 d 1.01305
dpdx 1 d -0.00418178
zrotation 1 d 0.0253266
rmsmmu 20 d
 1.43743e-05 3.40423e-05 0.746179 1.17541 2.2575e-06 5.36933e-06 0.075794 0.138559 0 0
 0 0 0 0 0 0 0 0 0 0
rmsmmqobij 20 d
 0.075794 0.138559 0.281917 0.501077 0.218997 0.56529 0 0 0 0
 0 0 0 0 0 0 0 0 0 0
ITER 1 i 132
u1ave 1 d 1.01303
dpdx 1 d -0.00418178
zrotation 1 d 0.0253262
rmsmmu 20 d
 1.39889e-05 3.31435e-05 0.746168 1.17539 2.19847e-06 5.22583e-06 0.0757938 0.138558 0 0
 0 0 0 0 0 0 0 0 0 0
rmsmmqobij 20 d
 0.0757938 0.138558 0.281916 0.501058 0.218996 0.565292 0 0 0 0
 0 0 0 0 0 0 0 0 0 0
ITER 1 i 133
u1ave 1 d 1.01302
dpdx 1 d -0.00418178
zrotation 1 d 0.0253258
rmsmmu 20 d
 1.36111e-05 3.22618e-05 0.746156 1.17537 2.14054e-06 5.08516e-06 0.0757936 0.138556 0 0
 0 0 0 0 0 0 0 0 0 0
rmsmmqobij 20 d
 0.0757936 0.138556 0.281914 0.50104 0.218995 0.565293 0 0 0 0
 0 0 0 0 0 0 0 0 0 0
ITER 1 i 134
u1ave 1 d 1.013
dpdx 1 d -0.00418178
zrotation 1 d 0.0253254
rmsmmu 20 d
 1.3241e-05 3.13972e-05 0.746146 1.17535 2.08372e-06 4.94733e-06 0.0757934 0.138554 0 0
 0 0 0 0 0 0 0 0 0 0
rmsmmqobij 20 d
 0.0757934 0.138554 0.281913 0.501022 0.218994 0.565295 0 0 0 0
 0 0 0 0 0 0 0 0 0 0
ITER 1 i 135
u1ave 1 d 1.01299
dpdx 1 d -0.00418178
zrotation 1 d 0.025325
rmsmmu 20 d
 1.28785e-05 3.05498e-05 0.746135 1.17533 2.02799e-06 4.81233e-06 0.0757932 0.138552 0 0
 0 0 0 0 0 0 0 0 0 0
rmsmmqobij 20 d
 0.0757932 0.138552 0.281912 0.501004 0.218992 0.565296 0 0 0 0
 0 0 0 0 0 0 0 0 0 0
ITER 1 i 136
u1ave 1 d 1.01297
dpdx 1 d -0.00418178
zrotation 1 d 0.0253247
rmsmmu 20 d
 1.25237e-05 2.97195e-05 0.746125 1.17532 1.97338e-06 4.68016e-06 0.075793 0.13855 0 0
 0 0 0 0 0 0 0 0 0 0
rmsmmqobij 20 d
 0.075793 0.13855 0.28191 0.500987 0.218991 0.565297 0 0 0 0
 0 0 0 0 0 0 0 0 0 0
ITER 1 i 137
u1ave 1 d 1.01296
dpdx 1 d -0.00418178
zrotation 1 d 0.0253243
rmsmmu 20 d
 1.21765e-05 2.89063e-05 0.746115 1.1753 1.91986e-06 4.5508e-06 0.0757928 0.138549 0 0
 0 0 0 0 0 0 0 0 0 0
rmsmmqobij 20 d
 0.0757928 0.138549 0.281909 0.50097 0.21899 0.565299 0 0 0 0
 0 0 0 0 0 0 0 0 0 0
ITER 1 i 138
u1ave 1 d 1.01294
dpdx 1 d -0.00418178
zrotation 1 d 0.0253239
rmsmmu 20 d
 1.18368e-05 2.81102e-05 0.746105 1.17528 1.86745e-06 4.42423e-06 0.0757926 0.138547 0 0
 0 0 0 0 0 0 0 0 0 0
rmsmmqobij 20 d
 0.0757926 0.138547 0.281908 0.500953 0.218989 0.5653 0 0 0 0
 0 0 0 0 0 0 0 0 0 0
ITER 1 i 139
u1ave 1 d 1.01293
dpdx 1 d -0.00418178
zrotation 1 d 0.0253236
rmsmmu 20 d
 1.15046e-05 2.73311e-05 0.746095 1.17526 1.81614e-06 4.30044e-06 0.0757924 0.138545 0 0
 0 0 0 0 0 0 0 0 0 0
rmsmmqobij 20 d
 0.0757924 0.138545 0.281906 0.500937 0.218988 0.565301 0 0 0 0
 0 0 0 0 0 0 0 0 0 0
ITER 1 i 140
u1ave 1 d 1.01292
dpdx 1 d -0.00418178
zrotation 1 d 0.0253233
rmsmmu 20 d
 1.11798e-05 2.65688e-05 0.746086 1.17525 1.76592e-06 4.1794e-06 0.0757923 0.138544 0 0
 0 0 0 0 0 0 0 0 0 0
rmsmmqobij 20 d
 0.0757923 0.138544 0.281905 0.500921 0.218987 0.565302 0 0 0 0
 0 0 0 0 0 0 0 0 0 0
ITER 1 i 141
u1ave 1 d 1.0129
dpdx 1 d -0.00418178
zrotation 1 d 0.0253229
rmsmmu 20 d
 1.08623e-05 2.58234e-05 0.746077 1.17523 1.7168e-06 4.06109e-06 0.0757921 0.138542 0 0
 0 0 0 0 0 0 0 0 0 0
rmsmmqobij 20 d
 0.0757921 0.138542 0.281904 0.500906 0.218986 0.565303 0 0 0 0
 0 0 0 0 0 0 0 0 0 0
ITER 1 i 142
u1ave 1 d 1.01289
dpdx 1 d -0.00418178
zrotation 1 d 0.0253226
rmsmmu 20 d
 1.05522e-05 2.50945e-05 0.746069 1.17522 1.66875e-06 3.94549e-06 0.0757919 0.138541 0 0
 0 0 0 0 0 0 0 0 0 0
rmsmmqobij 20 d
 0.0757919 0.138541 0.281903 0.50089 0.218985 0.565305 0 0 0 0
 0 0 0 0 0 0 0 0 0 0
ITER 1 i 143
u1ave 1 d 1.01288
dpdx 1 d -0.00418178
zrotation 1 d 0.0253223
rmsmmu 20 d
 1.02493e-05 2.43822e-05 0.74606 1.1752 1.62177e-06 3.83257e-06 0.0757918 0.13854 0 0
 0 0 0 0 0 0 0 0 0 0
rmsmmqobij 20 d
 0.0757918 0.13854 0.281901 0.500876 0.218984 0.565306 0 0 0 0
 0 0 0 0 0 0 0 0 0 0
ITER 1 i 144
u1ave 1 d 1.01287
dpdx 1 d -0.00418178
zrotation 1 d 0.025322
rmsmmu 20 d
 9.95349e-06 2.36862e-05 0.746052 1.17519 1.57585e-06 3.7223e-06 0.0757916 0.138538 0 0
 0 0 0 0 0 0 0 0 0 0
rmsmmqobij 20 d
 0.0757916 0.138538 0.2819 0.500861 0.218983 0.565307 0 0 0 0
 0 0 0 0 0 0 0 0 0 0
ITER 1 i 145
u1ave 1 d 1.01286
dpdx 1 d -0.00418178
zrotation 1 d 0.0253217
rmsmmu 20 d
 9.66474e-06 2.30064e-05 0.746044 1.17517 1.53099e-06 3.61464e-06 0.0757915 0.138537 0 0
 0 0 0 0 0 0 0 0 0 0
rmsmmqobij 20 d
 0.0757915 0.138537 0.281899 0.500847 0.218982 0.565308 0 0 0 0
 0 0 0 0 0 0 0 0 0 0
ITER 1 i 146
u1ave 1 d 1.01285
dpdx 1 d -0.00418178
zrotation 1 d 0.0253214
rmsmmu 20 d
 9.38295e-06 2.23426e-05 0.746037 1.17516 1.48717e-06 3.50956e-06 0.0757913 0.138536 0 0
 0 0 0 0 0 0 0 0 0 0
rmsmmqobij 20 d
 0.0757913 0.138536 0.281898 0.500833 0.218982 0.565309 0 0 0 0
 0 0 0 0 0 0 0 0 0 0
ITER 1 i 147
u1ave 1 d 1.01284
dpdx 1 d -0.00418178
zrotation 1 d 0.0253212
rmsmmu 20 d
 9.108e-06 2.16945e-05 0.746029 1.17515 1.44437e-06 3.40703e-06 0.0757912 0.138534 0 0
 0 0 0 0 0 0 0 0 0 0
rmsmmqobij 20 d
 0.0757912 0.138534 0.281896 0.50082 0.218981 0.56531 0 0 0 0
 0 0 0 0 0 0 0 0 0 0
ITER 1 i 148
u1ave 1 d 1.01283
dpdx 1 d -0.00418178
zrotation 1 d 0.0253209
rmsmmu 20 d
 8.83982e-06 2.10621e-05 0.746022 1.17513 1.40259e-06 3.30701e-06 0.075791 0.138533 0 0
 0 0 0 0 0 0 0 0 0 0
rmsmmqobij 20 d
 0.075791 0.138533 0.281895 0.500807 0.21898 0.565311 0 0 0 0
 0 0 0 0 0 0 0 0 0 0
ITER 1 i 149
u1ave 1 d 1.01282
dpdx 1 d -0.00418178
zrotation 1 d 0.0253206
rmsmmu 20 d
 8.57829e-06 2.0445e-05 0.746015 1.17512 1.36182e-06 3.20947e-06 0.0757909 0.138532 0 0
 0 0 0 0 0 0 0 0 0 0
rmsmmqobij 20 d
 0.0757909 0.138532 0.281894 0.500794 0.218979 0.565311 0 0 0 0
 0 0 0 0 0 0 0 0 0 0
ITER 1 i 150
u1ave 1 d 1.01281
dpdx 1 d -0.00418178
zrotation 1 d 0.0253204
rmsmmu 20 d
 8.32331e-06 1.98431e-05 0.746008 1.17511 1.32203e-06 3.11436e-06 0.0757907 0.138531 0 0
 0 0 0 0 0 0 0 0 0 0
rmsmmqobij 20 d
 0.0757907 0.138531 0.281893 0.500782 0.218979 0.565312 0 0 0 0
 0 0 0 0 0 0 0 0 0 0
ITER 1 i 151
u1ave 1 d 1.0128
dpdx 1 d -0.00418178
zrotation 1 d 0.0253202
rmsmmu 20 d
 8.07479e-06 1.92561e-05 0.746001 1.1751 1.28322e-06 3.02165e-06 0.0757906 0.13853 0 0
 0 0 0 0 0 0 0 0 0 0
rmsmmqobij 20 d
 0.0757906 0.13853 0.281892 0.50077 0.218978 0.565313 0 0 0 0
 0 0 0 0 0 0 0 0 0 0
ITER 1 i 152
u1ave 1 d 1.01279
dpdx 1 d -0.00418178
zrotation 1 d 0.0253199
rmsmmu 20 d
 7.8326e-06 1.86838e-05 0.745995 1.17508 1.24537e-06 2.9313e-06 0.0757905 0.138529 0 0
 0 0 0 0 0 0 0 0 0 0
rmsmmqobij 20 d
 0.0757905 0.138529 0.281891 0.500758 0.218977 0.565314 0 0 0 0
 0 0 0 0 0 0 0 0 0 0
ITER 1 i 153
u1ave 1 d 1.01278
dpdx 1 d -0.00418178
zrotation 1 d 0.0253197
rmsmmu 20 d
 7.59665e-06 1.8126e-05 0.745989 1.17507 1.20847e-06 2.84326e-06 0.0757904 0.138528 0 0
 0 0 0 0 0 0 0 0 0 0
rmsmmqobij 20 d
 0.0757904 0.138528 0.281889 0.500746 0.218977 0.565315 0 0 0 0
 0 0 0 0 0 0 0 0 0 0
ITER 1 i 154
u1ave 1 d 1.01277
dpdx 1 d -0.00418178
zrotation 1 d 0.0253195
rmsmmu 20 d
 7.36682e-06 1.75825e-05 0.745983 1.17506 1.17249e-06 2.7575e-06 0.0757902 0.138526 0 0
 0 0 0 0 0 0 0 0 0 0
rmsmmqobij 20 d
 0.0757902 0.138526 0.281888 0.500735 0.218976 0.565316 0 0 0 0
 0 0 0 0 0 0 0 0 0 0
ITER 1 i 155
u1ave 1 d 1.01276
dpdx 1 d -0.00418178
zrotation 1 d 0.0253193
rmsmmu 20 d
 7.143e-06 1.70529e-05 0.745977 1.17505 1.13744e-06 2.67398e-06 0.0757901 0.138526 0 0
 0 0 0 0 0 0 0 0 0 0
rmsmmqobij 20 d
 0.0757901 0.138526 0.281887 0.500724 0.218976 0.565316 0 0 0 0
 0 0 0 0 0 0 0 0 0 0
ITER 1 i 156
u1ave 1 d 1.01275
dpdx 1 d -0.00418178
zrotation 1 d 0.0253191
rmsmmu 20 d
 6.92509e-06 1.6537e-05 0.745971 1.17504 1.10328e-06 2.59266e-06 0.07579 0.138525 0 0
 0 0 0 0 0 0 0 0 0 0
rmsmmqobij 20 d
 0.07579 0.138525 0.281886 0.500714 0.218975 0.565317 0 0 0 0
 0 0 0 0 0 0 0 0 0 0
ITER 1 i 157
u1ave 1 d 1.01275
dpdx 1 d -0.00418178
zrotation 1 d 0.0253189
rmsmmu 20 d
 6.71296e-06 1.60347e-05 0.745966 1.17503 1.07001e-06 2.51348e-06 0.0757899 0.138524 0 0
 0 0 0 0 0 0 0 0 0 0
rmsmmqobij 20 d
 0.0757899 0.138524 0.281885 0.500703 0.218975 0.565318 0 0 0 0
 0 0 0 0 0 0 0 0 0 0
ITER 1 i 158
u1ave 1 d 1.01274
dpdx 1 d -0.00418178
zrotation 1 d 0.0253187
rmsmmu 20 d
 6.5065e-06 1.55455e-05 0.745961 1.17502 1.0376e-06 2.43642e-06 0.0757898 0.138523 0 0
 0 0 0 0 0 0 0 0 0 0
rmsmmqobij 20 d
 0.0757898 0.138523 0.281884 0.500693 0.218974 0.565318 0 0 0 0
 0 0 0 0 0 0 0 0 0 0
ITER 1 i 159
u1ave 1 d 1.01273
dpdx 1 d -0.00418178
zrotation 1 d 0.0253185
rmsmmu 20 d
 6.30561e-06 1.50694e-05 0.745955 1.17501 1.00605e-06 2.36143e-06 0.0757897 0.138522 0 0
 0 0 0 0 0 0 0 0 0 0
rmsmmqobij 20 d
 0.0757897 0.138522 0.281883 0.500684 0.218974 0.565319 0 0 0 0
 0 0 0 0 0 0 0 0 0 0
ITER 1 i 160
u1ave 1 d 1.01272
dpdx 1 d -0.00418178
zrotation 1 d 0.0253183
rmsmmu 20 d
 6.11017e-06 1.4606e-05 0.745951 1.175 9.75329e-07 2.28847e-06 0.0757896 0.138521 0 0
 0 0 0 0 0 0 0 0 0 0
rmsmmqobij 20 d
 0.0757896 0.138521 0.281882 0.500674 0.218973 0.56532 0 0 0 0
 0 0 0 0 0 0 0 0 0 0
ITER 1 i 161
u1ave 1 d 1.01272
dpdx 1 d -0.00418178
zrotation 1 d 0.0253181
rmsmmu 20 d
 5.92007e-06 1.41551e-05 0.745946 1.175 9.45431e-07 2.2175e-06 0.0757895 0.13852 0 0
 0 0 0 0 0 0 0 0 0 0
rmsmmqobij 20 d
 0.0757895 0.13852 0.281881 0.500665 0.218973 0.56532 0 0 0 0
 0 0 0 0 0 0 0 0 0 0
ITER 1 i 162
u1ave 1 d 1.01271
dpdx 1 d -0.00418178
zrotation 1 d 0.0253179
rmsmmu 20 d
 5.7352e-06 1.37164e-05 0.745941 1.17499 9.16336e-07 2.14847e-06 0.0757894 0.138519 0 0
 0 0 0 0 0 0 0 0 0 0
rmsmmqobij 20 d
 0.0757894 0.138519 0.28188 0.500656 0.218972 0.565321 0 0 0 0
 0 0 0 0 0 0 0 0 0 0
ITER 1 i 163
u1ave 1 d 1.0127
dpdx 1 d -0.00418178
zrotation 1 d 0.0253178
rmsmmu 20 d
 5.55544e-06 1.32898e-05 0.745937 1.17498 8.88029e-07 2.08135e-06 0.0757893 0.138519 0 0
 0 0 0 0 0 0 0 0 0 0
rmsmmqobij 20 d
 0.0757893 0.138519 0.281879 0.500647 0.218972 0.565321 0 0 0 0
 0 0 0 0 0 0 0 0 0 0
ITER 1 i 164
u1ave 1 d 1.0127
dpdx 1 d -0.00418178
zrotation 1 d 0.0253176
rmsmmu 20 d
 5.38069e-06 1.28748e-05 0.745932 1.17497 8.60494e-07 2.01609e-06 0.0757892 0.138518 0 0
 0 0 0 0 0 0 0 0 0 0
rmsmmqobij 20 d
 0.0757892 0.138518 0.281879 0.500639 0.218972 0.565322 0 0 0 0
 0 0 0 0 0 0 0 0 0 0
ITER 1 i 165
u1ave 1 d 1.01269
dpdx 1 d -0.00418178
zrotation 1 d 0.0253175
rmsmmu 20 d
 5.21083e-06 1.24713e-05 0.745928 1.17496 8.33713e-07 1.95265e-06 0.0757891 0.138517 0 0
 0 0 0 0 0 0 0 0 0 0
rmsmmqobij 20 d
 0.0757891 0.138517 0.281878 0.50063 0.218971 0.565322 0 0 0 0
 0 0 0 0 0 0 0 0 0 0
ITER 1 i 166
u1ave 1 d 1.01269
dpdx 1 d -0.00418178
zrotation 1 d 0.0253173
rmsmmu 20 d
 5.04575e-06 1.20791e-05 0.745924 1.17496 8.07671e-07 1.89099e-06 0.075789 0.138516 0 0
 0 0 0 0 0 0 0 0 0 0
rmsmmqobij 20 d
 0.075789 0.138516 0.281877 0.500622 0.218971 0.565323 0 0 0 0
 0 0 0 0 0 0 0 0 0 0
ITER 1 i 167
u1ave 1 d 1.01268
dpdx 1 d -0.00418178
zrotation 1 d 0.0253172
rmsmmu 20 d
 4.88535e-06 1.16978e-05 0.74592 1.17495 7.82352e-07 1.83108e-06 0.0757889 0.138516 0 0
 0 0 0 0 0 0 0 0 0 0
rmsmmqobij 20 d
 0.0757889 0.138516 0.281876 0.500615 0.21897 0.565323 0 0 0 0
 0 0 0 0 0 0 0 0 0 0
ITER 1 i 168
u1ave 1 d 1.01268
dpdx 1 d -0.00418178
zrotation 1 d 0.025317
rmsmmu 20 d
 4.72953e-06 1.13273e-05 0.745916 1.17494 7.57741e-07 1.77287e-06 0.0757888 0.138515 0 0
 0 0 0 0 0 0 0 0 0 0
rmsmmqobij 20 d
 0.0757888 0.138515 0.281875 0.500607 0.21897 0.565324 0 0 0 0
 0 0 0 0 0 0 0 0 0 0
ITER 1 i 169
u1ave 1 d 1.01267
dpdx 1 d -0.00418178
zrotation 1 d 0.0253169
rmsmmu 20 d
 4.57817e-06 1.09673e-05 0.745912 1.17494 7.33821e-07 1.71632e-06 0.0757887 0.138514 0 0
 0 0 0 0 0 0 0 0 0 0
rmsmmqobij 20 d
 0.0757887 0.138514 0.281874 0.5006 0.21897 0.565324 0 0 0 0
 0 0 0 0 0 0 0 0 0 0
ITER 1 i 170
u1ave 1 d 1.01266
dpdx 1 d -0.00418178
zrotation 1 d 0.0253168
rmsmmu 20 d
 4.43116e-06 1.06175e-05 0.745909 1.17493 7.10577e-07 1.6614e-06 0.0757887 0.138514 0 0
 0 0 0 0 0 0 0 0 0 0
rmsmmqobij 20 d
 0.0757887 0.138514 0.281874 0.500593 0.21897 0.565325 0 0 0 0
 0 0 0 0 0 0 0 0 0 0
ITER 1 i 171
u1ave 1 d 1.01266
dpdx 1 d -0.00418178
zrotation 1 d 0.0253166
rmsmmu 20 d
 4.28842e-06 1.02778e-05 0.745905 1.17492 6.87993e-07 1.60806e-06 0.0757886 0.138513 0 0
 0 0 0 0 0 0 0 0 0 0
rmsmmqobij 20 d
 0.0757886 0.138513 0.281873 0.500586 0.218969 0.565325 0 0 0 0
 0 0 0 0 0 0 0 0 0 0
ITER 1 i 172
u1ave 1 d 1.01266
dpdx 1 d -0.00418178
zrotation 1 d 0.0253165
rmsmmu 20 d
 4.14982e-06 9.94787e-06 0.745902 1.17492 6.66055e-07 1.55627e-06 0.0757885 0.138513 0 0
 0 0 0 0 0 0 0 0 0 0
rmsmmqobij 20 d
 0.0757885 0.138513 0.281872 0.500579 0.218969 0.565326 0 0 0 0
 0 0 0 0 0 0 0 0 0 0
ITER 1 i 173
u1ave 1 d 1.01265
dpdx 1 d -0.00418178
zrotation 1 d 0.0253164
rmsmmu 20 d
 4.01528e-06 9.62747e-06 0.745899 1.17491 6.44747e-07 1.50599e-06 0.0757884 0.138512 0 0
 0 0 0 0 0 0 0 0 0 0
rmsmmqobij 20 d
 0.0757884 0.138512 0.281871 0.500572 0.218969 0.565326 0 0 0 0
 0 0 0 0 0 0 0 0 0 0
ITER 1 i 174
u1ave 1 d 1.01265
dpdx 1 d -0.00418178
zrotation 1 d 0.0253163
rmsmmu 20 d
 3.8847e-06 9.3164e-06 0.745896 1.17491 6.24054e-07 1.45718e-06 0.0757884 0.138512 0 0
 0 0 0 0 0 0 0 0 0 0
rmsmmqobij 20 d
 0.0757884 0.138512 0.281871 0.500566 0.218968 0.565327 0 0 0 0
 0 0 0 0 0 0 0 0 0 0
ITER 1 i 175
u1ave 1 d 1.01264
dpdx 1 d -0.00418178
zrotation 1 d 0.0253162
rmsmmu 20 d
 3.75797e-06 9.01443e-06 0.745893 1.1749 6.03961e-07 1.40981e-06 0.0757883 0.138511 0 0
 0 0 0 0 0 0 0 0 0 0
rmsmmqobij 20 d
 0.0757883 0.138511 0.28187 0.50056 0.218968 0.565327 0 0 0 0
 0 0 0 0 0 0 0 0 0 0
ITER 1 i 176
u1ave 1 d 1.01264
dpdx 1 d -0.00418178
zrotation 1 d 0.025316
rmsmmu 20 d
 3.635e-06 8.72134e-06 0.74589 1.17489 5.84455e-07 1.36385e-06 0.0757882 0.138511 0 0
 0 0 0 0 0 0 0 0 0 0
rmsmmqobij 20 d
 0.0757882 0.138511 0.281869 0.500554 0.218968 0.565327 0 0 0 0
 0 0 0 0 0 0 0 0 0 0
ITER 1 i 177
u1ave 1 d 1.01263
dpdx 1 d -0.00418178
zrotation 1 d 0.0253159
rmsmmu 20 d
 3.51569e-06 8.43689e-06 0.745887 1.17489 5.6552e-07 1.31924e-06 0.0757882 0.13851 0 0
 0 0 0 0 0 0 0 0 0 0
rmsmmqobij 20 d
 0.0757882 0.13851 0.281869 0.500548 0.218968 0.565328 0 0 0 0
 0 0 0 0 0 0 0 0 0 0
ITER 1 i 178
u1ave 1 d 1.01263
dpdx 1 d -0.00418178
zrotation 1 d 0.0253158
rmsmmu 20 d
 3.39996e-06 8.16089e-06 0.745884 1.17488 5.47143e-07 1.27597e-06 0.0757881 0.13851 0 0
 0 0 0 0 0 0 0 0 0 0
rmsmmqobij 20 d
 0.0757881 0.13851 0.281868 0.500542 0.218968 0.565328 0 0 0 0
 0 0 0 0 0 0 0 0 0 0
ITER 1 i 179
u1ave 1 d 1.01263
dpdx 1 d -0.00418178
zrotation 1 d 0.0253157
rmsmmu 20 d
 3.28771e-06 7.89312e-06 0.745881 1.17488 5.29309e-07 1.234e-06 0.075788 0.138509 0 0
 0 0 0 0 0 0 0 0 0 0
rmsmmqobij 20 d
 0.075788 0.138509 0.281867 0.500537 0.218967 0.565328 0 0 0 0
 0 0 0 0 0 0 0 0 0 0
ITER 1 i 180
u1ave 1 d 1.01262
dpdx 1 d -0.00418178
zrotation 1 d 0.0253156
rmsmmu 20 d
 3.17884e-06 7.63336e-06 0.745879 1.17487 5.12005e-07 1.19329e-06 0.075788 0.138509 0 0
 0 0 0 0 0 0 0 0 0 0
rmsmmqobij 20 d
 0.075788 0.138509 0.281867 0.500532 0.218967 0.565329 0 0 0 0
 0 0 0 0 0 0 0 0 0 0
ITER 1 i 181
u1ave 1 d 1.01262
dpdx 1 d -0.00418178
zrotation 1 d 0.0253156
rmsmmu 20 d
 3.07328e-06 7.38141e-06 0.745876 1.17487 4.95218e-07 1.15381e-06 0.0757879 0.138508 0 0
 0 0 0 0 0 0 0 0 0 0
rmsmmqobij 20 d
 0.0757879 0.138508 0.281866 0.500527 0.218967 0.565329 0 0 0 0
 0 0 0 0 0 0 0 0 0 0
ITER 1 i 182
u1ave 1 d 1.01262
dpdx 1 d -0.00418178
zrotation 1 d 0.0253155
rmsmmu 20 d
 2.97093e-06 7.13707e-06 0.745874 1.17487 4.78933e-07 1.11553e-06 0.0757879 0.138508 0 0
 0 0 0 0 0 0 0 0 0 0
rmsmmqobij 20 d
 0.0757879 0.138508 0.281866 0.500522 0.218967 0.565329 0 0 0 0
 0 0 0 0 0 0 0 0 0 0
ITER 1 i 183
u1ave 1 d 1.01261
dpdx 1 d -0.00418178
zrotation 1 d 0.0253154
rmsmmu 20 d
 2.87171e-06 6.90014e-06 0.745872 1.17486 4.6314e-07 1.07842e-06 0.0757878 0.138507 0 0
 0 0 0 0 0 0 0 0 0 0
rmsmmqobij 20 d
 0.0757878 0.138507 0.281865 0.500517 0.218967 0.56533 0 0 0 0
 0 0 0 0 0 0 0 0 0 0
ITER 1 i 184
u1ave 1 d 1.01261
dpdx 1 d -0.00418178
zrotation 1 d 0.0253153
rmsmmu 20 d
 2.77554e-06 6.67042e-06 0.745869 1.17486 4.47823e-07 1.04244e-06 0.0757878 0.138507 0 0
 0 0 0 0 0 0 0 0 0 0
rmsmmqobij 20 d
 0.0757878 0.138507 0.281865 0.500512 0.218966 0.56533 0 0 0 0
 0 0 0 0 0 0 0 0 0 0
ITER 1 i 185
u1ave 1 d 1.01261
dpdx 1 d -0.00418178
zrotation 1 d 0.0253152
rmsmmu 20 d
 2.68233e-06 6.44773e-06 0.745867 1.17485 4.32972e-07 1.00757e-06 0.0757877 0.138507 0 0
 0 0 0 0 0 0 0 0 0 0
rmsmmqobij 20 d
 0.0757877 0.138507 0.281864 0.500508 0.218966 0.56533 0 0 0 0
 0 0 0 0 0 0 0 0 0 0
ITER 1 i 186
u1ave 1 d 1.0126
dpdx 1 d -0.00418178
zrotation 1 d 0.0253151
rmsmmu 20 d
 2.59201e-06 6.23188e-06 0.745865 1.17485 4.18574e-07 9.73775e-07 0.0757877 0.138506 0 0
 0 0 0 0 0 0 0 0 0 0
rmsmmqobij 20 d
 0.0757877 0.138506 0.281863 0.500503 0.218966 0.565331 0 0 0 0
 0 0 0 0 0 0 0 0 0 0
ITER 1 i 187
u1ave 1 d 1.0126
dpdx 1 d -0.00418178
zrotation 1 d 0.0253151
rmsmmu 20 d
 2.50449e-06 6.02267e-06 0.745863 1.17485 4.04616e-07 9.41025e-07 0.0757876 0.138506 0 0
 0 0 0 0 0 0 0 0 0 0
rmsmmqobij 20 d
 0.0757876 0.138506 0.281863 0.500499 0.218966 0.565331 0 0 0 0
 0 0 0 0 0 0 0 0 0 0
ITER 1 i 188
u1ave 1 d 1.0126
dpdx 1 d -0.00418178
zrotation 1 d 0.025315
rmsmmu 20 d
 2.4197e-06 5.81995e-06 0.745861 1.17484 3.91087e-07 9.09294e-07 0.0757876 0.138506 0 0
 0 0 0 0 0 0 0 0 0 0
rmsmmqobij 20 d
 0.0757876 0.138506 0.281862 0.500495 0.218966 0.565331 0 0 0 0
 0 0 0 0 0 0 0 0 0 0
ITER 1 i 189
u1ave 1 d 1.01259
dpdx 1 d -0.00418178
zrotation 1 d 0.0253149
rmsmmu 20 d
 2.33756e-06 5.62351e-06 0.745859 1.17484 3.77975e-07 8.78552e-07 0.0757875 0.138505 0 0
 0 0 0 0 0 0 0 0 0 0
rmsmmqobij 20 d
 0.0757875 0.138505 0.281862 0.500491 0.218966 0.565331 0 0 0 0
 0 0 0 0 0 0 0 0 0 0
ITER 1 i 190
u1ave 1 d 1.01259
dpdx 1 d -0.00418178
zrotation 1 d 0.0253149
rmsmmu 20 d
 2.258e-06 5.4332e-06 0.745858 1.17484 3.65269e-07 8.48773e-07 0.0757875 0.138505 0 0
 0 0 0 0 0 0 0 0 0 0
rmsmmqobij 20 d
 0.0757875 0.138505 0.281862 0.500487 0.218966 0.565332 0 0 0 0
 0 0 0 0 0 0 0 0 0 0
ITER 1 i 191
u1ave 1 d 1.01259
dpdx 1 d -0.00418178
zrotation 1 d 0.0253148
rmsmmu 20 d
 2.18095e-06 5.24885e-06 0.745856 1.17483 3.52958e-07 8.1993e-07 0.0757874 0.138505 0 0
 0 0 0 0 0 0 0 0 0 0
rmsmmqobij 20 d
 0.0757874 0.138505 0.281861 0.500483 0.218966 0.565332 0 0 0 0
 0 0 0 0 0 0 0 0 0 0
ITER 1 i 192
u1ave 1 d 1.01259
dpdx 1 d -0.00418178
zrotation 1 d 0.0253147
rmsmmu 20 d
 2.10633e-06 5.07028e-06 0.745854 1.17483 3.41031e-07 7.91995e-07 0.0757874 0.138504 0 0
 0 0 0 0 0 0 0 0 0 0
rmsmmqobij 20 d
 0.0757874 0.138504 0.281861 0.50048 0.218965 0.565332 0 0 0 0
 0 0 0 0 0 0 0 0 0 0
ITER 1 i 193
u1ave 1 d 1.01258
dpdx 1 d -0.00418178
zrotation 1 d 0.0253147
rmsmmu 20 d
 2.03409e-06 4.89735e-06 0.745852 1.17483 3.29478e-07 7.64945e-07 0.0757874 0.138504 0 0
 0 0 0 0 0 0 0 0 0 0
rmsmmqobij 20 d
 0.0757874 0.138504 0.28186 0.500476 0.218965 0.565332 0 0 0 0
 0 0 0 0 0 0 0 0 0 0
ITER 1 i 194
u1ave 1 d 1.01258
dpdx 1 d -0.00418178
zrotation 1 d 0.0253146
rmsmmu 20 d
 1.96414e-06 4.72988e-06 0.745851 1.17482 3.18287e-07 7.38753e-07 0.0757873 0.138504 0 0
 0 0 0 0 0 0 0 0 0 0
rmsmmqobij 20 d
 0.0757873 0.138504 0.28186 0.500473 0.218965 0.565333 0 0 0 0
 0 0 0 0 0 0 0 0 0 0
ITER 1 i 195
u1ave 1 d 1.01258
dpdx 1 d -0.00418178
zrotation 1 d 0.0253146
rmsmmu 20 d
 1.89643e-06 4.56772e-06 0.745849 1.17482 3.07449e-07 7.13395e-07 0.0757873 0.138504 0 0
 0 0 0 0 0 0 0 0 0 0
rmsmmqobij 20 d
 0.0757873 0.138504 0.281859 0.500469 0.218965 0.565333 0 0 0 0
 0 0 0 0 0 0 0 0 0 0
ITER 1 i 196
u1ave 1 d 1.01258
dpdx 1 d -0.00418178
zrotation 1 d 0.0253145
rmsmmu 20 d
 1.83089e-06 4.41073e-06 0.745848 1.17482 2.96954e-07 6.88848e-07 0.0757872 0.138503 0 0
 0 0 0 0 0 0 0 0 0 0
rmsmmqobij 20 d
 0.0757872 0.138503 0.281859 0.500466 0.218965 0.565333 0 0 0 0
 0 0 0 0 0 0 0 0 0 0
ITER 1 i 197
u1ave 1 d 1.01258
dpdx 1 d -0.00418178
zrotation 1 d 0.0253145
rmsmmu 20 d
 1.76746e-06 4.25875e-06 0.745846 1.17482 2.86791e-07 6.65087e-07 0.0757872 0.138503 0 0
 0 0 0 0 0 0 0 0 0 0
rmsmmqobij 20 d
 0.0757872 0.138503 0.281859 0.500463 0.218965 0.565333 0 0 0 0
 0 0 0 0 0 0 0 0 0 0
ITER 1 i 198
u1ave 1 d 1.01257
dpdx 1 d -0.00418178
zrotation 1 d 0.0253144
rmsmmu 20 d
 1.70607e-06 4.11165e-06 0.745845 1.17481 2.76953e-07 6.42091e-07 0.0757872 0.138503 0 0
 0 0 0 0 0 0 0 0 0 0
rmsmmqobij 20 d
 0.0757872 0.138503 0.281858 0.50046 0.218965 0.565333 0 0 0 0
 0 0 0 0 0 0 0 0 0 0
ITER 1 i 199
u1ave 1 d 1.01257
dpdx 1 d -0.00418178
zrotation 1 d 0.0253144
rmsmmu 20 d
 1.64667e-06 3.96927e-06 0.745844 1.17481 2.67429e-07 6.19837e-07 0.0757871 0.138503 0 0
 0 0 0 0 0 0 0 0 0 0
rmsmmqobij 20 d
 0.0757871 0.138503 0.281858 0.500457 0.218965 0.565334 0 0 0 0
 0 0 0 0 0 0 0 0 0 0
ITER 1 i 200
u1ave 1 d 1.01257
dpdx 1 d -0.00418178
zrotation 1 d 0.0253143
rmsmmu 20 d
 1.5892e-06 3.83149e-06 0.745843 1.17481 2.5821e-07 5.98302e-07 0.0757871 0.138502 0 0
 0 0 0 0 0 0 0 0 0 0
rmsmmqobij 20 d
 0.0757871 0.138502 0.281858 0.500454 0.218965 0.565334 0 0 0 0
 0 0 0 0 0 0 0 0 0 0
ITER 1 i 201
u1ave 1 d 1.01257
dpdx 1 d -0.00418178
zrotation 1 d 0.0253143
rmsmmu 20 d
 1.5336e-06 3.69817e-06 0.745841 1.17481 2.49287e-07 5.77467e-07 0.0757871 0.138502 0 0
 0 0 0 0 0 0 0 0 0 0
rmsmmqobij 20 d
 0.0757871 0.138502 0.281857 0.500452 0.218965 0.565334 0 0 0 0
 0 0 0 0 0 0 0 0 0 0
ITER 1 i 202
u1ave 1 d 1.01257
dpdx 1 d -0.00418178
zrotation 1 d 0.0253142
rmsmmu 20 d
 1.47982e-06 3.56918e-06 0.74584 1.1748 2.40652e-07 5.5731e-07 0.0757871 0.138502 0 0
 0 0 0 0 0 0 0 0 0 0
rmsmmqobij 20 d
 0.0757871 0.138502 0.281857 0.500449 0.218965 0.565334 0 0 0 0
 0 0 0 0 0 0 0 0 0 0
ITER 1 i 203
u1ave 1 d 1.01257
dpdx 1 d -0.00418178
zrotation 1 d 0.0253142
rmsmmu 20 d
 1.4278e-06 3.44438e-06 0.745839 1.1748 2.32297e-07 5.37812e-07 0.075787 0.138502 0 0
 0 0 0 0 0 0 0 0 0 0
rmsmmqobij 20 d
 0.075787 0.138502 0.281857 0.500447 0.218964 0.565334 0 0 0 0
 0 0 0 0 0 0 0 0 0 0
ITER 1 i 204
u1ave 1 d 1.01256
dpdx 1 d -0.00418178
zrotation 1 d 0.0253141
rmsmmu 20 d
 1.37749e-06 3.32367e-06 0.745838 1.1748 2.24213e-07 5.18952e-07 0.075787 0.138502 0 0
 0 0 0 0 0 0 0 0 0 0
rmsmmqobij 20 d
 0.075787 0.138502 0.281856 0.500444 0.218964 0.565335 0 0 0 0
 0 0 0 0 0 0 0 0 0 0
ITER 1 i 205
u1ave 1 d 1.01256
dpdx 1 d -0.00418178
zrotation 1 d 0.0253141
rmsmmu 20 d
 1.32884e-06 3.20691e-06 0.745837 1.1748 2.16392e-07 5.00712e-07 0.075787 0.138501 0 0
 0 0 0 0 0 0 0 0 0 0
rmsmmqobij 20 d
 0.075787 0.138501 0.281856 0.500442 0.218964 0.565335 0 0 0 0
 0 0 0 0 0 0 0 0 0 0
ITER 1 i 206
u1ave 1 d 1.01256
dpdx 1 d -0.00418178
zrotation 1 d 0.0253141
rmsmmu 20 d
 1.2818e-06 3.09398e-06 0.745836 1.1748 2.08826e-07 4.83073e-07 0.0757869 0.138501 0 0
 0 0 0 0 0 0 0 0 0 0
rmsmmqobij 20 d
 0.0757869 0.138501 0.281856 0.50044 0.218964 0.565335 0 0 0 0
 0 0 0 0 0 0 0 0 0 0
ITER 1 i 207
u1ave 1 d 1.01256
dpdx 1 d -0.00418178
zrotation 1 d 0.025314
rmsmmu 20 d
 1.23632e-06 2.98478e-06 0.745835 1.17479 2.01508e-07 4.66016e-07 0.0757869 0.138501 0 0
 0 0 0 0 0 0 0 0 0 0
rmsmmqobij 20 d
 0.0757869 0.138501 0.281855 0.500437 0.218964 0.565335 0 0 0 0
 0 0 0 0 0 0 0 0 0 0
ITER 1 i 208
u1ave 1 d 1.01256
dpdx 1 d -0.00418178
zrotation 1 d 0.025314
rmsmmu 20 d
 1.19235e-06 2.87919e-06 0.745834 1.17479 1.9443e-07 4.49525e-07 0.0757869 0.138501 0 0
 0 0 0 0 0 0 0 0 0 0
rmsmmqobij 20 d
 0.0757869 0.138501 0.281855 0.500435 0.218964 0.565335 0 0 0 0
 0 0 0 0 0 0 0 0 0 0
ITER 1 i 209
u1ave 1 d 1.01256
dpdx 1 d -0.00418178
zrotation 1 d 0.025314
rmsmmu 20 d
 1.14984e-06 2.7771e-06 0.745833 1.17479 1.87586e-07 4.33581e-07 0.0757869 0.138501 0 0
 0 0 0 0 0 0 0 0 0 0
rmsmmqobij 20 d
 0.0757869 0.138501 0.281855 0.500433 0.218964 0.565335 0 0 0 0
 0 0 0 0 0 0 0 0 0 0
ITER 1 i 210
u1ave 1 d 1.01256
dpdx 1 d -0.00418178
zrotation 1 d 0.0253139
rmsmmu 20 d
 1.10876e-06 2.6784e-06 0.745832 1.17479 1.80967e-07 4.18169e-07 0.0757869 0.138501 0 0
 0 0 0 0 0 0 0 0 0 0
rmsmmqobij 20 d
 0.0757869 0.138501 0.281855 0.500431 0.218964 0.565335 0 0 0 0
 0 0 0 0 0 0 0 0 0 0
ITER 1 i 211
u1ave 1 d 1.01255
dpdx 1 d -0.00418178
zrotation 1 d 0.0253139
rmsmmu 20 d
 1.06905e-06 2.58299e-06 0.745831 1.17479 1.74568e-07 4.03272e-07 0.0757868 0.1385 0 0
 0 0 0 0 0 0 0 0 0 0
rmsmmqobij 20 d
 0.0757868 0.1385 0.281854 0.500429 0.218964 0.565336 0 0 0 0
 0 0 0 0 0 0 0 0 0 0
ITER 1 i 212
u1ave 1 d 1.01255
dpdx 1 d -0.00418178
zrotation 1 d 0.0253139
rmsmmu 20 d
 1.03068e-06 2.49077e-06 0.74583 1.17479 1.68381e-07 3.88874e-07 0.0757868 0.1385 0 0
 0 0 0 0 0 0 0 0 0 0
rmsmmqobij 20 d
 0.0757868 0.1385 0.281854 0.500427 0.218964 0.565336 0 0 0 0
 0 0 0 0 0 0 0 0 0 0
ITER 1 i 213
u1ave 1 d 1.01255
dpdx 1 d -0.00418178
zrotation 1 d 0.0253138
rmsmmu 20 d
 9.93607e-07 2.40165e-06 0.74583 1.17478 1.62401e-07 3.74959e-07 0.0757868 0.1385 0 0
 0 0 0 0 0 0 0 0 0 0
rmsmmqobij 20 d
 0.0757868 0.1385 0.281854 0.500426 0.218964 0.565336 0 0 0 0
 0 0 0 0 0 0 0 0 0 0
ITER 1 i 214
u1ave 1 d 1.01255
dpdx 1 d -0.00418178
zrotation 1 d 0.0253138
rmsmmu 20 d
 9.57784e-07 2.31551e-06 0.745829 1.17478 1.5662e-07 3.61513e-07 0.0757868 0.1385 0 0
 0 0 0 0 0 0 0 0 0 0
rmsmmqobij 20 d
 0.0757868 0.1385 0.281854 0.500424 0.218964 0.565336 0 0 0 0
 0 0 0 0 0 0 0 0 0 0
ITER 1 i 215
u1ave 1 d 1.01255
dpdx 1 d -0.00418178
zrotation 1 d 0.0253138
rmsmmu 20 d
 9.23176e-07 2.23229e-06 0.745828 1.17478 1.51033e-07 3.48521e-07 0.0757867 0.1385 0 0
 0 0 0 0 0 0 0 0 0 0
rmsmmqobij 20 d
 0.0757867 0.1385 0.281853 0.500422 0.218964 0.565336 0 0 0 0
 0 0 0 0 0 0 0 0 0 0
ITER 1 i 216
u1ave 1 d 1.01255
dpdx 1 d -0.00418178
zrotation 1 d 0.0253137
rmsmmu 20 d
 8.89743e-07 2.15187e-06 0.745827 1.17478 1.45633e-07 3.35969e-07 0.0757867 0.1385 0 0
 0 0 0 0 0 0 0 0 0 0
rmsmmqobij 20 d
 0.0757867 0.1385 0.281853 0.50042 0.218964 0.565336 0 0 0 0
 0 0 0 0 0 0 0 0 0 0
ITER 1 i 217
u1ave 1 d 1.01255
dpdx 1 d -0.00418178
zrotation 1 d 0.0253137
rmsmmu 20 d
 8.5745e-07 2.07418e-06 0.745827 1.17478 1.40415e-07 3.23843e-07 0.0757867 0.1385 0 0
 0 0 0 0 0 0 0 0 0 0
rmsmmqobij 20 d
 0.0757867 0.1385 0.281853 0.500419 0.218964 0.565336 0 0 0 0
 0 0 0 0 0 0 0 0 0 0
ITER 1 i 218
u1ave 1 d 1.01255
dpdx 1 d -0.00418178
zrotation 1 d 0.0253137
rmsmmu 20 d
 8.26261e-07 1.99913e-06 0.745826 1.17478 1.35373e-07 3.1213e-07 0.0757867 0.1385 0 0
 0 0 0 0 0 0 0 0 0 0
rmsmmqobij 20 d
 0.0757867 0.1385 0.281853 0.500417 0.218964 0.565336 0 0 0 0
 0 0 0 0 0 0 0 0 0 0
ITER 1 i 219
u1ave 1 d 1.01255
dpdx 1 d -0.00418178
zrotation 1 d 0.0253137
rmsmmu 20 d
 7.96139e-07 1.92664e-06 0.745825 1.17478 1.30502e-07 3.00816e-07 0.0757867 0.138499 0 0
 0 0 0 0 0 0 0 0 0 0
rmsmmqobij 20 d
 0.0757867 0.138499 0.281852 0.500416 0.218964 0.565337 0 0 0 0
 0 0 0 0 0 0 0 0 0 0
ITER 1 i 220
u1ave 1 d 1.01255
dpdx 1 d -0.00418178
zrotation 1 d 0.0253137
rmsmmu 20 d
 7.67052e-07 1.85662e-06 0.745825 1.17478 1.25796e-07 2.89889e-07 0.0757867 0.138499 0 0
 0 0 0 0 0 0 0 0 0 0
rmsmmqobij 20 d
 0.0757867 0.138499 0.281852 0.500414 0.218964 0.565337 0 0 0 0
 0 0 0 0 0 0 0 0 0 0
ITER 1 i 221
u1ave 1 d 1.01254
dpdx 1 d -0.00418178
zrotation 1 d 0.0253136
rmsmmu 20 d
 7.38966e-07 1.789e-06 0.745824 1.17477 1.2125e-07 2.79337e-07 0.0757866 0.138499 0 0
 0 0 0 0 0 0 0 0 0 0
rmsmmqobij 20 d
 0.0757866 0.138499 0.281852 0.500413 0.218964 0.565337 0 0 0 0
 0 0 0 0 0 0 0 0 0 0
ITER 1 i 222
u1ave 1 d 1.01254
dpdx 1 d -0.00418178
zrotation 1 d 0.0253136
rmsmmu 20 d
 7.1185e-07 1.7237e-06 0.745824 1.17477 1.1686e-07 2.69148e-07 0.0757866 0.138499 0 0
 0 0 0 0 0 0 0 0 0 0
rmsmmqobij 20 d
 0.0757866 0.138499 0.281852 0.500412 0.218964 0.565337 0 0 0 0
 0 0 0 0 0 0 0 0 0 0
ITER 1 i 223
u1ave 1 d 1.01254
dpdx 1 d -0.00418178
zrotation 1 d 0.0253136
rmsmmu 20 d
 6.85671e-07 1.66065e-06 0.745823 1.17477 1.12619e-07 2.59309e-07 0.0757866 0.138499 0 0
 0 0 0 0 0 0 0 0 0 0
rmsmmqobij 20 d
 0.0757866 0.138499 0.281852 0.500411 0.218964 0.565337 0 0 0 0
 0 0 0 0 0 0 0 0 0 0
ITER 1 i 224
u1ave 1 d 1.01254
dpdx 1 d -0.00418178
zrotation 1 d 0.0253136
rmsmmu 20 d
 6.60401e-07 1.59977e-06 0.745823 1.17477 1.08523e-07 2.49811e-07 0.0757866 0.138499 0 0
 0 0 0 0 0 0 0 0 0 0
rmsmmqobij 20 d
 0.0757866 0.138499 0.281852 0.500409 0.218964 0.565337 0 0 0 0
 0 0 0 0 0 0 0 0 0 0
ITER 1 i 225
u1ave 1 d 1.01254
dpdx 1 d -0.00418178
zrotation 1 d 0.0253136
rmsmmu 20 d
 6.3601e-07 1.541e-06 0.745822 1.17477 1.04569e-07 2.40641e-07 0.0757866 0.138499 0 0
 0 0 0 0 0 0 0 0 0 0
rmsmmqobij 20 d
 0.0757866 0.138499 0.281851 0.500408 0.218964 0.565337 0 0 0 0
 0 0 0 0 0 0 0 0 0 0
ITER 1 i 226
u1ave 1 d 1.01254
dpdx 1 d -0.00418178
zrotation 1 d 0.0253135
rmsmmu 20 d
 6.12468e-07 1.48426e-06 0.745822 1.17477 1.0075e-07 2.3179e-07 0.0757866 0.138499 0 0
 0 0 0 0 0 0 0 0 0 0
rmsmmqobij 20 d
 0.0757866 0.138499 0.281851 0.500407 0.218964 0.565337 0 0 0 0
 0 0 0 0 0 0 0 0 0 0
ITER 1 i 227
u1ave 1 d 1.01254
dpdx 1 d -0.00418178
zrotation 1 d 0.0253135
rmsmmu 20 d
 5.89749e-07 1.4295e-06 0.745821 1.17477 9.70636e-08 2.23246e-07 0.0757866 0.138499 0 0
 0 0 0 0 0 0 0 0 0 0
rmsmmqobij 20 d
 0.0757866 0.138499 0.281851 0.500406 0.218964 0.565337 0 0 0 0
 0 0 0 0 0 0 0 0 0 0
ITER 1 i 228
u1ave 1 d 1.01254
dpdx 1 d -0.00418178
zrotation 1 d 0.0253135
rmsmmu 20 d
 5.67826e-07 1.37664e-06 0.745821 1.17477 9.35045e-08 2.15e-07 0.0757866 0.138499 0 0
 0 0 0 0 0 0 0 0 0 0
rmsmmqobij 20 d
 0.0757866 0.138499 0.281851 0.500405 0.218964 0.565337 0 0 0 0
 0 0 0 0 0 0 0 0 0 0
ITER 1 i 229
u1ave 1 d 1.01254
dpdx 1 d -0.00418178
zrotation 1 d 0.0253135
rmsmmu 20 d
 5.46672e-07 1.32563e-06 0.74582 1.17477 9.00688e-08 2.07043e-07 0.0757865 0.138498 0 0
 0 0 0 0 0 0 0 0 0 0
rmsmmqobij 20 d
 0.0757865 0.138498 0.281851 0.500404 0.218964 0.565337 0 0 0 0
 0 0 0 0 0 0 0 0 0 0
ITER 1 i 230
u1ave 1 d 1.01254
dpdx 1 d -0.00418178
zrotation 1 d 0.0253135
rmsmmu 20 d
 5.26263e-07 1.27641e-06 0.74582 1.17477 8.67526e-08 1.99364e-07 0.0757865 0.138498 0 0
 0 0 0 0 0 0 0 0 0 0
rmsmmqobij 20 d
 0.0757865 0.138498 0.281851 0.500403 0.218963 0.565338 0 0 0 0
 0 0 0 0 0 0 0 0 0 0
ITER 1 i 231
u1ave 1 d 1.01254
dpdx 1 d -0.00418178
zrotation 1 d 0.0253135
rmsmmu 20 d
 5.06574e-07 1.22891e-06 0.745819 1.17477 8.3552e-08 1.91955e-07 0.0757865 0.138498 0 0
 0 0 0 0 0 0 0 0 0 0
rmsmmqobij 20 d
 0.0757865 0.138498 0.281851 0.500402 0.218963 0.565338 0 0 0 0
 0 0 0 0 0 0 0 0 0 0
ITER 1 i 232
u1ave 1 d 1.01254
dpdx 1 d -0.00418178
zrotation 1 d 0.0253134
rmsmmu 20 d
 4.8758e-07 1.18308e-06 0.745819 1.17476 8.04632e-08 1.84806e-07 0.0757865 0.138498 0 0
 0 0 0 0 0 0 0 0 0 0
rmsmmqobij 20 d
 0.0757865 0.138498 0.28185 0.500401 0.218963 0.565338 0 0 0 0
 0 0 0 0 0 0 0 0 0 0
ITER 1 i 233
u1ave 1 d 1.01254
dpdx 1 d -0.00418178
zrotation 1 d 0.0253134
rmsmmu 20 d
 4.6926e-07 1.13887e-06 0.745819 1.17476 7.74825e-08 1.7791e-07 0.0757865 0.138498 0 0
 0 0 0 0 0 0 0 0 0 0
rmsmmqobij 20 d
 0.0757865 0.138498 0.28185 0.5004 0.218963 0.565338 0 0 0 0
 0 0 0 0 0 0 0 0 0 0
ITER 1 i 234
u1ave 1 d 1.01254
dpdx 1 d -0.00418178
zrotation 1 d 0.0253134
rmsmmu 20 d
 4.51591e-07 1.09622e-06 0.745818 1.17476 7.46064e-08 1.71258e-07 0.0757865 0.138498 0 0
 0 0 0 0 0 0 0 0 0 0
rmsmmqobij 20 d
 0.0757865 0.138498 0.28185 0.500399 0.218963 0.565338 0 0 0 0
 0 0 0 0 0 0 0 0 0 0
ITER 1 i 235
u1ave 1 d 1.01254
dpdx 1 d -0.00418178
zrotation 1 d 0.0253134
rmsmmu 20 d
 4.34551e-07 1.05508e-06 0.745818 1.17476 7.18314e-08 1.64841e-07 0.0757865 0.138498 0 0
 0 0 0 0 0 0 0 0 0 0
rmsmmqobij 20 d
 0.0757865 0.138498 0.28185 0.500398 0.218963 0.565338 0 0 0 0
 0 0 0 0 0 0 0 0 0 0
ITER 1 i 236
u1ave 1 d 1.01253
dpdx 1 d -0.00418178
zrotation 1 d 0.0253134
rmsmmu 20 d
 4.18118e-07 1.01541e-06 0.745818 1.17476 6.91543e-08 1.58652e-07 0.0757865 0.138498 0 0
 0 0 0 0 0 0 0 0 0 0
rmsmmqobij 20 d
 0.0757865 0.138498 0.28185 0.500397 0.218963 0.565338 0 0 0 0
 0 0 0 0 0 0 0 0 0 0
ITER 1 i 237
u1ave 1 d 1.01253
dpdx 1 d -0.00418178
zrotation 1 d 0.0253134
rmsmmu 20 d
 4.02274e-07 9.77139e-07 0.745817 1.17476 6.65718e-08 1.52684e-07 0.0757865 0.138498 0 0
 0 0 0 0 0 0 0 0 0 0
rmsmmqobij 20 d
 0.0757865 0.138498 0.28185 0.500397 0.218963 0.565338 0 0 0 0
 0 0 0 0 0 0 0 0 0 0
ITER 1 i 238
u1ave 1 d 1.01253
dpdx 1 d -0.00418178
zrotation 1 d 0.0253134
rmsmmu 20 d
 3.86997e-07 9.40237e-07 0.745817 1.17476 6.40807e-08 1.46928e-07 0.0757865 0.138498 0 0
 0 0 0 0 0 0 0 0 0 0
rmsmmqobij 20 d
 0.0757865 0.138498 0.28185 0.500396 0.218963 0.565338 0 0 0 0
 0 0 0 0 0 0 0 0 0 0
ITER 1 i 239
u1ave 1 d 1.01253
dpdx 1 d -0.00418178
zrotation 1 d 0.0253134
rmsmmu 20 d
 3.72269e-07 9.04654e-07 0.745817 1.17476 6.1678e-08 1.41378e-07 0.0757864 0.138498 0 0
 0 0 0 0 0 0 0 0 0 0
rmsmmqobij 20 d
 0.0757864 0.138498 0.28185 0.500395 0.218963 0.565338 0 0 0 0
 0 0 0 0 0 0 0 0 0 0
ITER 1 i 240
u1ave 1 d 1.01253
dpdx 1 d -0.00418178
zrotation 1 d 0.0253133
rmsmmu 20 d
 3.58072e-07 8.70345e-07 0.745816 1.17476 5.93607e-08 1.36027e-07 0.0757864 0.138498 0 0
 0 0 0 0 0 0 0 0 0 0
rmsmmqobij 20 d
 0.0757864 0.138498 0.28185 0.500395 0.218963 0.565338 0 0 0 0
 0 0 0 0 0 0 0 0 0 0
ITER 1 i 241
u1ave 1 d 1.01253
dpdx 1 d -0.00418178
zrotation 1 d 0.0253133
rmsmmu 20 d
 3.44387e-07 8.37268e-07 0.745816 1.17476 5.71261e-08 1.30868e-07 0.0757864 0.138498 0 0
 0 0 0 0 0 0 0 0 0 0
rmsmmqobij 20 d
 0.0757864 0.138498 0.281849 0.500394 0.218963 0.565338 0 0 0 0
 0 0 0 0 0 0 0 0 0 0
ITER 1 i 242
u1ave 1 d 1.01253
dpdx 1 d -0.00418178
zrotation 1 d 0.0253133
rmsmmu 20 d
 3.31197e-07 8.05381e-07 0.745816 1.17476 5.49713e-08 1.25895e-07 0.0757864 0.138498 0 0
 0 0 0 0 0 0 0 0 0 0
rmsmmqobij 20 d
 0.0757864 0.138498 0.281849 0.500393 0.218963 0.565338 0 0 0 0
 0 0 0 0 0 0 0 0 0 0
ITER 1 i 243
u1ave 1 d 1.01253
dpdx 1 d -0.00418178
zrotation 1 d 0.0253133
rmsmmu 20 d
 3.18485e-07 7.74644e-07 0.745816 1.17476 5.28936e-08 1.211e-07 0.0757864 0.138498 0 0
 0 0 0 0 0 0 0 0 0 0
rmsmmqobij 20 d
 0.0757864 0.138498 0.281849 0.500393 0.218963 0.565338 0 0 0 0
 0 0 0 0 0 0 0 0 0 0
ITER 1 i 244
u1ave 1 d 1.01253
dpdx 1 d -0.00418178
zrotation 1 d 0.0253133
rmsmmu 20 d
 3.06235e-07 7.45018e-07 0.745815 1.17476 5.08904e-08 1.1648e-07 0.0757864 0.138498 0 0
 0 0 0 0 0 0 0 0 0 0
rmsmmqobij 20 d
 0.0757864 0.138498 0.281849 0.500392 0.218963 0.565338 0 0 0 0
 0 0 0 0 0 0 0 0 0 0
ITER 1 i 245
u1ave 1 d 1.01253
dpdx 1 d -0.00418178
zrotation 1 d 0.0253133
rmsmmu 20 d
 2.94431e-07 7.16465e-07 0.745815 1.17476 4.89593e-08 1.12026e-07 0.0757864 0.138498 0 0
 0 0 0 0 0 0 0 0 0 0
rmsmmqobij 20 d
 0.0757864 0.138498 0.281849 0.500391 0.218963 0.565339 0 0 0 0
 0 0 0 0 0 0 0 0 0 0
ITER 1 i 246
u1ave 1 d 1.01253
dpdx 1 d -0.00418178
zrotation 1 d 0.0253133
rmsmmu 20 d
 2.83057e-07 6.88948e-07 0.745815 1.17476 4.70978e-08 1.07734e-07 0.0757864 0.138498 0 0
 0 0 0 0 0 0 0 0 0 0
rmsmmqobij 20 d
 0.0757864 0.138498 0.281849 0.500391 0.218963 0.565339 0 0 0 0
 0 0 0 0 0 0 0 0 0 0
ITER 1 i 247
u1ave 1 d 1.01253
dpdx 1 d -0.00418178
zrotation 1 d 0.0253133
rmsmmu 20 d
 2.721e-07 6.62433e-07 0.745815 1.17476 4.53035e-08 1.03599e-07 0.0757864 0.138498 0 0
 0 0 0 0 0 0 0 0 0 0
rmsmmqobij 20 d
 0.0757864 0.138498 0.281849 0.50039 0.218963 0.565339 0 0 0 0
 0 0 0 0 0 0 0 0 0 0
ITER 1 i 248
u1ave 1 d 1.01253
dpdx 1 d -0.00418178
zrotation 1 d 0.0253133
rmsmmu 20 d
 2.61544e-07 6.36884e-07 0.745815 1.17476 4.35741e-08 9.96137e-08 0.0757864 0.138497 0 0
 0 0 0 0 0 0 0 0 0 0
rmsmmqobij 20 d
 0.0757864 0.138497 0.281849 0.50039 0.218963 0.565339 0 0 0 0
 0 0 0 0 0 0 0 0 0 0
ITER 1 i 249
u1ave 1 d 1.01253
dpdx 1 d -0.00418178
zrotation 1 d 0.0253133
rmsmmu 20 d
 2.51376e-07 6.12268e-07 0.745814 1.17476 4.19074e-08 9.57743e-08 0.0757864 0.138497 0 0
 0 0 0 0 0 0 0 0 0 0
rmsmmqobij 20 d
 0.0757864 0.138497 0.281849 0.500389 0.218963 0.565339 0 0 0 0
 0 0 0 0 0 0 0 0 0 0
ITER 1 i 250
u1ave 1 d 1.01253
dpdx 1 d -0.00418178
zrotation 1 d 0.0253133
rmsmmu 20 d
 2.41582e-07 5.88554e-07 0.745814 1.17476 4.03013e-08 9.20753e-08 0.0757864 0.138497 0 0
 0 0 0 0 0 0 0 0 0 0
rmsmmqobij 20 d
 0.0757864 0.138497 0.281849 0.500389 0.218963 0.565339 0 0 0 0
 0 0 0 0 0 0 0 0 0 0
ITER 1 i 251
u1ave 1 d 1.01253
dpdx 1 d -0.00418178
zrotation 1 d 0.0253132
rmsmmu 20 d
 2.3215e-07 5.6571e-07 0.745814 1.17476 3.87537e-08 8.8512e-08 0.0757864 0.138497 0 0
 0 0 0 0 0 0 0 0 0 0
rmsmmqobij 20 d
 0.0757864 0.138497 0.281849 0.500388 0.218963 0.565339 0 0 0 0
 0 0 0 0 0 0 0 0 0 0
ITER 1 i 252
u1ave 1 d 1.01253
dpdx 1 d -0.00418178
zrotation 1 d 0.0253132
rmsmmu 20 d
 2.23066e-07 5.43706e-07 0.745814 1.17476 3.72625e-08 8.50797e-08 0.0757864 0.138497 0 0
 0 0 0 0 0 0 0 0 0 0
rmsmmqobij 20 d
 0.0757864 0.138497 0.281849 0.500388 0.218963 0.565339 0 0 0 0
 0 0 0 0 0 0 0 0 0 0
ITER 1 i 253
u1ave 1 d 1.01253
dpdx 1 d -0.00418178
zrotation 1 d 0.0253132
rmsmmu 20 d
 2.14318e-07 5.22513e-07 0.745814 1.17475 3.58259e-08 8.17738e-08 0.0757864 0.138497 0 0
 0 0 0 0 0 0 0 0 0 0
rmsmmqobij 20 d
 0.0757864 0.138497 0.281848 0.500387 0.218963 0.565339 0 0 0 0
 0 0 0 0 0 0 0 0 0 0
ITER 1 i 254
u1ave 1 d 1.01253
dpdx 1 d -0.00418178
zrotation 1 d 0.0253132
rmsmmu 20 d
 2.05896e-07 5.02103e-07 0.745813 1.17475 3.44419e-08 7.85899e-08 0.0757864 0.138497 0 0
 0 0 0 0 0 0 0 0 0 0
rmsmmqobij 20 d
 0.0757864 0.138497 0.281848 0.500387 0.218963 0.565339 0 0 0 0
 0 0 0 0 0 0 0 0 0 0
ITER 1 i 255
u1ave 1 d 1.01253
dpdx 1 d -0.00418178
zrotation 1 d 0.0253132
rmsmmu 20 d
 1.97787e-07 4.82448e-07 0.745813 1.17475 3.31087e-08 7.55237e-08 0.0757864 0.138497 0 0
 0 0 0 0 0 0 0 0 0 0
rmsmmqobij 20 d
 0.0757864 0.138497 0.281848 0.500387 0.218963 0.565339 0 0 0 0
 0 0 0 0 0 0 0 0 0 0
ITER 1 i 256
u1ave 1 d 1.01253
dpdx 1 d -0.00418178
zrotation 1 d 0.0253132
rmsmmu 20 d
 1.8998e-07 4.63522e-07 0.745813 1.17475 3.18245e-08 7.25711e-08 0.0757863 0.138497 0 0
 0 0 0 0 0 0 0 0 0 0
rmsmmqobij 20 d
 0.0757863 0.138497 0.281848 0.500386 0.218963 0.565339 0 0 0 0
 0 0 0 0 0 0 0 0 0 0
ITER 1 i 257
u1ave 1 d 1.01253
dpdx 1 d -0.00418178
zrotation 1 d 0.0253132
rmsmmu 20 d
 1.82465e-07 4.453e-07 0.745813 1.17475 3.05878e-08 6.97282e-08 0.0757863 0.138497 0 0
 0 0 0 0 0 0 0 0 0 0
rmsmmqobij 20 d
 0.0757863 0.138497 0.281848 0.500386 0.218963 0.565339 0 0 0 0
 0 0 0 0 0 0 0 0 0 0
ITER 1 i 258
u1ave 1 d 1.01253
dpdx 1 d -0.00418178
zrotation 1 d 0.0253132
rmsmmu 20 d
 1.75231e-07 4.27756e-07 0.745813 1.17475 2.93967e-08 6.69911e-08 0.0757863 0.138497 0 0
 0 0 0 0 0 0 0 0 0 0
rmsmmqobij 20 d
 0.0757863 0.138497 0.281848 0.500385 0.218963 0.565339 0 0 0 0
 0 0 0 0 0 0 0 0 0 0
ITER 1 i 259
u1ave 1 d 1.01253
dpdx 1 d -0.00418178
zrotation 1 d 0.0253132
rmsmmu 20 d
 1.68269e-07 4.10867e-07 0.745813 1.17475 2.82497e-08 6.4356e-08 0.0757863 0.138497 0 0
 0 0 0 0 0 0 0 0 0 0
rmsmmqobij 20 d
 0.0757863 0.138497 0.281848 0.500385 0.218963 0.565339 0 0 0 0
 0 0 0 0 0 0 0 0 0 0
ITER 1 i 260
u1ave 1 d 1.01253
dpdx 1 d -0.00418178
zrotation 1 d 0.0253132
rmsmmu 20 d
 1.61569e-07 3.9461e-07 0.745813 1.17475 2.71452e-08 6.18194e-08 0.0757863 0.138497 0 0
 0 0 0 0 0 0 0 0 0 0
rmsmmqobij 20 d
 0.0757863 0.138497 0.281848 0.500385 0.218963 0.565339 0 0 0 0
 0 0 0 0 0 0 0 0 0 0
ITER 1 i 261
u1ave 1 d 1.01253
dpdx 1 d -0.00418178
zrotation 1 d 0.0253132
rmsmmu 20 d
 1.55121e-07 3.78962e-07 0.745813 1.17475 2.60818e-08 5.93777e-08 0.0757863 0.138497 0 0
 0 0 0 0 0 0 0 0 0 0
rmsmmqobij 20 d
 0.0757863 0.138497 0.281848 0.500385 0.218963 0.565339 0 0 0 0
 0 0 0 0 0 0 0 0 0 0
ITER 1 i 262
u1ave 1 d 1.01253
dpdx 1 d -0.00418178
zrotation 1 d 0.0253132
rmsmmu 20 d
 1.48917e-07 3.63902e-07 0.745812 1.17475 2.5058e-08 5.70277e-08 0.0757863 0.138497 0 0
 0 0 0 0 0 0 0 0 0 0
rmsmmqobij 20 d
 0.0757863 0.138497 0.281848 0.500384 0.218963 0.565339 0 0 0 0
 0 0 0 0 0 0 0 0 0 0
ITER 1 i 263
u1ave 1 d 1.01253
dpdx 1 d -0.00418178
zrotation 1 d 0.0253132
rmsmmu 20 d
 1.42948e-07 3.49409e-07 0.745812 1.17475 2.40724e-08 5.4766e-08 0.0757863 0.138497 0 0
 0 0 0 0 0 0 0 0 0 0
rmsmmqobij 20 d
 0.0757863 0.138497 0.281848 0.500384 0.218963 0.565339 0 0 0 0
 0 0 0 0 0 0 0 0 0 0
ITER 1 i 264
u1ave 1 d 1.01253
dpdx 1 d -0.00418178
zrotation 1 d 0.0253132
rmsmmu 20 d
 1.37205e-07 3.35463e-07 0.745812 1.17475 2.31237e-08 5.25894e-08 0.0757863 0.138497 0 0
 0 0 0 0 0 0 0 0 0 0
rmsmmqobij 20 d
 0.0757863 0.138497 0.281848 0.500384 0.218963 0.565339 0 0 0 0
 0 0 0 0 0 0 0 0 0 0
ITER 1 i 265
u1ave 1 d 1.01253
dpdx 1 d -0.00418178
zrotation 1 d 0.0253132
rmsmmu 20 d
 1.3168e-07 3.22044e-07 0.745812 1.17475 2.22105e-08 5.04951e-08 0.0757863 0.138497 0 0
 0 0 0 0 0 0 0 0 0 0
rmsmmqobij 20 d
 0.0757863 0.138497 0.281848 0.500383 0.218963 0.565339 0 0 0 0
 0 0 0 0 0 0 0 0 0 0
ITER 1 i 266
u1ave 1 d 1.01253
dpdx 1 d -0.00418178
zrotation 1 d 0.0253132
rmsmmu 20 d
 1.26366e-07 3.09133e-07 0.745812 1.17475 2.13316e-08 4.84799e-08 0.0757863 0.138497 0 0
 0 0 0 0 0 0 0 0 0 0
rmsmmqobij 20 d
 0.0757863 0.138497 0.281848 0.500383 0.218963 0.565339 0 0 0 0
 0 0 0 0 0 0 0 0 0 0
ITER 1 i 267
u1ave 1 d 1.01253
dpdx 1 d -0.00418178
zrotation 1 d 0.0253132
rmsmmu 20 d
 1.21254e-07 2.96712e-07 0.745812 1.17475 2.04858e-08 4.65411e-08 0.0757863 0.138497 0 0
 0 0 0 0 0 0 0 0 0 0
rmsmmqobij 20 d
 0.0757863 0.138497 0.281848 0.500383 0.218963 0.565339 0 0 0 0
 0 0 0 0 0 0 0 0 0 0
ITER 1 i 268
u1ave 1 d 1.01253
dpdx 1 d -0.00418178
zrotation 1 d 0.0253132
rmsmmu 20 d
 1.16338e-07 2.84764e-07 0.745812 1.17475 1.96718e-08 4.46759e-08 0.0757863 0.138497 0 0
 0 0 0 0 0 0 0 0 0 0
rmsmmqobij 20 d
 0.0757863 0.138497 0.281848 0.500383 0.218963 0.565339 0 0 0 0
 0 0 0 0 0 0 0 0 0 0
ITER 1 i 269
u1ave 1 d 1.01253
dpdx 1 d -0.00418178
zrotation 1 d 0.0253132
rmsmmu 20 d
 1.11611e-07 2.73271e-07 0.745812 1.17475 1.88886e-08 4.28818e-08 0.0757863 0.138497 0 0
 0 0 0 0 0 0 0 0 0 0
rmsmmqobij 20 d
 0.0757863 0.138497 0.281848 0.500382 0.218963 0.565339 0 0 0 0
 0 0 0 0 0 0 0 0 0 0
ITER 1 i 270
u1ave 1 d 1.01253
dpdx 1 d -0.00418178
zrotation 1 d 0.0253132
rmsmmu 20 d
 1.07065e-07 2.62217e-07 0.745812 1.17475 1.81351e-08 4.1156e-08 0.0757863 0.138497 0 0
 0 0 0 0 0 0 0 0 0 0
rmsmmqobij 20 d
 0.0757863 0.138497 0.281848 0.500382 0.218963 0.56534 0 0 0 0
 0 0 0 0 0 0 0 0 0 0
ITER 1 i 271
u1ave 1 d 1.01253
dpdx 1 d -0.00418178
zrotation 1 d 0.0253132
rmsmmu 20 d
 1.02694e-07 2.51586e-07 0.745812 1.17475 1.74101e-08 3.94961e-08 0.0757863 0.138497 0 0
 0 0 0 0 0 0 0 0 0 0
rmsmmqobij 20 d
 0.0757863 0.138497 0.281848 0.500382 0.218963 0.56534 0 0 0 0
 0 0 0 0 0 0 0 0 0 0
ITER 1 i 272
u1ave 1 d 1.01253
dpdx 1 d -0.00418178
zrotation 1 d 0.0253132
rmsmmu 20 d
 9.84923e-08 2.41364e-07 0.745812 1.17475 1.67127e-08 3.78998e-08 0.0757863 0.138497 0 0
 0 0 0 0 0 0 0 0 0 0
rmsmmqobij 20 d
 0.0757863 0.138497 0.281848 0.500382 0.218963 0.56534 0 0 0 0
 0 0 0 0 0 0 0 0 0 0
ITER 1 i 273
u1ave 1 d 1.01253
dpdx 1 d -0.00418178
zrotation 1 d 0.0253132
rmsmmu 20 d
 9.44526e-08 2.31534e-07 0.745811 1.17475 1.60418e-08 3.63647e-08 0.0757863 0.138497 0 0
 0 0 0 0 0 0 0 0 0 0
rmsmmqobij 20 d
 0.0757863 0.138497 0.281848 0.500381 0.218963 0.56534 0 0 0 0
 0 0 0 0 0 0 0 0 0 0
ITER 1 i 274
u1ave 1 d 1.01253
dpdx 1 d -0.00418178
zrotation 1 d 0.0253132
rmsmmu 20 d
 9.05695e-08 2.22083e-07 0.745811 1.17475 1.53965e-08 3.48887e-08 0.0757863 0.138497 0 0
 0 0 0 0 0 0 0 0 0 0
rmsmmqobij 20 d
 0.0757863 0.138497 0.281848 0.500381 0.218963 0.56534 0 0 0 0
 0 0 0 0 0 0 0 0 0 0
ITER 1 i 275
u1ave 1 d 1.01253
dpdx 1 d -0.00418178
zrotation 1 d 0.0253131
rmsmmu 20 d
 8.68371e-08 2.12996e-07 0.745811 1.17475 1.47759e-08 3.34694e-08 0.0757863 0.138497 0 0
 0 0 0 0 0 0 0 0 0 0
rmsmmqobij 20 d
 0.0757863 0.138497 0.281848 0.500381 0.218963 0.56534 0 0 0 0
 0 0 0 0 0 0 0 0 0 0
ITER 1 i 276
u1ave 1 d 1.01253
dpdx 1 d -0.00418178
zrotation 1 d 0.0253131
rmsmmu 20 d
 8.325e-08 2.04261e-07 0.745811 1.17475 1.41791e-08 3.2105e-08 0.0757863 0.138497 0 0
 0 0 0 0 0 0 0 0 0 0
rmsmmqobij 20 d
 0.0757863 0.138497 0.281847 0.500381 0.218963 0.56534 0 0 0 0
 0 0 0 0 0 0 0 0 0 0
ITER 1 i 277
u1ave 1 d 1.01253
dpdx 1 d -0.00418178
zrotation 1 d 0.0253131
rmsmmu 20 d
 7.98028e-08 1.95865e-07 0.745811 1.17475 1.36052e-08 3.07933e-08 0.0757863 0.138497 0 0
 0 0 0 0 0 0 0 0 0 0
rmsmmqobij 20 d
 0.0757863 0.138497 0.281847 0.500381 0.218963 0.56534 0 0 0 0
 0 0 0 0 0 0 0 0 0 0
ITER 1 i 278
u1ave 1 d 1.01253
dpdx 1 d -0.00418178
zrotation 1 d 0.0253131
rmsmmu 20 d
 7.64903e-08 1.87795e-07 0.745811 1.17475 1.30533e-08 2.95325e-08 0.0757863 0.138497 0 0
 0 0 0 0 0 0 0 0 0 0
rmsmmqobij 20 d
 0.0757863 0.138497 0.281847 0.500381 0.218963 0.56534 0 0 0 0
 0 0 0 0 0 0 0 0 0 0
ITER 1 i 279
u1ave 1 d 1.01253
dpdx 1 d -0.00418178
zrotation 1 d 0.0253131
rmsmmu 20 d
 7.33075e-08 1.80039e-07 0.745811 1.17475 1.25227e-08 2.83206e-08 0.0757863 0.138497 0 0
 0 0 0 0 0 0 0 0 0 0
rmsmmqobij 20 d
 0.0757863 0.138497 0.281847 0.50038 0.218963 0.56534 0 0 0 0
 0 0 0 0 0 0 0 0 0 0
ITER 1 i 280
u1ave 1 d 1.01253
dpdx 1 d -0.00418178
zrotation 1 d 0.0253131
rmsmmu 20 d
 7.02497e-08 1.72586e-07 0.745811 1.17475 1.20126e-08 2.71558e-08 0.0757863 0.138497 0 0
 0 0 0 0 0 0 0 0 0 0
rmsmmqobij 20 d
 0.0757863 0.138497 0.281847 0.50038 0.218963 0.56534 0 0 0 0
 0 0 0 0 0 0 0 0 0 0
ITER 1 i 281
u1ave 1 d 1.01253
dpdx 1 d -0.00418178
zrotation 1 d 0.0253131
rmsmmu 20 d
 6.73121e-08 1.65424e-07 0.745811 1.17475 1.15222e-08 2.60365e-08 0.0757863 0.138497 0 0
 0 0 0 0 0 0 0 0 0 0
rmsmmqobij 20 d
 0.0757863 0.138497 0.281847 0.50038 0.218963 0.56534 0 0 0 0
 0 0 0 0 0 0 0 0 0 0
ITER 1 i 282
u1ave 1 d 1.01253
dpdx 1 d -0.00418178
zrotation 1 d 0.0253131
rmsmmu 20 d
 6.44904e-08 1.58543e-07 0.745811 1.17475 1.10509e-08 2.49609e-08 0.0757863 0.138497 0 0
 0 0 0 0 0 0 0 0 0 0
rmsmmqobij 20 d
 0.0757863 0.138497 0.281847 0.50038 0.218963 0.56534 0 0 0 0
 0 0 0 0 0 0 0 0 0 0
ITER 1 i 283
u1ave 1 d 1.01253
dpdx 1 d -0.00418178
zrotation 1 d 0.0253131
rmsmmu 20 d
 6.17802e-08 1.51932e-07 0.745811 1.17475 1.05978e-08 2.39274e-08 0.0757863 0.138497 0 0
 0 0 0 0 0 0 0 0 0 0
rmsmmqobij 20 d
 0.0757863 0.138497 0.281847 0.50038 0.218963 0.56534 0 0 0 0
 0 0 0 0 0 0 0 0 0 0
ITER 1 i 284
u1ave 1 d 1.01253
dpdx 1 d -0.00418178
zrotation 1 d 0.0253131
rmsmmu 20 d
 5.91772e-08 1.45581e-07 0.745811 1.17475 1.01624e-08 2.29344e-08 0.0757863 0.138497 0 0
 0 0 0 0 0 0 0 0 0 0
rmsmmqobij 20 d
 0.0757863 0.138497 0.281847 0.50038 0.218963 0.56534 0 0 0 0
 0 0 0 0 0 0 0 0 0 0
ITER 1 i 285
u1ave 1 d 1.01253
dpdx 1 d -0.00418178
zrotation 1 d 0.0253131
rmsmmu 20 d
 5.66776e-08 1.39481e-07 0.745811 1.17475 9.74398e-09 2.19805e-08 0.0757863 0.138497 0 0
 0 0 0 0 0 0 0 0 0 0
rmsmmqobij 20 d
 0.0757863 0.138497 0.281847 0.50038 0.218963 0.56534 0 0 0 0
 0 0 0 0 0 0 0 0 0 0
ITER 1 i 286
u1ave 1 d 1.01253
dpdx 1 d -0.00418178
zrotation 1 d 0.0253131
rmsmmu 20 d
 5.42774e-08 1.33621e-07 0.745811 1.17475 9.3419e-09 2.10642e-08 0.0757863 0.138497 0 0
 0 0 0 0 0 0 0 0 0 0
rmsmmqobij 20 d
 0.0757863 0.138497 0.281847 0.500379 0.218963 0.56534 0 0 0 0
 0 0 0 0 0 0 0 0 0 0
ITER 1 i 287
u1ave 1 d 1.01252
dpdx 1 d -0.00418178
zrotation 1 d 0.0253131
rmsmmu 20 d
 5.19728e-08 1.27994e-07 0.745811 1.17475 8.95556e-09 2.0184e-08 0.0757863 0.138497 0 0
 0 0 0 0 0 0 0 0 0 0
rmsmmqobij 20 d
 0.0757863 0.138497 0.281847 0.500379 0.218963 0.56534 0 0 0 0
 0 0 0 0 0 0 0 0 0 0
ITER 1 i 288
u1ave 1 d 1.01252
dpdx 1 d -0.00418178
zrotation 1 d 0.0253131
rmsmmu 20 d
 4.97603e-08 1.2259e-07 0.745811 1.17475 8.58438e-09 1.93386e-08 0.0757863 0.138497 0 0
 0 0 0 0 0 0 0 0 0 0
rmsmmqobij 20 d
 0.0757863 0.138497 0.281847 0.500379 0.218963 0.56534 0 0 0 0
 0 0 0 0 0 0 0 0 0 0
ITER 1 i 289
u1ave 1 d 1.01252
dpdx 1 d -0.00418178
zrotation 1 d 0.0253131
rmsmmu 20 d
 4.76364e-08 1.17401e-07 0.745811 1.17475 8.22779e-09 1.85267e-08 0.0757863 0.138497 0 0
 0 0 0 0 0 0 0 0 0 0
rmsmmqobij 20 d
 0.0757863 0.138497 0.281847 0.500379 0.218963 0.56534 0 0 0 0
 0 0 0 0 0 0 0 0 0 0
ITER 1 i 290
u1ave 1 d 1.01252
dpdx 1 d -0.00418178
zrotation 1 d 0.0253131
rmsmmu 20 d
 4.55978e-08 1.12419e-07 0.745811 1.17475 7.88525e-09 1.77471e-08 0.0757863 0.138497 0 0
 0 0 0 0 0 0 0 0 0 0
rmsmmqobij 20 d
 0.0757863 0.138497 0.281847 0.500379 0.218963 0.56534 0 0 0 0
 0 0 0 0 0 0 0 0 0 0
ITER 1 i 291
u1ave 1 d 1.01252
dpdx 1 d -0.00418178
zrotation 1 d 0.0253131
rmsmmu 20 d
 4.36411e-08 1.07635e-07 0.745811 1.17475 7.55624e-09 1.69985e-08 0.0757863 0.138497 0 0
 0 0 0 0 0 0 0 0 0 0
rmsmmqobij 20 d
 0.0757863 0.138497 0.281847 0.500379 0.218963 0.56534 0 0 0 0
 0 0 0 0 0 0 0 0 0 0
ITER 1 i 292
u1ave 1 d 1.01252
dpdx 1 d -0.00418178
zrotation 1 d 0.0253131
rmsmmu 20 d
 4.17633e-08 1.03044e-07 0.745811 1.17475 7.24023e-09 1.62798e-08 0.0757863 0.138497 0 0
 0 0 0 0 0 0 0 0 0 0
rmsmmqobij 20 d
 0.0757863 0.138497 0.281847 0.500379 0.218963 0.56534 0 0 0 0
 0 0 0 0 0 0 0 0 0 0
ITER 1 i 293
u1ave 1 d 1.01252
dpdx 1 d -0.00418178
zrotation 1 d 0.0253131
rmsmmu 20 d
 3.99613e-08 9.86365e-08 0.74581 1.17475 6.93676e-09 1.55898e-08 0.0757863 0.138497 0 0
 0 0 0 0 0 0 0 0 0 0
rmsmmqobij 20 d
 0.0757863 0.138497 0.281847 0.500379 0.218963 0.56534 0 0 0 0
 0 0 0 0 0 0 0 0 0 0
ITER 1 i 294
u1ave 1 d 1.01252
dpdx 1 d -0.00418178
zrotation 1 d 0.0253131
rmsmmu 20 d
 3.82323e-08 9.44064e-08 0.74581 1.17475 6.64533e-09 1.49274e-08 0.0757863 0.138497 0 0
 0 0 0 0 0 0 0 0 0 0
rmsmmqobij 20 d
 0.0757863 0.138497 0.281847 0.500379 0.218963 0.56534 0 0 0 0
 0 0 0 0 0 0 0 0 0 0
ITER 1 i 295
u1ave 1 d 1.01252
dpdx 1 d -0.00418178
zrotation 1 d 0.0253131
rmsmmu 20 d
 3.65735e-08 9.03467e-08 0.74581 1.17475 6.3655e-09 1.42916e-08 0.0757863 0.138497 0 0
 0 0 0 0 0 0 0 0 0 0
rmsmmqobij 20 d
 0.0757863 0.138497 0.281847 0.500379 0.218963 0.56534 0 0 0 0
 0 0 0 0 0 0 0 0 0 0
ITER 1 i 296
u1ave 1 d 1.01252
dpdx 1 d -0.00418178
zrotation 1 d 0.0253131
rmsmmu 20 d
 3.49822e-08 8.64511e-08 0.74581 1.17475 6.09684e-09 1.36814e-08 0.0757863 0.138497 0 0
 0 0 0 0 0 0 0 0 0 0
rmsmmqobij 20 d
 0.0757863 0.138497 0.281847 0.500378 0.218963 0.56534 0 0 0 0
 0 0 0 0 0 0 0 0 0 0
ITER 1 i 297
u1ave 1 d 1.01252
dpdx 1 d -0.00418178
zrotation 1 d 0.0253131
rmsmmu 20 d
 3.34558e-08 8.27132e-08 0.74581 1.17475 5.83891e-09 1.30957e-08 0.0757863 0.138497 0 0
 0 0 0 0 0 0 0 0 0 0
rmsmmqobij 20 d
 0.0757863 0.138497 0.281847 0.500378 0.218963 0.56534 0 0 0 0
 0 0 0 0 0 0 0 0 0 0
ITER 1 i 298
u1ave 1 d 1.01252
dpdx 1 d -0.00418178
zrotation 1 d 0.0253131
rmsmmu 20 d
 3.19917e-08 7.91269e-08 0.74581 1.17475 5.59131e-09 1.25338e-08 0.0757863 0.138497 0 0
 0 0 0 0 0 0 0 0 0 0
rmsmmqobij 20 d
 0.0757863 0.138497 0.281847 0.500378 0.218963 0.56534 0 0 0 0
 0 0 0 0 0 0 0 0 0 0
ITER 1 i 299
u1ave 1 d 1.01252
dpdx 1 d -0.00418178
zrotation 1 d 0.0253131
rmsmmu 20 d
 3.05877e-08 7.56866e-08 0.74581 1.17475 5.35364e-09 1.19945e-08 0.0757863 0.138497 0 0
 0 0 0 0 0 0 0 0 0 0
rmsmmqobij 20 d
 0.0757863 0.138497 0.281847 0.500378 0.218963 0.56534 0 0 0 0
 0 0 0 0 0 0 0 0 0 0
ITER 1 i 300
u1ave 1 d 1.01252
dpdx 1 d -0.00418178
zrotation 1 d 0.0253131
rmsmmu 20 d
 2.92413e-08 7.23864e-08 0.74581 1.17475 5.12553e-09 1.14772e-08 0.0757863 0.138497 0 0
 0 0 0 0 0 0 0 0 0 0
rmsmmqobij 20 d
 0.0757863 0.138497 0.281847 0.500378 0.218963 0.56534 0 0 0 0
 0 0 0 0 0 0 0 0 0 0
ITER 1 i 301
u1ave 1 d 1.01252
dpdx 1 d -0.00418178
zrotation 1 d 0.0253131
rmsmmu 20 d
 2.79503e-08 6.92211e-08 0.74581 1.17475 4.90662e-09 1.09808e-08 0.0757863 0.138497 0 0
 0 0 0 0 0 0 0 0 0 0
rmsmmqobij 20 d
 0.0757863 0.138497 0.281847 0.500378 0.218963 0.56534 0 0 0 0
 0 0 0 0 0 0 0 0 0 0
ITER 1 i 302
u1ave 1 d 1.01252
dpdx 1 d -0.00418178
zrotation 1 d 0.0253131
rmsmmu 20 d
 2.67126e-08 6.61855e-08 0.74581 1.17475 4.69654e-09 1.05047e-08 0.0757863 0.138497 0 0
 0 0 0 0 0 0 0 0 0 0
rmsmmqobij 20 d
 0.0757863 0.138497 0.281847 0.500378 0.218963 0.56534 0 0 0 0
 0 0 0 0 0 0 0 0 0 0
ITER 1 i 303
u1ave 1 d 1.01252
dpdx 1 d -0.00418178
zrotation 1 d 0.0253131
rmsmmu 20 d
 2.5526e-08 6.32744e-08 0.74581 1.17475 4.49496e-09 1.00481e-08 0.0757863 0.138497 0 0
 0 0 0 0 0 0 0 0 0 0
rmsmmqobij 20 d
 0.0757863 0.138497 0.281847 0.500378 0.218963 0.56534 0 0 0 0
 0 0 0 0 0 0 0 0 0 0
ITER 1 i 304
u1ave 1 d 1.01252
dpdx 1 d -0.00418178
zrotation 1 d 0.0253131
rmsmmu 20 d
 2.43887e-08 6.04831e-08 0.74581 1.17475 4.30156e-09 9.6101e-09 0.0757863 0.138497 0 0
 0 0 0 0 0 0 0 0 0 0
rmsmmqobij 20 d
 0.0757863 0.138497 0.281847 0.500378 0.218963 0.56534 0 0 0 0
 0 0 0 0 0 0 0 0 0 0
ITER 1 i 305
u1ave 1 d 1.01252
dpdx 1 d -0.00418178
zrotation 1 d 0.0253131
rmsmmu 20 d
 2.32987e-08 5.7807e-08 0.74581 1.17475 4.11602e-09 9.19009e-09 0.0757863 0.138497 0 0
 0 0 0 0 0 0 0 0 0 0
rmsmmqobij 20 d
 0.0757863 0.138497 0.281847 0.500378 0.218963 0.56534 0 0 0 0
 0 0 0 0 0 0 0 0 0 0
ITER 1 i 306
u1ave 1 d 1.01252
dpdx 1 d -0.00418178
zrotation 1 d 0.0253131
rmsmmu 20 d
 2.2254e-08 5.52414e-08 0.74581 1.17475 3.93803e-09 8.78734e-09 0.0757863 0.138497 0 0
 0 0 0 0 0 0 0 0 0 0
rmsmmqobij 20 d
 0.0757863 0.138497 0.281847 0.500378 0.218963 0.56534 0 0 0 0
 0 0 0 0 0 0 0 0 0 0
ITER 1 i 307
u1ave 1 d 1.01252
dpdx 1 d -0.00418178
zrotation 1 d 0.0253131
rmsmmu 20 d
 2.1253e-08 5.27822e-08 0.74581 1.17475 3.76731e-09 8.40118e-09 0.0757863 0.138497 0 0
 0 0 0 0 0 0 0 0 0 0
rmsmmqobij 20 d
 0.0757863 0.138497 0.281847 0.500378 0.218963 0.56534 0 0 0 0
 0 0 0 0 0 0 0 0 0 0
ITER 1 i 308
u1ave 1 d 1.01252
dpdx 1 d -0.00418178
zrotation 1 d 0.0253131
rmsmmu 20 d
 2.0294e-08 5.04251e-08 0.74581 1.17475 3.60357e-09 8.03096e-09 0.0757863 0.138497 0 0
 0 0 0 0 0 0 0 0 0 0
rmsmmqobij 20 d
 0.0757863 0.138497 0.281847 0.500378 0.218963 0.56534 0 0 0 0
 0 0 0 0 0 0 0 0 0 0
ITER 1 i 309
u1ave 1 d 1.01252
dpdx 1 d -0.00418178
zrotation 1 d 0.0253131
rmsmmu 20 d
 1.93751e-08 4.81661e-08 0.74581 1.17475 3.44654e-09 7.67606e-09 0.0757863 0.138497 0 0
 0 0 0 0 0 0 0 0 0 0
rmsmmqobij 20 d
 0.0757863 0.138497 0.281847 0.500378 0.218963 0.56534 0 0 0 0
 0 0 0 0 0 0 0 0 0 0
ITER 1 i 310
u1ave 1 d 1.01252
dpdx 1 d -0.00418178
zrotation 1 d 0.0253131
rmsmmu 20 d
 1.8495e-08 4.60015e-08 0.74581 1.17475 3.29596e-09 7.33588e-09 0.0757863 0.138497 0 0
 0 0 0 0 0 0 0 0 0 0
rmsmmqobij 20 d
 0.0757863 0.138497 0.281847 0.500378 0.218963 0.56534 0 0 0 0
 0 0 0 0 0 0 0 0 0 0
ITER 1 i 311
u1ave 1 d 1.01252
dpdx 1 d -0.00418178
zrotation 1 d 0.0253131
rmsmmu 20 d
 1.7652e-08 4.39274e-08 0.74581 1.17475 3.15158e-09 7.00984e-09 0.0757863 0.138497 0 0
 0 0 0 0 0 0 0 0 0 0
rmsmmqobij 20 d
 0.0757863 0.138497 0.281847 0.500378 0.218963 0.56534 0 0 0 0
 0 0 0 0 0 0 0 0 0 0
ITER 1 i 312
u1ave 1 d 1.01252
dpdx 1 d -0.00418178
zrotation 1 d 0.0253131
rmsmmu 20 d
 1.68447e-08 4.19403e-08 0.74581 1.17475 3.01316e-09 6.69738e-09 0.0757862 0.138497 0 0
 0 0 0 0 0 0 0 0 0 0
rmsmmqobij 20 d
 0.0757862 0.138497 0.281847 0.500378 0.218963 0.56534 0 0 0 0
 0 0 0 0 0 0 0 0 0 0
ITER 1 i 313
u1ave 1 d 1.01252
dpdx 1 d -0.00418178
zrotation 1 d 0.0253131
rmsmmu 20 d
 1.60716e-08 4.00368e-08 0.74581 1.17475 2.88046e-09 6.39797e-09 0.0757862 0.138497 0 0
 0 0 0 0 0 0 0 0 0 0
rmsmmqobij 20 d
 0.0757862 0.138497 0.281847 0.500378 0.218963 0.56534 0 0 0 0
 0 0 0 0 0 0 0 0 0 0
ITER 1 i 314
u1ave 1 d 1.01252
dpdx 1 d -0.00418178
zrotation 1 d 0.0253131
rmsmmu 20 d
 1.53314e-08 3.82135e-08 0.74581 1.17475 2.75326e-09 6.1111e-09 0.0757862 0.138497 0 0
 0 0 0 0 0 0 0 0 0 0
rmsmmqobij 20 d
 0.0757862 0.138497 0.281847 0.500377 0.218963 0.56534 0 0 0 0
 0 0 0 0 0 0 0 0 0 0
ITER 1 i 315
u1ave 1 d 1.01252
dpdx 1 d -0.00418178
zrotation 1 d 0.0253131
rmsmmu 20 d
 1.46227e-08 3.64672e-08 0.74581 1.17475 2.63135e-09 5.83626e-09 0.0757862 0.138497 0 0
 0 0 0 0 0 0 0 0 0 0
rmsmmqobij 20 d
 0.0757862 0.138497 0.281847 0.500377 0.218963 0.56534 0 0 0 0
 0 0 0 0 0 0 0 0 0 0
ITER 1 i 316
u1ave 1 d 1.01252
dpdx 1 d -0.00418178
zrotation 1 d 0.0253131
rmsmmu 20 d
 1.39444e-08 3.4795e-08 0.74581 1.17475 2.51451e-09 5.57298e-09 0.0757862 0.138497 0 0
 0 0 0 0 0 0 0 0 0 0
rmsmmqobij 20 d
 0.0757862 0.138497 0.281847 0.500377 0.218963 0.56534 0 0 0 0
 0 0 0 0 0 0 0 0 0 0
ITER 1 i 317
u1ave 1 d 1.01252
dpdx 1 d -0.00418178
zrotation 1 d 0.0253131
rmsmmu 20 d
 1.32951e-08 3.31938e-08 0.74581 1.17475 2.40254e-09 5.3208e-09 0.0757862 0.138497 0 0
 0 0 0 0 0 0 0 0 0 0
rmsmmqobij 20 d
 0.0757862 0.138497 0.281847 0.500377 0.218963 0.56534 0 0 0 0
 0 0 0 0 0 0 0 0 0 0
ITER 1 i 318
u1ave 1 d 1.01252
dpdx 1 d -0.00418178
zrotation 1 d 0.0253131
rmsmmu 20 d
 1.26738e-08 3.16608e-08 0.74581 1.17475 2.29526e-09 5.07927e-09 0.0757862 0.138497 0 0
 0 0 0 0 0 0 0 0 0 0
rmsmmqobij 20 d
 0.0757862 0.138497 0.281847 0.500377 0.218963 0.56534 0 0 0 0
 0 0 0 0 0 0 0 0 0 0
ITER 1 i 319
u1ave 1 d 1.01252
dpdx 1 d -0.00418178
zrotation 1 d 0.0253131
rmsmmu 20 d
 1.20792e-08 3.01932e-08 0.74581 1.17475 2.19247e-09 4.84798e-09 0.0757862 0.138497 0 0
 0 0 0 0 0 0 0 0 0 0
rmsmmqobij 20 d
 0.0757862 0.138497 0.281847 0.500377 0.218963 0.56534 0 0 0 0
 0 0 0 0 0 0 0 0 0 0
ITER 1 i 320
u1ave 1 d 1.01252
dpdx 1 d -0.00418178
zrotation 1 d 0.0253131
rmsmmu 20 d
 1.15104e-08 2.87885e-08 0.74581 1.17475 2.094e-09 4.62651e-09 0.0757862 0.138497 0 0
 0 0 0 0 0 0 0 0 0 0
rmsmmqobij 20 d
 0.0757862 0.138497 0.281847 0.500377 0.218963 0.56534 0 0 0 0
 0 0 0 0 0 0 0 0 0 0
ITER 1 i 321
u1ave 1 d 1.01252
dpdx 1 d -0.00418178
zrotation 1 d 0.0253131
rmsmmu 20 d
 1.09662e-08 2.74441e-08 0.74581 1.17475 1.99968e-09 4.41446e-09 0.0757862 0.138497 0 0
 0 0 0 0 0 0 0 0 0 0
rmsmmqobij 20 d
 0.0757862 0.138497 0.281847 0.500377 0.218963 0.56534 0 0 0 0
 0 0 0 0 0 0 0 0 0 0
ITER 1 i 322
u1ave 1 d 1.01252
dpdx 1 d -0.00418178
zrotation 1 d 0.0253131
rmsmmu 20 d
 1.04457e-08 2.61575e-08 0.74581 1.17475 1.90934e-09 4.21146e-09 0.0757862 0.138497 0 0
 0 0 0 0 0 0 0 0 0 0
rmsmmqobij 20 d
 0.0757862 0.138497 0.281847 0.500377 0.218963 0.56534 0 0 0 0
 0 0 0 0 0 0 0 0 0 0
ITER 1 i 323
u1ave 1 d 1.01252
dpdx 1 d -0.00418178
zrotation 1 d 0.0253131
rmsmmu 20 d
 9.94785e-09 2.49265e-08 0.74581 1.17475 1.82282e-09 4.01715e-09 0.0757862 0.138497 0 0
 0 0 0 0 0 0 0 0 0 0
rmsmmqobij 20 d
 0.0757862 0.138497 0.281847 0.500377 0.218963 0.56534 0 0 0 0
 0 0 0 0 0 0 0 0 0 0
