Rd 1 d 6000
Rtau 1 d 388
Ro 1 d 0.2
vlamc 1 d 0.000333333
dpdx 1 d -0.00418178
ITER 1 i 1
u1ave 1 d 1.03343
dpdx 1 d -0.00418178
zrotation 1 d 0.101672
rmsmmu 20 d
 9.59801e-09 2.12243e-08 0.762009 1.24828 0.00250551 0.00493315 0.0706019 0.14353 0 0
 0 0 0 0 0 0 0 0 0 0
rmsmmqobij 20 d
 0.0706019 0.14353 0.302931 0.631558 0.20818 0.562855 0 0 0 0
 0 0 0 0 0 0 0 0 0 0
ITER 1 i 2
u1ave 1 d 1.03731
dpdx 1 d -0.00418178
zrotation 1 d 0.102701
rmsmmu 20 d
 0.0157878 0.0314944 0.764715 1.27978 0.0033457 0.00823478 0.0719783 0.142032 0 0
 0 0 0 0 0 0 0 0 0 0
rmsmmqobij 20 d
 0.0719783 0.142032 0.300701 0.625869 0.20868 0.562811 0 0 0 0
 0 0 0 0 0 0 0 0 0 0
ITER 1 i 3
u1ave 1 d 1.02334
dpdx 1 d -0.00418178
zrotation 1 d 0.102518
rmsmmu 20 d
 0.0124652 0.0260975 0.755257 1.25868 0.00183341 0.00430293 0.0720371 0.141258 0 0
 0 0 0 0 0 0 0 0 0 0
rmsmmqobij 20 d
 0.0720371 0.141258 0.299216 0.623449 0.208161 0.562749 0 0 0 0
 0 0 0 0 0 0 0 0 0 0
ITER 1 i 4
u1ave 1 d 1.03519
dpdx 1 d -0.00418178
zrotation 1 d 0.103018
rmsmmu 20 d
 0.00922797 0.0208318 0.763028 1.26848 0.00126695 0.00348916 0.0723021 0.141647 0 0
 0 0 0 0 0 0 0 0 0 0
rmsmmqobij 20 d
 0.0723021 0.141647 0.299085 0.622674 0.208135 0.56268 0 0 0 0
 0 0 0 0 0 0 0 0 0 0
ITER 1 i 5
u1ave 1 d 1.02432
dpdx 1 d -0.00418178
zrotation 1 d 0.102725
rmsmmu 20 d
 0.00834322 0.0202163 0.75572 1.26048 0.00085517 0.0024359 0.0721998 0.141299 0 0
 0 0 0 0 0 0 0 0 0 0
rmsmmqobij 20 d
 0.0721998 0.141299 0.2988 0.621686 0.207897 0.562613 0 0 0 0
 0 0 0 0 0 0 0 0 0 0
ITER 1 i 6
u1ave 1 d 1.02721
dpdx 1 d -0.00418178
zrotation 1 d 0.102723
rmsmmu 20 d
 0.00254856 0.00734735 0.757531 1.26278 0.000385351 0.00126158 0.0724313 0.141495 0 0
 0 0 0 0 0 0 0 0 0 0
rmsmmqobij 20 d
 0.0724313 0.141495 0.299178 0.621689 0.207849 0.562554 0 0 0 0
 0 0 0 0 0 0 0 0 0 0
ITER 1 i 7
u1ave 1 d 1.02262
dpdx 1 d -0.00418178
zrotation 1 d 0.102493
rmsmmu 20 d
 0.00334104 0.0057436 0.754337 1.25745 0.000175222 0.000345957 0.0723462 0.141513 0 0
 0 0 0 0 0 0 0 0 0 0
rmsmmqobij 20 d
 0.0723462 0.141513 0.299609 0.622114 0.207691 0.562504 0 0 0 0
 0 0 0 0 0 0 0 0 0 0
ITER 1 i 8
u1ave 1 d 1.02144
dpdx 1 d -0.00418178
zrotation 1 d 0.102318
rmsmmu 20 d
 0.00125058 0.00316799 0.753426 1.25697 0.000197718 0.000478913 0.0724678 0.141394 0 0
 0 0 0 0 0 0 0 0 0 0
rmsmmqobij 20 d
 0.0724678 0.141394 0.300086 0.622485 0.20764 0.562463 0 0 0 0
 0 0 0 0 0 0 0 0 0 0
ITER 1 i 9
u1ave 1 d 1.01893
dpdx 1 d -0.00418178
zrotation 1 d 0.102106
rmsmmu 20 d
 0.00189084 0.00376388 0.751648 1.25341 0.000150077 0.000333904 0.0724364 0.141353 0 0
 0 0 0 0 0 0 0 0 0 0
rmsmmqobij 20 d
 0.0724364 0.141353 0.300677 0.623446 0.20752 0.562428 0 0 0 0
 0 0 0 0 0 0 0 0 0 0
ITER 1 i 10
u1ave 1 d 1.01909
dpdx 1 d -0.00418178
zrotation 1 d 0.102007
rmsmmu 20 d
 0.000639453 0.00195324 0.751661 1.25368 0.000126741 0.000307462 0.0725124 0.141367 0 0
 0 0 0 0 0 0 0 0 0 0
rmsmmqobij 20 d
 0.0725124 0.141367 0.301339 0.624597 0.207475 0.5624 0 0 0 0
 0 0 0 0 0 0 0 0 0 0
ITER 1 i 11
u1ave 1 d 1.01698
dpdx 1 d -0.00418178
zrotation 1 d 0.101853
rmsmmu 20 d
 0.00152748 0.00270387 0.75018 1.25131 0.000105081 0.0002848 0.0724958 0.141314 0 0
 0 0 0 0 0 0 0 0 0 0
rmsmmqobij 20 d
 0.0724958 0.141314 0.301959 0.62588 0.207382 0.562375 0 0 0 0
 0 0 0 0 0 0 0 0 0 0
ITER 1 i 12
u1ave 1 d 1.01721
dpdx 1 d -0.00418178
zrotation 1 d 0.101787
rmsmmu 20 d
 0.000409798 0.00118765 0.750275 1.25142 8.53083e-05 0.000190955 0.0725409 0.141319 0 0
 0 0 0 0 0 0 0 0 0 0
rmsmmqobij 20 d
 0.0725409 0.141319 0.302604 0.627258 0.207335 0.562352 0 0 0 0
 0 0 0 0 0 0 0 0 0 0
ITER 1 i 13
u1ave 1 d 1.01621
dpdx 1 d -0.00418178
zrotation 1 d 0.101704
rmsmmu 20 d
 0.000727717 0.00125648 0.749563 1.25023 8.00212e-05 0.00018386 0.0725308 0.141295 0 0
 0 0 0 0 0 0 0 0 0 0
rmsmmqobij 20 d
 0.0725308 0.141295 0.303192 0.628665 0.207267 0.562328 0 0 0 0
 0 0 0 0 0 0 0 0 0 0
ITER 1 i 14
u1ave 1 d 1.0164
dpdx 1 d -0.00418178
zrotation 1 d 0.101672
rmsmmu 20 d
 0.000287116 0.000724184 0.749659 1.25044 8.08795e-05 0.000221049 0.0725636 0.141286 0 0
 0 0 0 0 0 0 0 0 0 0
rmsmmqobij 20 d
 0.0725636 0.141286 0.303748 0.630018 0.207227 0.562304 0 0 0 0
 0 0 0 0 0 0 0 0 0 0
ITER 1 i 15
u1ave 1 d 1.01603
dpdx 1 d -0.00418178
zrotation 1 d 0.101637
rmsmmu 20 d
 0.000283113 0.000550542 0.749388 1.24992 7.78131e-05 0.000208547 0.0725593 0.141272 0 0
 0 0 0 0 0 0 0 0 0 0
rmsmmqobij 20 d
 0.0725593 0.141272 0.304245 0.631325 0.207174 0.562276 0 0 0 0
 0 0 0 0 0 0 0 0 0 0
ITER 1 i 16
u1ave 1 d 1.01637
dpdx 1 d -0.00418178
zrotation 1 d 0.101637
rmsmmu 20 d
 0.00029305 0.000501296 0.749601 1.2503 6.14114e-05 0.000181325 0.0725758 0.141268 0 0
 0 0 0 0 0 0 0 0 0 0
rmsmmqobij 20 d
 0.0725758 0.141268 0.304689 0.63252 0.20714 0.562245 0 0 0 0
 0 0 0 0 0 0 0 0 0 0
ITER 1 i 17
u1ave 1 d 1.01635
dpdx 1 d -0.00418178
zrotation 1 d 0.101636
rmsmmu 20 d
 5.98085e-05 0.00017156 0.749583 1.25025 5.89224e-05 0.000167792 0.0725739 0.141259 0 0
 0 0 0 0 0 0 0 0 0 0
rmsmmqobij 20 d
 0.0725739 0.141259 0.305067 0.633614 0.2071 0.562209 0 0 0 0
 0 0 0 0 0 0 0 0 0 0
ITER 1 i 18
u1ave 1 d 1.01676
dpdx 1 d -0.00418178
zrotation 1 d 0.101656
rmsmmu 20 d
 0.00030965 0.000509582 0.749859 1.25071 5.88044e-05 0.00017406 0.0725865 0.141258 0 0
 0 0 0 0 0 0 0 0 0 0
rmsmmqobij 20 d
 0.0725865 0.141258 0.305392 0.634576 0.207074 0.562169 0 0 0 0
 0 0 0 0 0 0 0 0 0 0
ITER 1 i 19
u1ave 1 d 1.01692
dpdx 1 d -0.00418178
zrotation 1 d 0.101674
rmsmmu 20 d
 0.000123373 0.000249762 0.749969 1.25088 5.91803e-05 0.000173776 0.072588 0.141253 0 0
 0 0 0 0 0 0 0 0 0 0
rmsmmqobij 20 d
 0.072588 0.141253 0.305659 0.63541 0.207045 0.562124 0 0 0 0
 0 0 0 0 0 0 0 0 0 0
ITER 1 i 20
u1ave 1 d 1.0173
dpdx 1 d -0.00418178
zrotation 1 d 0.101702
rmsmmu 20 d
 0.000284573 0.000485068 0.750236 1.25133 5.79563e-05 0.00017265 0.072598 0.141252 0 0
 0 0 0 0 0 0 0 0 0 0
rmsmmqobij 20 d
 0.072598 0.141252 0.305878 0.636108 0.207025 0.562075 0 0 0 0
 0 0 0 0 0 0 0 0 0 0
ITER 1 i 21
u1ave 1 d 1.01754
dpdx 1 d -0.00418178
zrotation 1 d 0.101728
rmsmmu 20 d
 0.000176876 0.000296544 0.750404 1.25159 5.55313e-05 0.000163653 0.0726013 0.141249 0 0
 0 0 0 0 0 0 0 0 0 0
rmsmmqobij 20 d
 0.0726013 0.141249 0.306048 0.636684 0.207006 0.562021 0 0 0 0
 0 0 0 0 0 0 0 0 0 0
ITER 1 i 22
u1ave 1 d 1.01789
dpdx 1 d -0.00418178
zrotation 1 d 0.101758
rmsmmu 20 d
 0.000254338 0.000441549 0.750647 1.252 5.19151e-05 0.000153855 0.0726092 0.141248 0 0
 0 0 0 0 0 0 0 0 0 0
rmsmmqobij 20 d
 0.0726092 0.141248 0.306178 0.637142 0.206992 0.561964 0 0 0 0
 0 0 0 0 0 0 0 0 0 0
ITER 1 i 23
u1ave 1 d 1.01813
dpdx 1 d -0.00418178
zrotation 1 d 0.101786
rmsmmu 20 d
 0.000180036 0.000309166 0.75082 1.25228 4.78014e-05 0.000140457 0.072613 0.141246 0 0
 0 0 0 0 0 0 0 0 0 0
rmsmmqobij 20 d
 0.072613 0.141246 0.306271 0.637496 0.206979 0.561903 0 0 0 0
 0 0 0 0 0 0 0 0 0 0
ITER 1 i 24
u1ave 1 d 1.01842
dpdx 1 d -0.00418178
zrotation 1 d 0.101814
rmsmmu 20 d
 0.000211859 0.000370598 0.751024 1.25262 4.33762e-05 0.000127672 0.0726191 0.141245 0 0
 0 0 0 0 0 0 0 0 0 0
rmsmmqobij 20 d
 0.0726191 0.141245 0.306335 0.637756 0.20697 0.56184 0 0 0 0
 0 0 0 0 0 0 0 0 0 0
ITER 1 i 25
u1ave 1 d 1.01863
dpdx 1 d -0.00418178
zrotation 1 d 0.101838
rmsmmu 20 d
 0.000156514 0.000273305 0.751174 1.25287 3.88565e-05 0.000114098 0.0726226 0.141244 0 0
 0 0 0 0 0 0 0 0 0 0
rmsmmqobij 20 d
 0.0726226 0.141244 0.306372 0.637937 0.206963 0.561774 0 0 0 0
 0 0 0 0 0 0 0 0 0 0
ITER 1 i 26
u1ave 1 d 1.01885
dpdx 1 d -0.00418178
zrotation 1 d 0.101862
rmsmmu 20 d
 0.000163358 0.00028903 0.751332 1.25314 3.44286e-05 0.000101674 0.0726272 0.141243 0 0
 0 0 0 0 0 0 0 0 0 0
rmsmmqobij 20 d
 0.0726272 0.141243 0.30639 0.638048 0.206959 0.561707 0 0 0 0
 0 0 0 0 0 0 0 0 0 0
ITER 1 i 27
u1ave 1 d 1.01901
dpdx 1 d -0.00418178
zrotation 1 d 0.101881
rmsmmu 20 d
 0.000122401 0.000215688 0.751449 1.25333 3.00909e-05 8.89055e-05 0.0726301 0.141243 0 0
 0 0 0 0 0 0 0 0 0 0
rmsmmqobij 20 d
 0.0726301 0.141243 0.30639 0.638104 0.206955 0.561639 0 0 0 0
 0 0 0 0 0 0 0 0 0 0
ITER 1 i 28
u1ave 1 d 1.01917
dpdx 1 d -0.00418178
zrotation 1 d 0.101899
rmsmmu 20 d
 0.000117309 0.000209744 0.751562 1.25352 2.59367e-05 7.70772e-05 0.0726335 0.141242 0 0
 0 0 0 0 0 0 0 0 0 0
rmsmmqobij 20 d
 0.0726335 0.141242 0.306379 0.638113 0.206954 0.56157 0 0 0 0
 0 0 0 0 0 0 0 0 0 0
ITER 1 i 29
u1ave 1 d 1.01928
dpdx 1 d -0.00418178
zrotation 1 d 0.101914
rmsmmu 20 d
 8.6762e-05 0.000153987 0.751644 1.25366 2.20019e-05 6.55657e-05 0.0726356 0.141242 0 0
 0 0 0 0 0 0 0 0 0 0
rmsmmqobij 20 d
 0.0726356 0.141242 0.306358 0.638088 0.206954 0.561501 0 0 0 0
 0 0 0 0 0 0 0 0 0 0
ITER 1 i 30
u1ave 1 d 1.01938
dpdx 1 d -0.00418178
zrotation 1 d 0.101926
rmsmmu 20 d
 7.73384e-05 0.000139403 0.751717 1.25378 1.83613e-05 5.5124e-05 0.0726379 0.141241 0 0
 0 0 0 0 0 0 0 0 0 0
rmsmmqobij 20 d
 0.0726379 0.141241 0.306331 0.638036 0.206955 0.561433 0 0 0 0
 0 0 0 0 0 0 0 0 0 0
ITER 1 i 31
u1ave 1 d 1.01945
dpdx 1 d -0.00418178
zrotation 1 d 0.101935
rmsmmu 20 d
 5.51821e-05 9.80493e-05 0.751767 1.25387 1.49843e-05 4.52525e-05 0.0726393 0.141241 0 0
 0 0 0 0 0 0 0 0 0 0
rmsmmqobij 20 d
 0.0726393 0.141241 0.3063 0.637965 0.206957 0.561365 0 0 0 0
 0 0 0 0 0 0 0 0 0 0
ITER 1 i 32
u1ave 1 d 1.01951
dpdx 1 d -0.00418178
zrotation 1 d 0.101943
rmsmmu 20 d
 4.57535e-05 8.24661e-05 0.751808 1.25394 1.19044e-05 3.63329e-05 0.0726407 0.141241 0 0
 0 0 0 0 0 0 0 0 0 0
rmsmmqobij 20 d
 0.0726407 0.141241 0.306267 0.637882 0.206959 0.561298 0 0 0 0
 0 0 0 0 0 0 0 0 0 0
ITER 1 i 33
u1ave 1 d 1.01954
dpdx 1 d -0.00418178
zrotation 1 d 0.101948
rmsmmu 20 d
 3.08651e-05 6.01784e-05 0.751834 1.25399 9.09425e-06 2.80639e-05 0.0726414 0.14124 0 0
 0 0 0 0 0 0 0 0 0 0
rmsmmqobij 20 d
 0.0726414 0.14124 0.306234 0.637792 0.206962 0.561233 0 0 0 0
 0 0 0 0 0 0 0 0 0 0
ITER 1 i 34
u1ave 1 d 1.01956
dpdx 1 d -0.00418178
zrotation 1 d 0.101952
rmsmmu 20 d
 2.34208e-05 4.56616e-05 0.751852 1.25402 6.59448e-06 2.07065e-05 0.0726421 0.14124 0 0
 0 0 0 0 0 0 0 0 0 0
rmsmmqobij 20 d
 0.0726421 0.14124 0.306201 0.6377 0.206966 0.561169 0 0 0 0
 0 0 0 0 0 0 0 0 0 0
ITER 1 i 35
u1ave 1 d 1.01957
dpdx 1 d -0.00418178
zrotation 1 d 0.101955
rmsmmu 20 d
 1.54154e-05 3.92926e-05 0.751859 1.25404 4.38585e-06 1.40636e-05 0.0726422 0.14124 0 0
 0 0 0 0 0 0 0 0 0 0
rmsmmqobij 20 d
 0.0726422 0.14124 0.306171 0.63761 0.20697 0.561106 0 0 0 0
 0 0 0 0 0 0 0 0 0 0
ITER 1 i 36
u1ave 1 d 1.01957
dpdx 1 d -0.00418178
zrotation 1 d 0.101956
rmsmmu 20 d
 1.16281e-05 3.8465e-05 0.751861 1.25405 2.52654e-06 8.63336e-06 0.0726422 0.14124 0 0
 0 0 0 0 0 0 0 0 0 0
rmsmmqobij 20 d
 0.0726422 0.14124 0.306143 0.637524 0.206975 0.561046 0 0 0 0
 0 0 0 0 0 0 0 0 0 0
ITER 1 i 37
u1ave 1 d 1.01956
dpdx 1 d -0.00418178
zrotation 1 d 0.101956
rmsmmu 20 d
 1.11815e-05 4.09879e-05 0.751857 1.25404 1.23119e-06 4.09313e-06 0.072642 0.14124 0 0
 0 0 0 0 0 0 0 0 0 0
rmsmmqobij 20 d
 0.072642 0.14124 0.306117 0.637444 0.206979 0.560987 0 0 0 0
 0 0 0 0 0 0 0 0 0 0
ITER 1 i 38
u1ave 1 d 1.01955
dpdx 1 d -0.00418178
zrotation 1 d 0.101956
rmsmmu 20 d
 1.12605e-05 3.84571e-05 0.751849 1.25403 1.44104e-06 3.74205e-06 0.0726415 0.14124 0 0
 0 0 0 0 0 0 0 0 0 0
rmsmmqobij 20 d
 0.0726415 0.14124 0.306095 0.637371 0.206984 0.560931 0 0 0 0
 0 0 0 0 0 0 0 0 0 0
ITER 1 i 39
u1ave 1 d 1.01954
dpdx 1 d -0.00418178
zrotation 1 d 0.101955
rmsmmu 20 d
 1.32238e-05 3.86646e-05 0.751839 1.25402 2.41683e-06 6.94087e-06 0.0726409 0.14124 0 0
 0 0 0 0 0 0 0 0 0 0
rmsmmqobij 20 d
 0.0726409 0.14124 0.306075 0.637306 0.206988 0.560876 0 0 0 0
 0 0 0 0 0 0 0 0 0 0
ITER 1 i 40
u1ave 1 d 1.01952
dpdx 1 d -0.00418178
zrotation 1 d 0.101953
rmsmmu 20 d
 1.35448e-05 3.57069e-05 0.751827 1.25401 3.36395e-06 9.92358e-06 0.0726402 0.14124 0 0
 0 0 0 0 0 0 0 0 0 0
rmsmmqobij 20 d
 0.0726402 0.14124 0.306059 0.63725 0.206993 0.560824 0 0 0 0
 0 0 0 0 0 0 0 0 0 0
ITER 1 i 41
u1ave 1 d 1.0195
dpdx 1 d -0.00418178
zrotation 1 d 0.101952
rmsmmu 20 d
 1.44536e-05 3.37275e-05 0.751813 1.25399 4.16522e-06 1.23698e-05 0.0726393 0.14124 0 0
 0 0 0 0 0 0 0 0 0 0
rmsmmqobij 20 d
 0.0726393 0.14124 0.306046 0.637202 0.206997 0.560773 0 0 0 0
 0 0 0 0 0 0 0 0 0 0
ITER 1 i 42
u1ave 1 d 1.01948
dpdx 1 d -0.00418178
zrotation 1 d 0.10195
rmsmmu 20 d
 1.40427e-05 2.98828e-05 0.7518 1.25397 4.80441e-06 1.42862e-05 0.0726384 0.14124 0 0
 0 0 0 0 0 0 0 0 0 0
rmsmmqobij 20 d
 0.0726384 0.14124 0.306035 0.637162 0.207001 0.560724 0 0 0 0
 0 0 0 0 0 0 0 0 0 0
ITER 1 i 43
u1ave 1 d 1.01946
dpdx 1 d -0.00418178
zrotation 1 d 0.101948
rmsmmu 20 d
 1.386e-05 2.67372e-05 0.751787 1.25396 5.28912e-06 1.57346e-05 0.0726374 0.14124 0 0
 0 0 0 0 0 0 0 0 0 0
rmsmmqobij 20 d
 0.0726374 0.14124 0.306026 0.63713 0.207005 0.560678 0 0 0 0
 0 0 0 0 0 0 0 0 0 0
ITER 1 i 44
u1ave 1 d 1.01945
dpdx 1 d -0.00418178
zrotation 1 d 0.101946
rmsmmu 20 d
 1.28776e-05 2.26749e-05 0.751775 1.25394 5.63217e-06 1.67488e-05 0.0726364 0.141241 0 0
 0 0 0 0 0 0 0 0 0 0
rmsmmqobij 20 d
 0.0726364 0.141241 0.30602 0.637106 0.207009 0.560633 0 0 0 0
 0 0 0 0 0 0 0 0 0 0
ITER 1 i 45
u1ave 1 d 1.01943
dpdx 1 d -0.00418178
zrotation 1 d 0.101945
rmsmmu 20 d
 1.20367e-05 1.93061e-05 0.751763 1.25393 5.84925e-06 1.73895e-05 0.0726354 0.141241 0 0
 0 0 0 0 0 0 0 0 0 0
rmsmmqobij 20 d
 0.0726354 0.141241 0.306016 0.637088 0.207012 0.56059 0 0 0 0
 0 0 0 0 0 0 0 0 0 0
ITER 1 i 46
u1ave 1 d 1.01942
dpdx 1 d -0.00418178
zrotation 1 d 0.101943
rmsmmu 20 d
 1.05947e-05 1.71693e-05 0.751753 1.25391 6.24753e-06 1.8319e-05 0.0726342 0.141241 0 0
 0 0 0 0 0 0 0 0 0 0
rmsmmqobij 20 d
 0.0726342 0.141241 0.306013 0.637075 0.207016 0.560548 0 0 0 0
 0 0 0 0 0 0 0 0 0 0
ITER 1 i 47
u1ave 1 d 1.0194
dpdx 1 d -0.00418178
zrotation 1 d 0.101942
rmsmmu 20 d
 9.42839e-06 1.54206e-05 0.751744 1.2539 6.03174e-06 1.79682e-05 0.0726332 0.141242 0 0
 0 0 0 0 0 0 0 0 0 0
rmsmmqobij 20 d
 0.0726332 0.141242 0.306012 0.637068 0.207019 0.560508 0 0 0 0
 0 0 0 0 0 0 0 0 0 0
ITER 1 i 48
u1ave 1 d 1.01939
dpdx 1 d -0.00418178
zrotation 1 d 0.10194
rmsmmu 20 d
 8.49085e-06 1.4245e-05 0.751736 1.2539 5.86646e-06 1.74122e-05 0.0726323 0.141242 0 0
 0 0 0 0 0 0 0 0 0 0
rmsmmqobij 20 d
 0.0726323 0.141242 0.306011 0.637065 0.207021 0.56047 0 0 0 0
 0 0 0 0 0 0 0 0 0 0
ITER 1 i 49
u1ave 1 d 1.01938
dpdx 1 d -0.00418178
zrotation 1 d 0.101939
rmsmmu 20 d
 7.3063e-06 1.22212e-05 0.75173 1.25389 5.69721e-06 1.68984e-05 0.0726314 0.141243 0 0
 0 0 0 0 0 0 0 0 0 0
rmsmmqobij 20 d
 0.0726314 0.141243 0.306012 0.637065 0.207024 0.560434 0 0 0 0
 0 0 0 0 0 0 0 0 0 0
ITER 1 i 50
u1ave 1 d 1.01937
dpdx 1 d -0.00418178
zrotation 1 d 0.101938
rmsmmu 20 d
 6.21677e-06 1.04321e-05 0.751724 1.25388 5.24935e-06 1.57793e-05 0.0726306 0.141243 0 0
 0 0 0 0 0 0 0 0 0 0
rmsmmqobij 20 d
 0.0726306 0.141243 0.306014 0.637069 0.207026 0.560398 0 0 0 0
 0 0 0 0 0 0 0 0 0 0
ITER 1 i 51
u1ave 1 d 1.01937
dpdx 1 d -0.00418178
zrotation 1 d 0.101938
rmsmmu 20 d
 5.22012e-06 8.86354e-06 0.751719 1.25388 5.24906e-06 1.54773e-05 0.0726297 0.141244 0 0
 0 0 0 0 0 0 0 0 0 0
rmsmmqobij 20 d
 0.0726297 0.141244 0.306016 0.637074 0.207028 0.560364 0 0 0 0
 0 0 0 0 0 0 0 0 0 0
ITER 1 i 52
u1ave 1 d 1.01936
dpdx 1 d -0.00418178
zrotation 1 d 0.101937
rmsmmu 20 d
 4.13758e-06 6.81201e-06 0.751716 1.25388 5.05521e-06 1.49607e-05 0.072629 0.141244 0 0
 0 0 0 0 0 0 0 0 0 0
rmsmmqobij 20 d
 0.072629 0.141244 0.306018 0.637081 0.20703 0.560332 0 0 0 0
 0 0 0 0 0 0 0 0 0 0
ITER 1 i 53
u1ave 1 d 1.01936
dpdx 1 d -0.00418178
zrotation 1 d 0.101936
rmsmmu 20 d
 3.51833e-06 5.86733e-06 0.751714 1.25388 4.75972e-06 1.40848e-05 0.0726283 0.141245 0 0
 0 0 0 0 0 0 0 0 0 0
rmsmmqobij 20 d
 0.0726283 0.141245 0.306021 0.63709 0.207032 0.5603 0 0 0 0
 0 0 0 0 0 0 0 0 0 0
ITER 1 i 54
u1ave 1 d 1.01936
dpdx 1 d -0.00418178
zrotation 1 d 0.101936
rmsmmu 20 d
 2.90482e-06 5.33125e-06 0.751712 1.25388 4.40665e-06 1.30291e-05 0.0726276 0.141245 0 0
 0 0 0 0 0 0 0 0 0 0
rmsmmqobij 20 d
 0.0726276 0.141245 0.306024 0.637099 0.207033 0.56027 0 0 0 0
 0 0 0 0 0 0 0 0 0 0
ITER 1 i 55
u1ave 1 d 1.01936
dpdx 1 d -0.00418178
zrotation 1 d 0.101936
rmsmmu 20 d
 2.64396e-06 4.78985e-06 0.75171 1.25388 4.00611e-06 1.18503e-05 0.072627 0.141245 0 0
 0 0 0 0 0 0 0 0 0 0
rmsmmqobij 20 d
 0.072627 0.141245 0.306027 0.637109 0.207035 0.560241 0 0 0 0
 0 0 0 0 0 0 0 0 0 0
ITER 1 i 56
u1ave 1 d 1.01935
dpdx 1 d -0.00418178
zrotation 1 d 0.101936
rmsmmu 20 d
 2.19237e-06 4.37314e-06 0.751709 1.25388 3.62999e-06 1.07319e-05 0.0726265 0.141246 0 0
 0 0 0 0 0 0 0 0 0 0
rmsmmqobij 20 d
 0.0726265 0.141246 0.30603 0.637119 0.207036 0.560213 0 0 0 0
 0 0 0 0 0 0 0 0 0 0
ITER 1 i 57
u1ave 1 d 1.01935
dpdx 1 d -0.00418178
zrotation 1 d 0.101935
rmsmmu 20 d
 1.9536e-06 4.6064e-06 0.751709 1.25388 3.27815e-06 9.71275e-06 0.0726261 0.141246 0 0
 0 0 0 0 0 0 0 0 0 0
rmsmmqobij 20 d
 0.0726261 0.141246 0.306033 0.637129 0.207037 0.560186 0 0 0 0
 0 0 0 0 0 0 0 0 0 0
ITER 1 i 58
u1ave 1 d 1.01935
dpdx 1 d -0.00418178
zrotation 1 d 0.101935
rmsmmu 20 d
 1.76905e-06 5.0671e-06 0.751709 1.25389 2.94063e-06 8.74349e-06 0.0726257 0.141246 0 0
 0 0 0 0 0 0 0 0 0 0
rmsmmqobij 20 d
 0.0726257 0.141246 0.306035 0.637139 0.207038 0.56016 0 0 0 0
 0 0 0 0 0 0 0 0 0 0
ITER 1 i 59
u1ave 1 d 1.01935
dpdx 1 d -0.00418178
zrotation 1 d 0.101935
rmsmmu 20 d
 1.63947e-06 4.97899e-06 0.751709 1.25389 2.61497e-06 7.80711e-06 0.0726254 0.141247 0 0
 0 0 0 0 0 0 0 0 0 0
rmsmmqobij 20 d
 0.0726254 0.141247 0.306038 0.637148 0.207038 0.560135 0 0 0 0
 0 0 0 0 0 0 0 0 0 0
ITER 1 i 60
u1ave 1 d 1.01935
dpdx 1 d -0.00418178
zrotation 1 d 0.101935
rmsmmu 20 d
 1.54588e-06 5.01554e-06 0.751709 1.25389 2.3013e-06 6.89757e-06 0.0726251 0.141247 0 0
 0 0 0 0 0 0 0 0 0 0
rmsmmqobij 20 d
 0.0726251 0.141247 0.306041 0.637157 0.207039 0.560111 0 0 0 0
 0 0 0 0 0 0 0 0 0 0
ITER 1 i 61
u1ave 1 d 1.01935
dpdx 1 d -0.00418178
zrotation 1 d 0.101935
rmsmmu 20 d
 1.42628e-06 4.72953e-06 0.751709 1.25389 2.00136e-06 6.0243e-06 0.0726249 0.141247 0 0
 0 0 0 0 0 0 0 0 0 0
rmsmmqobij 20 d
 0.0726249 0.141247 0.306043 0.637165 0.20704 0.560087 0 0 0 0
 0 0 0 0 0 0 0 0 0 0
ITER 1 i 62
u1ave 1 d 1.01936
dpdx 1 d -0.00418178
zrotation 1 d 0.101935
rmsmmu 20 d
 1.33143e-06 4.51804e-06 0.75171 1.2539 1.71726e-06 5.19062e-06 0.0726247 0.141247 0 0
 0 0 0 0 0 0 0 0 0 0
rmsmmqobij 20 d
 0.0726247 0.141247 0.306045 0.637173 0.20704 0.560065 0 0 0 0
 0 0 0 0 0 0 0 0 0 0
ITER 1 i 63
u1ave 1 d 1.01936
dpdx 1 d -0.00418178
zrotation 1 d 0.101936
rmsmmu 20 d
 1.20256e-06 4.12093e-06 0.75171 1.2539 1.45095e-06 4.40558e-06 0.0726246 0.141247 0 0
 0 0 0 0 0 0 0 0 0 0
rmsmmqobij 20 d
 0.0726246 0.141247 0.306047 0.63718 0.207041 0.560043 0 0 0 0
 0 0 0 0 0 0 0 0 0 0
ITER 1 i 64
u1ave 1 d 1.01936
dpdx 1 d -0.00418178
zrotation 1 d 0.101936
rmsmmu 20 d
 1.08951e-06 3.76895e-06 0.751711 1.2539 1.2041e-06 3.67238e-06 0.0726245 0.141248 0 0
 0 0 0 0 0 0 0 0 0 0
rmsmmqobij 20 d
 0.0726245 0.141248 0.306049 0.637187 0.207041 0.560022 0 0 0 0
 0 0 0 0 0 0 0 0 0 0
ITER 1 i 65
u1ave 1 d 1.01936
dpdx 1 d -0.00418178
zrotation 1 d 0.101936
rmsmmu 20 d
 9.55803e-07 3.31829e-06 0.751711 1.2539 9.77742e-07 2.99597e-06 0.0726244 0.141248 0 0
 0 0 0 0 0 0 0 0 0 0
rmsmmqobij 20 d
 0.0726244 0.141248 0.306051 0.637193 0.207042 0.560001 0 0 0 0
 0 0 0 0 0 0 0 0 0 0
ITER 1 i 66
u1ave 1 d 1.01936
dpdx 1 d -0.00418178
zrotation 1 d 0.101936
rmsmmu 20 d
 8.37578e-07 2.91007e-06 0.751711 1.2539 7.72697e-07 2.3772e-06 0.0726244 0.141248 0 0
 0 0 0 0 0 0 0 0 0 0
rmsmmqobij 20 d
 0.0726244 0.141248 0.306053 0.637199 0.207042 0.559982 0 0 0 0
 0 0 0 0 0 0 0 0 0 0
ITER 1 i 67
u1ave 1 d 1.01936
dpdx 1 d -0.00418178
zrotation 1 d 0.101936
rmsmmu 20 d
 7.17481e-07 2.4614e-06 0.751711 1.25391 5.85875e-07 1.80556e-06 0.0726244 0.141248 0 0
 0 0 0 0 0 0 0 0 0 0
rmsmmqobij 20 d
 0.0726244 0.141248 0.306055 0.637204 0.207042 0.559963 0 0 0 0
 0 0 0 0 0 0 0 0 0 0
ITER 1 i 68
u1ave 1 d 1.01936
dpdx 1 d -0.00418178
zrotation 1 d 0.101936
rmsmmu 20 d
 6.15369e-07 2.04672e-06 0.751711 1.25391 4.25077e-07 1.30659e-06 0.0726244 0.141248 0 0
 0 0 0 0 0 0 0 0 0 0
rmsmmqobij 20 d
 0.0726244 0.141248 0.306056 0.637208 0.207043 0.559944 0 0 0 0
 0 0 0 0 0 0 0 0 0 0
ITER 1 i 69
u1ave 1 d 1.01936
dpdx 1 d -0.00418178
zrotation 1 d 0.101936
rmsmmu 20 d
 5.31886e-07 1.63635e-06 0.751711 1.25391 2.90001e-07 9.14027e-07 0.0726245 0.141248 0 0
 0 0 0 0 0 0 0 0 0 0
rmsmmqobij 20 d
 0.0726245 0.141248 0.306058 0.637212 0.207043 0.559927 0 0 0 0
 0 0 0 0 0 0 0 0 0 0
ITER 1 i 70
u1ave 1 d 1.01936
dpdx 1 d -0.00418178
zrotation 1 d 0.101936
rmsmmu 20 d
 4.74703e-07 1.26406e-06 0.751711 1.25391 1.86383e-07 5.67198e-07 0.0726245 0.141248 0 0
 0 0 0 0 0 0 0 0 0 0
rmsmmqobij 20 d
 0.0726245 0.141248 0.306059 0.637216 0.207044 0.559909 0 0 0 0
 0 0 0 0 0 0 0 0 0 0
ITER 1 i 71
u1ave 1 d 1.01936
dpdx 1 d -0.00418178
zrotation 1 d 0.101936
rmsmmu 20 d
 4.46339e-07 1.05515e-06 0.751711 1.25391 1.34546e-07 3.79077e-07 0.0726246 0.141248 0 0
 0 0 0 0 0 0 0 0 0 0
rmsmmqobij 20 d
 0.0726246 0.141248 0.30606 0.637219 0.207044 0.559893 0 0 0 0
 0 0 0 0 0 0 0 0 0 0
ITER 1 i 72
u1ave 1 d 1.01936
dpdx 1 d -0.00418178
zrotation 1 d 0.101936
rmsmmu 20 d
 4.42741e-07 1.07602e-06 0.751711 1.25391 1.50542e-07 3.76859e-07 0.0726247 0.141248 0 0
 0 0 0 0 0 0 0 0 0 0
rmsmmqobij 20 d
 0.0726247 0.141248 0.306061 0.637222 0.207045 0.559877 0 0 0 0
 0 0 0 0 0 0 0 0 0 0
ITER 1 i 73
u1ave 1 d 1.01936
dpdx 1 d -0.00418178
zrotation 1 d 0.101936
rmsmmu 20 d
 4.5873e-07 1.09225e-06 0.75171 1.25391 1.98326e-07 5.31779e-07 0.0726248 0.141248 0 0
 0 0 0 0 0 0 0 0 0 0
rmsmmqobij 20 d
 0.0726248 0.141248 0.306062 0.637224 0.207045 0.559862 0 0 0 0
 0 0 0 0 0 0 0 0 0 0
ITER 1 i 74
u1ave 1 d 1.01936
dpdx 1 d -0.00418178
zrotation 1 d 0.101936
rmsmmu 20 d
 4.82854e-07 1.12885e-06 0.75171 1.25391 2.47574e-07 7.13238e-07 0.0726249 0.141248 0 0
 0 0 0 0 0 0 0 0 0 0
rmsmmqobij 20 d
 0.0726249 0.141248 0.306063 0.637226 0.207046 0.559847 0 0 0 0
 0 0 0 0 0 0 0 0 0 0
ITER 1 i 75
u1ave 1 d 1.01936
dpdx 1 d -0.00418178
zrotation 1 d 0.101936
rmsmmu 20 d
 5.10997e-07 1.17505e-06 0.75171 1.25391 2.89259e-07 8.54288e-07 0.0726249 0.141248 0 0
 0 0 0 0 0 0 0 0 0 0
rmsmmqobij 20 d
 0.0726249 0.141248 0.306064 0.637228 0.207046 0.559832 0 0 0 0
 0 0 0 0 0 0 0 0 0 0
ITER 1 i 76
u1ave 1 d 1.01935
dpdx 1 d -0.00418178
zrotation 1 d 0.101936
rmsmmu 20 d
 5.36163e-07 1.20345e-06 0.751709 1.25391 3.21361e-07 9.58732e-07 0.072625 0.141248 0 0
 0 0 0 0 0 0 0 0 0 0
rmsmmqobij 20 d
 0.072625 0.141248 0.306065 0.63723 0.207047 0.559818 0 0 0 0
 0 0 0 0 0 0 0 0 0 0
ITER 1 i 77
u1ave 1 d 1.01935
dpdx 1 d -0.00418178
zrotation 1 d 0.101935
rmsmmu 20 d
 5.57772e-07 1.21974e-06 0.751708 1.25391 3.43853e-07 1.03032e-06 0.0726251 0.141248 0 0
 0 0 0 0 0 0 0 0 0 0
rmsmmqobij 20 d
 0.0726251 0.141248 0.306066 0.637232 0.207048 0.559805 0 0 0 0
 0 0 0 0 0 0 0 0 0 0
ITER 1 i 78
u1ave 1 d 1.01935
dpdx 1 d -0.00418178
zrotation 1 d 0.101935
rmsmmu 20 d
 5.73004e-07 1.22154e-06 0.751708 1.2539 3.57397e-07 1.07283e-06 0.0726252 0.141248 0 0
 0 0 0 0 0 0 0 0 0 0
rmsmmqobij 20 d
 0.0726252 0.141248 0.306067 0.637233 0.207048 0.559792 0 0 0 0
 0 0 0 0 0 0 0 0 0 0
ITER 1 i 79
u1ave 1 d 1.01935
dpdx 1 d -0.00418178
zrotation 1 d 0.101935
rmsmmu 20 d
 5.82641e-07 1.213e-06 0.751707 1.2539 3.62895e-07 1.08986e-06 0.0726253 0.141248 0 0
 0 0 0 0 0 0 0 0 0 0
rmsmmqobij 20 d
 0.0726253 0.141248 0.306068 0.637234 0.207049 0.559779 0 0 0 0
 0 0 0 0 0 0 0 0 0 0
ITER 1 i 80
u1ave 1 d 1.01935
dpdx 1 d -0.00418178
zrotation 1 d 0.101935
rmsmmu 20 d
 5.85838e-07 1.19349e-06 0.751707 1.2539 3.61332e-07 1.0849e-06 0.0726254 0.141248 0 0
 0 0 0 0 0 0 0 0 0 0
rmsmmqobij 20 d
 0.0726254 0.141248 0.306068 0.637235 0.20705 0.559767 0 0 0 0
 0 0 0 0 0 0 0 0 0 0
ITER 1 i 81
u1ave 1 d 1.01935
dpdx 1 d -0.00418178
zrotation 1 d 0.101935
rmsmmu 20 d
 5.83733e-07 1.16616e-06 0.751706 1.2539 3.53699e-07 1.06124e-06 0.0726255 0.141248 0 0
 0 0 0 0 0 0 0 0 0 0
rmsmmqobij 20 d
 0.0726255 0.141248 0.306069 0.637236 0.207051 0.559756 0 0 0 0
 0 0 0 0 0 0 0 0 0 0
ITER 1 i 82
u1ave 1 d 1.01935
dpdx 1 d -0.00418178
zrotation 1 d 0.101935
rmsmmu 20 d
 5.76353e-07 1.1313e-06 0.751706 1.2539 3.40962e-07 1.02197e-06 0.0726255 0.141248 0 0
 0 0 0 0 0 0 0 0 0 0
rmsmmqobij 20 d
 0.0726255 0.141248 0.30607 0.637237 0.207051 0.559744 0 0 0 0
 0 0 0 0 0 0 0 0 0 0
ITER 1 i 83
u1ave 1 d 1.01935
dpdx 1 d -0.00418178
zrotation 1 d 0.101935
rmsmmu 20 d
 5.64815e-07 1.0913e-06 0.751705 1.2539 3.24035e-07 9.69955e-07 0.0726256 0.141248 0 0
 0 0 0 0 0 0 0 0 0 0
rmsmmqobij 20 d
 0.0726256 0.141248 0.30607 0.637238 0.207052 0.559733 0 0 0 0
 0 0 0 0 0 0 0 0 0 0
ITER 1 i 84
u1ave 1 d 1.01935
dpdx 1 d -0.00418178
zrotation 1 d 0.101935
rmsmmu 20 d
 5.49501e-07 1.04682e-06 0.751705 1.2539 3.0377e-07 9.07851e-07 0.0726257 0.141248 0 0
 0 0 0 0 0 0 0 0 0 0
rmsmmqobij 20 d
 0.0726257 0.141248 0.306071 0.637239 0.207053 0.559723 0 0 0 0
 0 0 0 0 0 0 0 0 0 0
ITER 1 i 85
u1ave 1 d 1.01935
dpdx 1 d -0.00418178
zrotation 1 d 0.101935
rmsmmu 20 d
 5.3137e-07 1.01023e-06 0.751704 1.2539 2.80954e-07 8.38063e-07 0.0726257 0.141248 0 0
 0 0 0 0 0 0 0 0 0 0
rmsmmqobij 20 d
 0.0726257 0.141248 0.306071 0.63724 0.207054 0.559713 0 0 0 0
 0 0 0 0 0 0 0 0 0 0
ITER 1 i 86
u1ave 1 d 1.01935
dpdx 1 d -0.00418178
zrotation 1 d 0.101935
rmsmmu 20 d
 5.10904e-07 9.87068e-07 0.751704 1.2539 2.56304e-07 7.62775e-07 0.0726258 0.141247 0 0
 0 0 0 0 0 0 0 0 0 0
rmsmmqobij 20 d
 0.0726258 0.141247 0.306072 0.63724 0.207055 0.559703 0 0 0 0
 0 0 0 0 0 0 0 0 0 0
ITER 1 i 87
u1ave 1 d 1.01935
dpdx 1 d -0.00418178
zrotation 1 d 0.101935
rmsmmu 20 d
 4.88874e-07 9.55638e-07 0.751703 1.2539 2.30462e-07 6.87845e-07 0.0726258 0.141247 0 0
 0 0 0 0 0 0 0 0 0 0
rmsmmqobij 20 d
 0.0726258 0.141247 0.306072 0.637241 0.207056 0.559693 0 0 0 0
 0 0 0 0 0 0 0 0 0 0
ITER 1 i 88
u1ave 1 d 1.01935
dpdx 1 d -0.00418178
zrotation 1 d 0.101935
rmsmmu 20 d
 4.65734e-07 9.1749e-07 0.751703 1.2539 2.04003e-07 6.12396e-07 0.0726258 0.141247 0 0
 0 0 0 0 0 0 0 0 0 0
rmsmmqobij 20 d
 0.0726258 0.141247 0.306073 0.637241 0.207057 0.559684 0 0 0 0
 0 0 0 0 0 0 0 0 0 0
ITER 1 i 89
u1ave 1 d 1.01935
dpdx 1 d -0.00418178
zrotation 1 d 0.101935
rmsmmu 20 d
 4.42069e-07 8.74398e-07 0.751702 1.2539 1.77432e-07 5.35858e-07 0.0726259 0.141247 0 0
 0 0 0 0 0 0 0 0 0 0
rmsmmqobij 20 d
 0.0726259 0.141247 0.306073 0.637242 0.207058 0.559675 0 0 0 0
 0 0 0 0 0 0 0 0 0 0
ITER 1 i 90
u1ave 1 d 1.01935
dpdx 1 d -0.00418178
zrotation 1 d 0.101935
rmsmmu 20 d
 4.18249e-07 8.27643e-07 0.751702 1.2539 1.51194e-07 4.5956e-07 0.0726259 0.141247 0 0
 0 0 0 0 0 0 0 0 0 0
rmsmmqobij 20 d
 0.0726259 0.141247 0.306074 0.637243 0.207058 0.559667 0 0 0 0
 0 0 0 0 0 0 0 0 0 0
ITER 1 i 91
u1ave 1 d 1.01934
dpdx 1 d -0.00418178
zrotation 1 d 0.101935
rmsmmu 20 d
 3.94693e-07 7.78572e-07 0.751702 1.2539 1.25676e-07 3.84638e-07 0.0726259 0.141247 0 0
 0 0 0 0 0 0 0 0 0 0
rmsmmqobij 20 d
 0.0726259 0.141247 0.306074 0.637243 0.207059 0.559659 0 0 0 0
 0 0 0 0 0 0 0 0 0 0
ITER 1 i 92
u1ave 1 d 1.01934
dpdx 1 d -0.00418178
zrotation 1 d 0.101934
rmsmmu 20 d
 3.71671e-07 7.28181e-07 0.751701 1.25389 1.01227e-07 3.12043e-07 0.0726259 0.141247 0 0
 0 0 0 0 0 0 0 0 0 0
rmsmmqobij 20 d
 0.0726259 0.141247 0.306074 0.637244 0.20706 0.559651 0 0 0 0
 0 0 0 0 0 0 0 0 0 0
ITER 1 i 93
u1ave 1 d 1.01934
dpdx 1 d -0.00418178
zrotation 1 d 0.101934
rmsmmu 20 d
 3.4946e-07 6.77447e-07 0.751701 1.25389 7.81849e-08 2.42556e-07 0.0726259 0.141247 0 0
 0 0 0 0 0 0 0 0 0 0
rmsmmqobij 20 d
 0.0726259 0.141247 0.306075 0.637244 0.207061 0.559643 0 0 0 0
 0 0 0 0 0 0 0 0 0 0
ITER 1 i 94
u1ave 1 d 1.01934
dpdx 1 d -0.00418178
zrotation 1 d 0.101934
rmsmmu 20 d
 3.2823e-07 6.27097e-07 0.751701 1.25389 5.69532e-08 1.76801e-07 0.072626 0.141247 0 0
 0 0 0 0 0 0 0 0 0 0
rmsmmqobij 20 d
 0.072626 0.141247 0.306075 0.637244 0.207062 0.559636 0 0 0 0
 0 0 0 0 0 0 0 0 0 0
ITER 1 i 95
u1ave 1 d 1.01934
dpdx 1 d -0.00418178
zrotation 1 d 0.101934
rmsmmu 20 d
 3.08143e-07 5.77804e-07 0.7517 1.25389 3.82578e-08 1.15363e-07 0.072626 0.141247 0 0
 0 0 0 0 0 0 0 0 0 0
rmsmmqobij 20 d
 0.072626 0.141247 0.306075 0.637245 0.207063 0.559629 0 0 0 0
 0 0 0 0 0 0 0 0 0 0
ITER 1 i 96
u1ave 1 d 1.01934
dpdx 1 d -0.00418178
zrotation 1 d 0.101934
rmsmmu 20 d
 2.89283e-07 5.30056e-07 0.7517 1.25389 2.41916e-08 6.65747e-08 0.072626 0.141247 0 0
 0 0 0 0 0 0 0 0 0 0
rmsmmqobij 20 d
 0.072626 0.141247 0.306076 0.637245 0.207064 0.559622 0 0 0 0
 0 0 0 0 0 0 0 0 0 0
ITER 1 i 97
u1ave 1 d 1.01934
dpdx 1 d -0.00418178
zrotation 1 d 0.101934
rmsmmu 20 d
 2.71719e-07 4.96105e-07 0.7517 1.25389 2.05141e-08 5.39393e-08 0.072626 0.141247 0 0
 0 0 0 0 0 0 0 0 0 0
rmsmmqobij 20 d
 0.072626 0.141247 0.306076 0.637246 0.207065 0.559615 0 0 0 0
 0 0 0 0 0 0 0 0 0 0
ITER 1 i 98
u1ave 1 d 1.01934
dpdx 1 d -0.00418178
zrotation 1 d 0.101934
rmsmmu 20 d
 2.55465e-07 4.71975e-07 0.7517 1.25389 2.8146e-08 7.45182e-08 0.0726259 0.141247 0 0
 0 0 0 0 0 0 0 0 0 0
rmsmmqobij 20 d
 0.0726259 0.141247 0.306076 0.637246 0.207066 0.559608 0 0 0 0
 0 0 0 0 0 0 0 0 0 0
ITER 1 i 99
u1ave 1 d 1.01934
dpdx 1 d -0.00418178
zrotation 1 d 0.101934
rmsmmu 20 d
 2.40518e-07 4.49524e-07 0.751699 1.25389 3.92048e-08 1.11157e-07 0.0726259 0.141247 0 0
 0 0 0 0 0 0 0 0 0 0
rmsmmqobij 20 d
 0.0726259 0.141247 0.306076 0.637247 0.207067 0.559602 0 0 0 0
 0 0 0 0 0 0 0 0 0 0
ITER 1 i 100
u1ave 1 d 1.01934
dpdx 1 d -0.00418178
zrotation 1 d 0.101934
rmsmmu 20 d
 2.2684e-07 4.28681e-07 0.751699 1.25389 5.01311e-08 1.4798e-07 0.0726259 0.141247 0 0
 0 0 0 0 0 0 0 0 0 0
rmsmmqobij 20 d
 0.0726259 0.141247 0.306077 0.637247 0.207068 0.559596 0 0 0 0
 0 0 0 0 0 0 0 0 0 0
ITER 1 i 101
u1ave 1 d 1.01934
dpdx 1 d -0.00418178
zrotation 1 d 0.101934
rmsmmu 20 d
 2.14377e-07 4.09358e-07 0.751699 1.25389 6.00063e-08 1.79818e-07 0.0726259 0.141247 0 0
 0 0 0 0 0 0 0 0 0 0
rmsmmqobij 20 d
 0.0726259 0.141247 0.306077 0.637248 0.207069 0.559591 0 0 0 0
 0 0 0 0 0 0 0 0 0 0
ITER 1 i 102
u1ave 1 d 1.01934
dpdx 1 d -0.00418178
zrotation 1 d 0.101934
rmsmmu 20 d
 2.03053e-07 3.9146e-07 0.751699 1.25389 6.8579e-08 2.06874e-07 0.0726259 0.141247 0 0
 0 0 0 0 0 0 0 0 0 0
rmsmmqobij 20 d
 0.0726259 0.141247 0.306077 0.637248 0.20707 0.559585 0 0 0 0
 0 0 0 0 0 0 0 0 0 0
ITER 1 i 103
u1ave 1 d 1.01934
dpdx 1 d -0.00418178
zrotation 1 d 0.101934
rmsmmu 20 d
 1.92786e-07 3.74884e-07 0.751699 1.25389 7.57994e-08 2.29389e-07 0.0726259 0.141247 0 0
 0 0 0 0 0 0 0 0 0 0
rmsmmqobij 20 d
 0.0726259 0.141247 0.306077 0.637248 0.207071 0.55958 0 0 0 0
 0 0 0 0 0 0 0 0 0 0
ITER 1 i 104
u1ave 1 d 1.01934
dpdx 1 d -0.00418178
zrotation 1 d 0.101934
rmsmmu 20 d
 1.83481e-07 3.59525e-07 0.751698 1.25389 8.16958e-08 2.47638e-07 0.0726259 0.141247 0 0
 0 0 0 0 0 0 0 0 0 0
rmsmmqobij 20 d
 0.0726259 0.141247 0.306078 0.637249 0.207072 0.559574 0 0 0 0
 0 0 0 0 0 0 0 0 0 0
ITER 1 i 105
u1ave 1 d 1.01934
dpdx 1 d -0.00418178
zrotation 1 d 0.101934
rmsmmu 20 d
 1.75044e-07 3.4528e-07 0.751698 1.25389 8.63332e-08 2.6192e-07 0.0726259 0.141247 0 0
 0 0 0 0 0 0 0 0 0 0
rmsmmqobij 20 d
 0.0726259 0.141247 0.306078 0.637249 0.207073 0.559569 0 0 0 0
 0 0 0 0 0 0 0 0 0 0
ITER 1 i 106
u1ave 1 d 1.01934
dpdx 1 d -0.00418178
zrotation 1 d 0.101934
rmsmmu 20 d
 1.67376e-07 3.32044e-07 0.751698 1.25389 8.97961e-08 2.7255e-07 0.0726259 0.141247 0 0
 0 0 0 0 0 0 0 0 0 0
rmsmmqobij 20 d
 0.0726259 0.141247 0.306078 0.63725 0.207074 0.559564 0 0 0 0
 0 0 0 0 0 0 0 0 0 0
ITER 1 i 107
u1ave 1 d 1.01934
dpdx 1 d -0.00418178
zrotation 1 d 0.101934
rmsmmu 20 d
 1.60384e-07 3.19721e-07 0.751698 1.25389 9.21792e-08 2.79851e-07 0.0726259 0.141247 0 0
 0 0 0 0 0 0 0 0 0 0
rmsmmqobij 20 d
 0.0726259 0.141247 0.306078 0.63725 0.207075 0.55956 0 0 0 0
 0 0 0 0 0 0 0 0 0 0
ITER 1 i 108
u1ave 1 d 1.01934
dpdx 1 d -0.00418178
zrotation 1 d 0.101934
rmsmmu 20 d
 1.53982e-07 3.08216e-07 0.751698 1.25389 9.35827e-08 2.84151e-07 0.0726258 0.141247 0 0
 0 0 0 0 0 0 0 0 0 0
rmsmmqobij 20 d
 0.0726258 0.141247 0.306078 0.637251 0.207076 0.559555 0 0 0 0
 0 0 0 0 0 0 0 0 0 0
ITER 1 i 109
u1ave 1 d 1.01934
dpdx 1 d -0.00418178
zrotation 1 d 0.101934
rmsmmu 20 d
 1.48087e-07 2.97441e-07 0.751698 1.25389 9.41085e-08 2.85773e-07 0.0726258 0.141247 0 0
 0 0 0 0 0 0 0 0 0 0
rmsmmqobij 20 d
 0.0726258 0.141247 0.306079 0.637251 0.207077 0.559551 0 0 0 0
 0 0 0 0 0 0 0 0 0 0
ITER 1 i 110
u1ave 1 d 1.01934
dpdx 1 d -0.00418178
zrotation 1 d 0.101934
rmsmmu 20 d
 1.42628e-07 2.87315e-07 0.751697 1.25389 9.38584e-08 2.85037e-07 0.0726258 0.141247 0 0
 0 0 0 0 0 0 0 0 0 0
rmsmmqobij 20 d
 0.0726258 0.141247 0.306079 0.637251 0.207077 0.559547 0 0 0 0
 0 0 0 0 0 0 0 0 0 0
ITER 1 i 111
u1ave 1 d 1.01934
dpdx 1 d -0.00418178
zrotation 1 d 0.101934
rmsmmu 20 d
 1.3754e-07 2.77765e-07 0.751697 1.25389 9.29316e-08 2.82249e-07 0.0726258 0.141247 0 0
 0 0 0 0 0 0 0 0 0 0
rmsmmqobij 20 d
 0.0726258 0.141247 0.306079 0.637252 0.207078 0.559543 0 0 0 0
 0 0 0 0 0 0 0 0 0 0
ITER 1 i 112
u1ave 1 d 1.01934
dpdx 1 d -0.00418178
zrotation 1 d 0.101934
rmsmmu 20 d
 1.32769e-07 2.68722e-07 0.751697 1.25389 9.14239e-08 2.77705e-07 0.0726258 0.141247 0 0
 0 0 0 0 0 0 0 0 0 0
rmsmmqobij 20 d
 0.0726258 0.141247 0.306079 0.637252 0.207079 0.559539 0 0 0 0
 0 0 0 0 0 0 0 0 0 0
ITER 1 i 113
u1ave 1 d 1.01934
dpdx 1 d -0.00418178
zrotation 1 d 0.101934
rmsmmu 20 d
 1.28268e-07 2.60127e-07 0.751697 1.25389 8.94265e-08 2.71683e-07 0.0726258 0.141247 0 0
 0 0 0 0 0 0 0 0 0 0
rmsmmqobij 20 d
 0.0726258 0.141247 0.306079 0.637253 0.20708 0.559535 0 0 0 0
 0 0 0 0 0 0 0 0 0 0
ITER 1 i 114
u1ave 1 d 1.01934
dpdx 1 d -0.00418178
zrotation 1 d 0.101934
rmsmmu 20 d
 1.23998e-07 2.51926e-07 0.751697 1.25389 8.70249e-08 2.64444e-07 0.0726258 0.141247 0 0
 0 0 0 0 0 0 0 0 0 0
rmsmmqobij 20 d
 0.0726258 0.141247 0.306079 0.637253 0.207081 0.559531 0 0 0 0
 0 0 0 0 0 0 0 0 0 0
ITER 1 i 115
u1ave 1 d 1.01934
dpdx 1 d -0.00418178
zrotation 1 d 0.101934
rmsmmu 20 d
 1.19927e-07 2.44073e-07 0.751697 1.25389 8.42991e-08 2.56231e-07 0.0726258 0.141247 0 0
 0 0 0 0 0 0 0 0 0 0
rmsmmqobij 20 d
 0.0726258 0.141247 0.30608 0.637253 0.207082 0.559528 0 0 0 0
 0 0 0 0 0 0 0 0 0 0
ITER 1 i 116
u1ave 1 d 1.01934
dpdx 1 d -0.00418178
zrotation 1 d 0.101934
rmsmmu 20 d
 1.16029e-07 2.36526e-07 0.751697 1.25389 8.13224e-08 2.47267e-07 0.0726257 0.141247 0 0
 0 0 0 0 0 0 0 0 0 0
rmsmmqobij 20 d
 0.0726257 0.141247 0.30608 0.637254 0.207082 0.559524 0 0 0 0
 0 0 0 0 0 0 0 0 0 0
ITER 1 i 117
u1ave 1 d 1.01934
dpdx 1 d -0.00418178
zrotation 1 d 0.101934
rmsmmu 20 d
 1.12282e-07 2.29251e-07 0.751697 1.25389 7.81619e-08 2.37754e-07 0.0726257 0.141247 0 0
 0 0 0 0 0 0 0 0 0 0
rmsmmqobij 20 d
 0.0726257 0.141247 0.30608 0.637254 0.207083 0.559521 0 0 0 0
 0 0 0 0 0 0 0 0 0 0
ITER 1 i 118
u1ave 1 d 1.01934
dpdx 1 d -0.00418178
zrotation 1 d 0.101934
rmsmmu 20 d
 1.0867e-07 2.22217e-07 0.751697 1.25389 7.4878e-08 2.27875e-07 0.0726257 0.141247 0 0
 0 0 0 0 0 0 0 0 0 0
rmsmmqobij 20 d
 0.0726257 0.141247 0.30608 0.637254 0.207084 0.559518 0 0 0 0
 0 0 0 0 0 0 0 0 0 0
ITER 1 i 119
u1ave 1 d 1.01934
dpdx 1 d -0.00418178
zrotation 1 d 0.101934
rmsmmu 20 d
 1.05181e-07 2.15399e-07 0.751697 1.25389 7.15245e-08 2.17791e-07 0.0726257 0.141247 0 0
 0 0 0 0 0 0 0 0 0 0
rmsmmqobij 20 d
 0.0726257 0.141247 0.30608 0.637255 0.207085 0.559515 0 0 0 0
 0 0 0 0 0 0 0 0 0 0
ITER 1 i 120
u1ave 1 d 1.01934
dpdx 1 d -0.00418178
zrotation 1 d 0.101934
rmsmmu 20 d
 1.01803e-07 2.08777e-07 0.751696 1.25389 6.81489e-08 2.07645e-07 0.0726257 0.141247 0 0
 0 0 0 0 0 0 0 0 0 0
rmsmmqobij 20 d
 0.0726257 0.141247 0.30608 0.637255 0.207086 0.559512 0 0 0 0
 0 0 0 0 0 0 0 0 0 0
ITER 1 i 121
u1ave 1 d 1.01934
dpdx 1 d -0.00418178
zrotation 1 d 0.101934
rmsmmu 20 d
 9.85287e-08 2.02332e-07 0.751696 1.25389 6.47923e-08 1.97562e-07 0.0726257 0.141247 0 0
 0 0 0 0 0 0 0 0 0 0
rmsmmqobij 20 d
 0.0726257 0.141247 0.306081 0.637255 0.207086 0.559509 0 0 0 0
 0 0 0 0 0 0 0 0 0 0
ITER 1 i 122
u1ave 1 d 1.01934
dpdx 1 d -0.00418178
zrotation 1 d 0.101934
rmsmmu 20 d
 9.53513e-08 1.96051e-07 0.751696 1.25389 6.14903e-08 1.87647e-07 0.0726257 0.141247 0 0
 0 0 0 0 0 0 0 0 0 0
rmsmmqobij 20 d
 0.0726257 0.141247 0.306081 0.637256 0.207087 0.559506 0 0 0 0
 0 0 0 0 0 0 0 0 0 0
ITER 1 i 123
u1ave 1 d 1.01934
dpdx 1 d -0.00418178
zrotation 1 d 0.101934
rmsmmu 20 d
 9.22657e-08 1.89922e-07 0.751696 1.25389 5.82723e-08 1.7799e-07 0.0726257 0.141247 0 0
 0 0 0 0 0 0 0 0 0 0
rmsmmqobij 20 d
 0.0726257 0.141247 0.306081 0.637256 0.207088 0.559504 0 0 0 0
 0 0 0 0 0 0 0 0 0 0
ITER 1 i 124
u1ave 1 d 1.01934
dpdx 1 d -0.00418178
zrotation 1 d 0.101934
rmsmmu 20 d
 8.92676e-08 1.83937e-07 0.751696 1.25389 5.51629e-08 1.68663e-07 0.0726257 0.141247 0 0
 0 0 0 0 0 0 0 0 0 0
rmsmmqobij 20 d
 0.0726257 0.141247 0.306081 0.637256 0.207089 0.559501 0 0 0 0
 0 0 0 0 0 0 0 0 0 0
ITER 1 i 125
u1ave 1 d 1.01934
dpdx 1 d -0.00418178
zrotation 1 d 0.101934
rmsmmu 20 d
 8.63536e-08 1.7809e-07 0.751696 1.25389 5.21818e-08 1.59726e-07 0.0726257 0.141247 0 0
 0 0 0 0 0 0 0 0 0 0
rmsmmqobij 20 d
 0.0726257 0.141247 0.306081 0.637257 0.207089 0.559498 0 0 0 0
 0 0 0 0 0 0 0 0 0 0
ITER 1 i 126
u1ave 1 d 1.01934
dpdx 1 d -0.00418178
zrotation 1 d 0.101934
rmsmmu 20 d
 8.35204e-08 1.72374e-07 0.751696 1.25389 4.9344e-08 1.51222e-07 0.0726257 0.141247 0 0
 0 0 0 0 0 0 0 0 0 0
rmsmmqobij 20 d
 0.0726257 0.141247 0.306081 0.637257 0.20709 0.559496 0 0 0 0
 0 0 0 0 0 0 0 0 0 0
ITER 1 i 127
u1ave 1 d 1.01934
dpdx 1 d -0.00418178
zrotation 1 d 0.101934
rmsmmu 20 d
 8.07654e-08 1.66786e-07 0.751696 1.25389 4.66606e-08 1.43186e-07 0.0726257 0.141247 0 0
 0 0 0 0 0 0 0 0 0 0
rmsmmqobij 20 d
 0.0726257 0.141247 0.306081 0.637257 0.207091 0.559494 0 0 0 0
 0 0 0 0 0 0 0 0 0 0
ITER 1 i 128
u1ave 1 d 1.01934
dpdx 1 d -0.00418178
zrotation 1 d 0.101934
rmsmmu 20 d
 7.80862e-08 1.61325e-07 0.751696 1.25389 4.41391e-08 1.35638e-07 0.0726257 0.141247 0 0
 0 0 0 0 0 0 0 0 0 0
rmsmmqobij 20 d
 0.0726257 0.141247 0.306081 0.637257 0.207091 0.559492 0 0 0 0
 0 0 0 0 0 0 0 0 0 0
ITER 1 i 129
u1ave 1 d 1.01934
dpdx 1 d -0.00418178
zrotation 1 d 0.101934
rmsmmu 20 d
 7.54804e-08 1.55988e-07 0.751696 1.25389 4.17836e-08 1.28592e-07 0.0726257 0.141247 0 0
 0 0 0 0 0 0 0 0 0 0
rmsmmqobij 20 d
 0.0726257 0.141247 0.306081 0.637258 0.207092 0.559489 0 0 0 0
 0 0 0 0 0 0 0 0 0 0
ITER 1 i 130
u1ave 1 d 1.01934
dpdx 1 d -0.00418178
zrotation 1 d 0.101934
rmsmmu 20 d
 7.2946e-08 1.50774e-07 0.751696 1.25389 3.95957e-08 1.22052e-07 0.0726257 0.141247 0 0
 0 0 0 0 0 0 0 0 0 0
rmsmmqobij 20 d
 0.0726257 0.141247 0.306082 0.637258 0.207093 0.559487 0 0 0 0
 0 0 0 0 0 0 0 0 0 0
ITER 1 i 131
u1ave 1 d 1.01934
dpdx 1 d -0.00418178
zrotation 1 d 0.101934
rmsmmu 20 d
 7.0481e-08 1.45683e-07 0.751696 1.25389 3.75743e-08 1.16013e-07 0.0726257 0.141247 0 0
 0 0 0 0 0 0 0 0 0 0
rmsmmqobij 20 d
 0.0726257 0.141247 0.306082 0.637258 0.207093 0.559485 0 0 0 0
 0 0 0 0 0 0 0 0 0 0
ITER 1 i 132
u1ave 1 d 1.01934
dpdx 1 d -0.00418178
zrotation 1 d 0.101934
rmsmmu 20 d
 6.80835e-08 1.40715e-07 0.751696 1.25389 3.57161e-08 1.10466e-07 0.0726257 0.141247 0 0
 0 0 0 0 0 0 0 0 0 0
rmsmmqobij 20 d
 0.0726257 0.141247 0.306082 0.637258 0.207094 0.559483 0 0 0 0
 0 0 0 0 0 0 0 0 0 0
ITER 1 i 133
u1ave 1 d 1.01934
dpdx 1 d -0.00418178
zrotation 1 d 0.101934
rmsmmu 20 d
 6.57519e-08 1.3587e-07 0.751695 1.25389 3.40164e-08 1.05396e-07 0.0726257 0.141247 0 0
 0 0 0 0 0 0 0 0 0 0
rmsmmqobij 20 d
 0.0726257 0.141247 0.306082 0.637258 0.207095 0.559482 0 0 0 0
 0 0 0 0 0 0 0 0 0 0
ITER 1 i 134
u1ave 1 d 1.01934
dpdx 1 d -0.00418178
zrotation 1 d 0.101934
rmsmmu 20 d
 6.34844e-08 1.31149e-07 0.751695 1.25389 3.24688e-08 1.00784e-07 0.0726257 0.141247 0 0
 0 0 0 0 0 0 0 0 0 0
rmsmmqobij 20 d
 0.0726257 0.141247 0.306082 0.637259 0.207095 0.55948 0 0 0 0
 0 0 0 0 0 0 0 0 0 0
ITER 1 i 135
u1ave 1 d 1.01934
dpdx 1 d -0.00418178
zrotation 1 d 0.101934
rmsmmu 20 d
 6.12796e-08 1.2655e-07 0.751695 1.25389 3.1066e-08 9.66063e-08 0.0726256 0.141247 0 0
 0 0 0 0 0 0 0 0 0 0
rmsmmqobij 20 d
 0.0726256 0.141247 0.306082 0.637259 0.207096 0.559478 0 0 0 0
 0 0 0 0 0 0 0 0 0 0
ITER 1 i 136
u1ave 1 d 1.01934
dpdx 1 d -0.00418178
zrotation 1 d 0.101934
rmsmmu 20 d
 5.91362e-08 1.22076e-07 0.751695 1.25389 2.97997e-08 9.28383e-08 0.0726256 0.141247 0 0
 0 0 0 0 0 0 0 0 0 0
rmsmmqobij 20 d
 0.0726256 0.141247 0.306082 0.637259 0.207097 0.559476 0 0 0 0
 0 0 0 0 0 0 0 0 0 0
ITER 1 i 137
u1ave 1 d 1.01934
dpdx 1 d -0.00418178
zrotation 1 d 0.101934
rmsmmu 20 d
 5.70529e-08 1.17725e-07 0.751695 1.25389 2.8661e-08 8.94527e-08 0.0726256 0.141247 0 0
 0 0 0 0 0 0 0 0 0 0
rmsmmqobij 20 d
 0.0726256 0.141247 0.306082 0.637259 0.207097 0.559475 0 0 0 0
 0 0 0 0 0 0 0 0 0 0
ITER 1 i 138
u1ave 1 d 1.01934
dpdx 1 d -0.00418178
zrotation 1 d 0.101934
rmsmmu 20 d
 5.50285e-08 1.13498e-07 0.751695 1.25389 2.76406e-08 8.64212e-08 0.0726256 0.141247 0 0
 0 0 0 0 0 0 0 0 0 0
rmsmmqobij 20 d
 0.0726256 0.141247 0.306082 0.637259 0.207098 0.559473 0 0 0 0
 0 0 0 0 0 0 0 0 0 0
ITER 1 i 139
u1ave 1 d 1.01934
dpdx 1 d -0.00418178
zrotation 1 d 0.101934
rmsmmu 20 d
 5.30621e-08 1.09394e-07 0.751695 1.25389 2.6729e-08 8.37146e-08 0.0726256 0.141247 0 0
 0 0 0 0 0 0 0 0 0 0
rmsmmqobij 20 d
 0.0726256 0.141247 0.306082 0.63726 0.207098 0.559472 0 0 0 0
 0 0 0 0 0 0 0 0 0 0
ITER 1 i 140
u1ave 1 d 1.01934
dpdx 1 d -0.00418178
zrotation 1 d 0.101934
rmsmmu 20 d
 5.11526e-08 1.05413e-07 0.751695 1.25389 2.59167e-08 8.1304e-08 0.0726256 0.141247 0 0
 0 0 0 0 0 0 0 0 0 0
rmsmmqobij 20 d
 0.0726256 0.141247 0.306082 0.63726 0.207099 0.55947 0 0 0 0
 0 0 0 0 0 0 0 0 0 0
ITER 1 i 141
u1ave 1 d 1.01934
dpdx 1 d -0.00418178
zrotation 1 d 0.101934
rmsmmu 20 d
 4.92993e-08 1.01554e-07 0.751695 1.25389 2.51942e-08 7.91603e-08 0.0726256 0.141247 0 0
 0 0 0 0 0 0 0 0 0 0
rmsmmqobij 20 d
 0.0726256 0.141247 0.306082 0.63726 0.207099 0.559469 0 0 0 0
 0 0 0 0 0 0 0 0 0 0
ITER 1 i 142
u1ave 1 d 1.01934
dpdx 1 d -0.00418178
zrotation 1 d 0.101934
rmsmmu 20 d
 4.75013e-08 9.78161e-08 0.751695 1.25389 2.45523e-08 7.72555e-08 0.0726256 0.141247 0 0
 0 0 0 0 0 0 0 0 0 0
rmsmmqobij 20 d
 0.0726256 0.141247 0.306083 0.63726 0.2071 0.559467 0 0 0 0
 0 0 0 0 0 0 0 0 0 0
ITER 1 i 143
u1ave 1 d 1.01934
dpdx 1 d -0.00418178
zrotation 1 d 0.101934
rmsmmu 20 d
 4.57579e-08 9.4198e-08 0.751695 1.25389 2.39821e-08 7.55624e-08 0.0726256 0.141247 0 0
 0 0 0 0 0 0 0 0 0 0
rmsmmqobij 20 d
 0.0726256 0.141247 0.306083 0.63726 0.207101 0.559466 0 0 0 0
 0 0 0 0 0 0 0 0 0 0
ITER 1 i 144
u1ave 1 d 1.01934
dpdx 1 d -0.00418178
zrotation 1 d 0.101934
rmsmmu 20 d
 4.40684e-08 9.06984e-08 0.751695 1.25389 2.34749e-08 7.40549e-08 0.0726256 0.141247 0 0
 0 0 0 0 0 0 0 0 0 0
rmsmmqobij 20 d
 0.0726256 0.141247 0.306083 0.63726 0.207101 0.559465 0 0 0 0
 0 0 0 0 0 0 0 0 0 0
ITER 1 i 145
u1ave 1 d 1.01934
dpdx 1 d -0.00418178
zrotation 1 d 0.101934
rmsmmu 20 d
 4.24321e-08 8.73154e-08 0.751695 1.25389 2.30226e-08 7.27085e-08 0.0726256 0.141247 0 0
 0 0 0 0 0 0 0 0 0 0
rmsmmqobij 20 d
 0.0726256 0.141247 0.306083 0.63726 0.207102 0.559464 0 0 0 0
 0 0 0 0 0 0 0 0 0 0
ITER 1 i 146
u1ave 1 d 1.01934
dpdx 1 d -0.00418178
zrotation 1 d 0.101934
rmsmmu 20 d
 4.08482e-08 8.40474e-08 0.751695 1.25389 2.26177e-08 7.15002e-08 0.0726256 0.141247 0 0
 0 0 0 0 0 0 0 0 0 0
rmsmmqobij 20 d
 0.0726256 0.141247 0.306083 0.637261 0.207102 0.559462 0 0 0 0
 0 0 0 0 0 0 0 0 0 0
ITER 1 i 147
u1ave 1 d 1.01934
dpdx 1 d -0.00418178
zrotation 1 d 0.101934
rmsmmu 20 d
 3.93162e-08 8.08922e-08 0.751695 1.25389 2.22531e-08 7.04087e-08 0.0726256 0.141247 0 0
 0 0 0 0 0 0 0 0 0 0
rmsmmqobij 20 d
 0.0726256 0.141247 0.306083 0.637261 0.207103 0.559461 0 0 0 0
 0 0 0 0 0 0 0 0 0 0
ITER 1 i 148
u1ave 1 d 1.01934
dpdx 1 d -0.00418178
zrotation 1 d 0.101934
rmsmmu 20 d
 3.78353e-08 7.78475e-08 0.751695 1.25389 2.19222e-08 6.94143e-08 0.0726256 0.141247 0 0
 0 0 0 0 0 0 0 0 0 0
rmsmmqobij 20 d
 0.0726256 0.141247 0.306083 0.637261 0.207103 0.55946 0 0 0 0
 0 0 0 0 0 0 0 0 0 0
ITER 1 i 149
u1ave 1 d 1.01934
dpdx 1 d -0.00418178
zrotation 1 d 0.101934
rmsmmu 20 d
 3.64046e-08 7.49112e-08 0.751695 1.25389 2.1619e-08 6.84992e-08 0.0726256 0.141247 0 0
 0 0 0 0 0 0 0 0 0 0
rmsmmqobij 20 d
 0.0726256 0.141247 0.306083 0.637261 0.207104 0.559459 0 0 0 0
 0 0 0 0 0 0 0 0 0 0
ITER 1 i 150
u1ave 1 d 1.01934
dpdx 1 d -0.00418178
zrotation 1 d 0.101934
rmsmmu 20 d
 3.50234e-08 7.20805e-08 0.751695 1.25389 2.13382e-08 6.76474e-08 0.0726256 0.141247 0 0
 0 0 0 0 0 0 0 0 0 0
rmsmmqobij 20 d
 0.0726256 0.141247 0.306083 0.637261 0.207104 0.559458 0 0 0 0
 0 0 0 0 0 0 0 0 0 0
ITER 1 i 151
u1ave 1 d 1.01934
dpdx 1 d -0.00418178
zrotation 1 d 0.101934
rmsmmu 20 d
 3.36908e-08 6.93528e-08 0.751695 1.25389 2.1075e-08 6.68443e-08 0.0726256 0.141247 0 0
 0 0 0 0 0 0 0 0 0 0
rmsmmqobij 20 d
 0.0726256 0.141247 0.306083 0.637261 0.207105 0.559457 0 0 0 0
 0 0 0 0 0 0 0 0 0 0
ITER 1 i 152
u1ave 1 d 1.01934
dpdx 1 d -0.00418178
zrotation 1 d 0.101934
rmsmmu 20 d
 3.24058e-08 6.67255e-08 0.751695 1.25389 2.0825e-08 6.60775e-08 0.0726256 0.141247 0 0
 0 0 0 0 0 0 0 0 0 0
rmsmmqobij 20 d
 0.0726256 0.141247 0.306083 0.637261 0.207105 0.559456 0 0 0 0
 0 0 0 0 0 0 0 0 0 0
ITER 1 i 153
u1ave 1 d 1.01934
dpdx 1 d -0.00418178
zrotation 1 d 0.101934
rmsmmu 20 d
 3.11675e-08 6.41958e-08 0.751695 1.25389 2.05845e-08 6.53358e-08 0.0726256 0.141247 0 0
 0 0 0 0 0 0 0 0 0 0
rmsmmqobij 20 d
 0.0726256 0.141247 0.306083 0.637261 0.207106 0.559455 0 0 0 0
 0 0 0 0 0 0 0 0 0 0
ITER 1 i 154
u1ave 1 d 1.01934
dpdx 1 d -0.00418178
zrotation 1 d 0.101934
rmsmmu 20 d
 2.99749e-08 6.17607e-08 0.751695 1.25389 2.03502e-08 6.46097e-08 0.0726256 0.141247 0 0
 0 0 0 0 0 0 0 0 0 0
rmsmmqobij 20 d
 0.0726256 0.141247 0.306083 0.637261 0.207106 0.559454 0 0 0 0
 0 0 0 0 0 0 0 0 0 0
ITER 1 i 155
u1ave 1 d 1.01934
dpdx 1 d -0.00418178
zrotation 1 d 0.101934
rmsmmu 20 d
 2.88269e-08 5.94173e-08 0.751695 1.25389 2.01194e-08 6.38913e-08 0.0726256 0.141247 0 0
 0 0 0 0 0 0 0 0 0 0
rmsmmqobij 20 d
 0.0726256 0.141247 0.306083 0.637262 0.207107 0.559453 0 0 0 0
 0 0 0 0 0 0 0 0 0 0
ITER 1 i 156
u1ave 1 d 1.01934
dpdx 1 d -0.00418178
zrotation 1 d 0.101934
rmsmmu 20 d
 2.77223e-08 5.71627e-08 0.751695 1.25389 1.98898e-08 6.31737e-08 0.0726256 0.141247 0 0
 0 0 0 0 0 0 0 0 0 0
rmsmmqobij 20 d
 0.0726256 0.141247 0.306083 0.637262 0.207107 0.559453 0 0 0 0
 0 0 0 0 0 0 0 0 0 0
ITER 1 i 157
u1ave 1 d 1.01934
dpdx 1 d -0.00418178
zrotation 1 d 0.101934
rmsmmu 20 d
 2.66599e-08 5.49939e-08 0.751695 1.25389 1.96595e-08 6.24516e-08 0.0726256 0.141247 0 0
 0 0 0 0 0 0 0 0 0 0
rmsmmqobij 20 d
 0.0726256 0.141247 0.306083 0.637262 0.207108 0.559452 0 0 0 0
 0 0 0 0 0 0 0 0 0 0
ITER 1 i 158
u1ave 1 d 1.01934
dpdx 1 d -0.00418178
zrotation 1 d 0.101934
rmsmmu 20 d
 2.56386e-08 5.2908e-08 0.751695 1.25389 1.9427e-08 6.17208e-08 0.0726256 0.141247 0 0
 0 0 0 0 0 0 0 0 0 0
rmsmmqobij 20 d
 0.0726256 0.141247 0.306083 0.637262 0.207108 0.559451 0 0 0 0
 0 0 0 0 0 0 0 0 0 0
ITER 1 i 159
u1ave 1 d 1.01934
dpdx 1 d -0.00418178
zrotation 1 d 0.101934
rmsmmu 20 d
 2.4657e-08 5.09021e-08 0.751695 1.25389 1.91911e-08 6.09778e-08 0.0726256 0.141247 0 0
 0 0 0 0 0 0 0 0 0 0
rmsmmqobij 20 d
 0.0726256 0.141247 0.306083 0.637262 0.207108 0.55945 0 0 0 0
 0 0 0 0 0 0 0 0 0 0
ITER 1 i 160
u1ave 1 d 1.01934
dpdx 1 d -0.00418178
zrotation 1 d 0.101934
rmsmmu 20 d
 2.37139e-08 4.89732e-08 0.751694 1.25389 1.89509e-08 6.02205e-08 0.0726256 0.141247 0 0
 0 0 0 0 0 0 0 0 0 0
rmsmmqobij 20 d
 0.0726256 0.141247 0.306083 0.637262 0.207109 0.55945 0 0 0 0
 0 0 0 0 0 0 0 0 0 0
ITER 1 i 161
u1ave 1 d 1.01934
dpdx 1 d -0.00418178
zrotation 1 d 0.101934
rmsmmu 20 d
 2.2808e-08 4.71185e-08 0.751694 1.25389 1.87059e-08 5.94473e-08 0.0726256 0.141247 0 0
 0 0 0 0 0 0 0 0 0 0
rmsmmqobij 20 d
 0.0726256 0.141247 0.306083 0.637262 0.207109 0.559449 0 0 0 0
 0 0 0 0 0 0 0 0 0 0
ITER 1 i 162
u1ave 1 d 1.01934
dpdx 1 d -0.00418178
zrotation 1 d 0.101934
rmsmmu 20 d
 2.19379e-08 4.53352e-08 0.751694 1.25389 1.84558e-08 5.86575e-08 0.0726256 0.141247 0 0
 0 0 0 0 0 0 0 0 0 0
rmsmmqobij 20 d
 0.0726256 0.141247 0.306083 0.637262 0.20711 0.559448 0 0 0 0
 0 0 0 0 0 0 0 0 0 0
ITER 1 i 163
u1ave 1 d 1.01934
dpdx 1 d -0.00418178
zrotation 1 d 0.101934
rmsmmu 20 d
 2.11025e-08 4.36205e-08 0.751694 1.25389 1.82005e-08 5.78509e-08 0.0726256 0.141247 0 0
 0 0 0 0 0 0 0 0 0 0
rmsmmqobij 20 d
 0.0726256 0.141247 0.306083 0.637262 0.20711 0.559448 0 0 0 0
 0 0 0 0 0 0 0 0 0 0
ITER 1 i 164
u1ave 1 d 1.01934
dpdx 1 d -0.00418178
zrotation 1 d 0.101934
rmsmmu 20 d
 2.03004e-08 4.19717e-08 0.751694 1.25389 1.794e-08 5.7028e-08 0.0726256 0.141247 0 0
 0 0 0 0 0 0 0 0 0 0
rmsmmqobij 20 d
 0.0726256 0.141247 0.306083 0.637262 0.207111 0.559447 0 0 0 0
 0 0 0 0 0 0 0 0 0 0
ITER 1 i 165
u1ave 1 d 1.01934
dpdx 1 d -0.00418178
zrotation 1 d 0.101934
rmsmmu 20 d
 1.95303e-08 4.03861e-08 0.751694 1.25389 1.76745e-08 5.61895e-08 0.0726256 0.141247 0 0
 0 0 0 0 0 0 0 0 0 0
rmsmmqobij 20 d
 0.0726256 0.141247 0.306083 0.637262 0.207111 0.559446 0 0 0 0
 0 0 0 0 0 0 0 0 0 0
ITER 1 i 166
u1ave 1 d 1.01934
dpdx 1 d -0.00418178
zrotation 1 d 0.101934
rmsmmu 20 d
 1.87909e-08 3.88614e-08 0.751694 1.25389 1.74045e-08 5.53367e-08 0.0726256 0.141247 0 0
 0 0 0 0 0 0 0 0 0 0
rmsmmqobij 20 d
 0.0726256 0.141247 0.306084 0.637262 0.207111 0.559446 0 0 0 0
 0 0 0 0 0 0 0 0 0 0
ITER 1 i 167
u1ave 1 d 1.01934
dpdx 1 d -0.00418178
zrotation 1 d 0.101934
rmsmmu 20 d
 1.80811e-08 3.73949e-08 0.751694 1.25389 1.71303e-08 5.44711e-08 0.0726256 0.141247 0 0
 0 0 0 0 0 0 0 0 0 0
rmsmmqobij 20 d
 0.0726256 0.141247 0.306084 0.637262 0.207112 0.559445 0 0 0 0
 0 0 0 0 0 0 0 0 0 0
ITER 1 i 168
u1ave 1 d 1.01934
dpdx 1 d -0.00418178
zrotation 1 d 0.101934
rmsmmu 20 d
 1.73995e-08 3.59843e-08 0.751694 1.25389 1.68525e-08 5.35943e-08 0.0726256 0.141247 0 0
 0 0 0 0 0 0 0 0 0 0
rmsmmqobij 20 d
 0.0726256 0.141247 0.306084 0.637263 0.207112 0.559445 0 0 0 0
 0 0 0 0 0 0 0 0 0 0
ITER 1 i 169
u1ave 1 d 1.01934
dpdx 1 d -0.00418178
zrotation 1 d 0.101934
rmsmmu 20 d
 1.67451e-08 3.46273e-08 0.751694 1.25389 1.65717e-08 5.27083e-08 0.0726256 0.141247 0 0
 0 0 0 0 0 0 0 0 0 0
rmsmmqobij 20 d
 0.0726256 0.141247 0.306084 0.637263 0.207112 0.559444 0 0 0 0
 0 0 0 0 0 0 0 0 0 0
ITER 1 i 170
u1ave 1 d 1.01934
dpdx 1 d -0.00418178
zrotation 1 d 0.101934
rmsmmu 20 d
 1.61166e-08 3.33216e-08 0.751694 1.25389 1.62885e-08 5.18151e-08 0.0726256 0.141247 0 0
 0 0 0 0 0 0 0 0 0 0
rmsmmqobij 20 d
 0.0726256 0.141247 0.306084 0.637263 0.207113 0.559444 0 0 0 0
 0 0 0 0 0 0 0 0 0 0
ITER 1 i 171
u1ave 1 d 1.01934
dpdx 1 d -0.00418178
zrotation 1 d 0.101934
rmsmmu 20 d
 1.55131e-08 3.20653e-08 0.751694 1.25389 1.60035e-08 5.09166e-08 0.0726256 0.141247 0 0
 0 0 0 0 0 0 0 0 0 0
rmsmmqobij 20 d
 0.0726256 0.141247 0.306084 0.637263 0.207113 0.559443 0 0 0 0
 0 0 0 0 0 0 0 0 0 0
ITER 1 i 172
u1ave 1 d 1.01934
dpdx 1 d -0.00418178
zrotation 1 d 0.101934
rmsmmu 20 d
 1.49334e-08 3.08561e-08 0.751694 1.25389 1.57175e-08 5.00149e-08 0.0726256 0.141247 0 0
 0 0 0 0 0 0 0 0 0 0
rmsmmqobij 20 d
 0.0726256 0.141247 0.306084 0.637263 0.207114 0.559443 0 0 0 0
 0 0 0 0 0 0 0 0 0 0
ITER 1 i 173
u1ave 1 d 1.01934
dpdx 1 d -0.00418178
zrotation 1 d 0.101934
rmsmmu 20 d
 1.43765e-08 2.96923e-08 0.751694 1.25389 1.5431e-08 4.91121e-08 0.0726256 0.141247 0 0
 0 0 0 0 0 0 0 0 0 0
rmsmmqobij 20 d
 0.0726256 0.141247 0.306084 0.637263 0.207114 0.559442 0 0 0 0
 0 0 0 0 0 0 0 0 0 0
ITER 1 i 174
u1ave 1 d 1.01934
dpdx 1 d -0.00418178
zrotation 1 d 0.101934
rmsmmu 20 d
 1.38414e-08 2.85718e-08 0.751694 1.25389 1.51447e-08 4.82102e-08 0.0726256 0.141247 0 0
 0 0 0 0 0 0 0 0 0 0
rmsmmqobij 20 d
 0.0726256 0.141247 0.306084 0.637263 0.207114 0.559442 0 0 0 0
 0 0 0 0 0 0 0 0 0 0
ITER 1 i 175
u1ave 1 d 1.01934
dpdx 1 d -0.00418178
zrotation 1 d 0.101934
rmsmmu 20 d
 1.33272e-08 2.7493e-08 0.751694 1.25389 1.48592e-08 4.73109e-08 0.0726256 0.141247 0 0
 0 0 0 0 0 0 0 0 0 0
rmsmmqobij 20 d
 0.0726256 0.141247 0.306084 0.637263 0.207115 0.559441 0 0 0 0
 0 0 0 0 0 0 0 0 0 0
ITER 1 i 176
u1ave 1 d 1.01934
dpdx 1 d -0.00418178
zrotation 1 d 0.101934
rmsmmu 20 d
 1.28331e-08 2.64542e-08 0.751694 1.25389 1.45751e-08 4.64162e-08 0.0726256 0.141247 0 0
 0 0 0 0 0 0 0 0 0 0
rmsmmqobij 20 d
 0.0726256 0.141247 0.306084 0.637263 0.207115 0.559441 0 0 0 0
 0 0 0 0 0 0 0 0 0 0
ITER 1 i 177
u1ave 1 d 1.01934
dpdx 1 d -0.00418178
zrotation 1 d 0.101934
rmsmmu 20 d
 1.23582e-08 2.54536e-08 0.751694 1.25389 1.42929e-08 4.55277e-08 0.0726256 0.141247 0 0
 0 0 0 0 0 0 0 0 0 0
rmsmmqobij 20 d
 0.0726256 0.141247 0.306084 0.637263 0.207115 0.559441 0 0 0 0
 0 0 0 0 0 0 0 0 0 0
ITER 1 i 178
u1ave 1 d 1.01934
dpdx 1 d -0.00418178
zrotation 1 d 0.101934
rmsmmu 20 d
 1.19016e-08 2.44898e-08 0.751694 1.25389 1.40133e-08 4.4647e-08 0.0726256 0.141247 0 0
 0 0 0 0 0 0 0 0 0 0
rmsmmqobij 20 d
 0.0726256 0.141247 0.306084 0.637263 0.207116 0.55944 0 0 0 0
 0 0 0 0 0 0 0 0 0 0
ITER 1 i 179
u1ave 1 d 1.01934
dpdx 1 d -0.00418178
zrotation 1 d 0.101934
rmsmmu 20 d
 1.14627e-08 2.35614e-08 0.751694 1.25389 1.37365e-08 4.37754e-08 0.0726256 0.141247 0 0
 0 0 0 0 0 0 0 0 0 0
rmsmmqobij 20 d
 0.0726256 0.141247 0.306084 0.637263 0.207116 0.55944 0 0 0 0
 0 0 0 0 0 0 0 0 0 0
ITER 1 i 180
u1ave 1 d 1.01934
dpdx 1 d -0.00418178
zrotation 1 d 0.101934
rmsmmu 20 d
 1.10407e-08 2.26668e-08 0.751694 1.25389 1.34631e-08 4.29143e-08 0.0726256 0.141247 0 0
 0 0 0 0 0 0 0 0 0 0
rmsmmqobij 20 d
 0.0726256 0.141247 0.306084 0.637263 0.207116 0.559439 0 0 0 0
 0 0 0 0 0 0 0 0 0 0
ITER 1 i 181
u1ave 1 d 1.01934
dpdx 1 d -0.00418178
zrotation 1 d 0.101934
rmsmmu 20 d
 1.06349e-08 2.18048e-08 0.751694 1.25389 1.31933e-08 4.20648e-08 0.0726256 0.141247 0 0
 0 0 0 0 0 0 0 0 0 0
rmsmmqobij 20 d
 0.0726256 0.141247 0.306084 0.637263 0.207117 0.559439 0 0 0 0
 0 0 0 0 0 0 0 0 0 0
ITER 1 i 182
u1ave 1 d 1.01934
dpdx 1 d -0.00418178
zrotation 1 d 0.101934
rmsmmu 20 d
 1.02447e-08 2.09741e-08 0.751694 1.25389 1.29277e-08 4.12279e-08 0.0726256 0.141247 0 0
 0 0 0 0 0 0 0 0 0 0
rmsmmqobij 20 d
 0.0726256 0.141247 0.306084 0.637263 0.207117 0.559439 0 0 0 0
 0 0 0 0 0 0 0 0 0 0
ITER 1 i 183
u1ave 1 d 1.01934
dpdx 1 d -0.00418178
zrotation 1 d 0.101934
rmsmmu 20 d
 9.86941e-09 2.01735e-08 0.751694 1.25389 1.26663e-08 4.04044e-08 0.0726255 0.141247 0 0
 0 0 0 0 0 0 0 0 0 0
rmsmmqobij 20 d
 0.0726255 0.141247 0.306084 0.637263 0.207117 0.559438 0 0 0 0
 0 0 0 0 0 0 0 0 0 0
