m4d lineoutput
 10
 abcd idir y U0 U.01 U.05 U.10 U.15 U.20 U.50
-1 1 -1 0 0 0 0 0 0 0
-0.999 1 -0.999 0.0127042 0.0134613 0.0159024 0.018185 0.0186899 0.0189507 0.0177535
-0.99785 1 -0.99785 0.0272985 0.0289263 0.034175 0.0390833 0.0401685 0.040729 0.0381549
-0.99684 1 -0.99684 0.0401025 0.0424952 0.0502101 0.057425 0.0590193 0.0598426 0.0560576
-0.99536 1 -0.99536 0.0588424 0.0623561 0.0736855 0.0842804 0.0866196 0.0878267 0.0822579
-0.99319 1 -0.99319 0.0862712 0.0914289 0.108057 0.123602 0.127028 0.128792 0.120557
-0.99 1 -0.99 0.126479 0.13405 0.158446 0.181208 0.186207 0.188757 0.176351
-0.9853 1 -0.9853 0.185357 0.196453 0.232103 0.265093 0.272268 0.275814 0.256145
-0.9785 1 -0.9785 0.269045 0.285008 0.335786 0.381471 0.391138 0.395423 0.361681
-0.9684 1 -0.9684 0.386617 0.408634 0.476544 0.532872 0.543831 0.54695 0.48653
-0.9536 1 -0.9536 0.534125 0.560881 0.637578 0.690183 0.697985 0.695719 0.598783
-0.9319 1 -0.9319 0.685617 0.710924 0.774836 0.80459 0.804708 0.794486 0.66575
-0.9 1 -0.9 0.802148 0.819003 0.856619 0.864463 0.857905 0.842052 0.694593
-0.853 1 -0.853 0.877384 0.886073 0.906008 0.905337 0.894743 0.875847 0.720023
-0.785 1 -0.785 0.938449 0.94306 0.954241 0.947244 0.932668 0.911636 0.758557
-0.7 1 -0.7 0.991588 0.993526 0.99734 0.984688 0.9675 0.94609 0.806656
-0.6 1 -0.6 1.03572 1.03567 1.03393 1.01868 1.00101 0.981111 0.862198
-0.5 1 -0.5 1.06949 1.0683 1.06284 1.04639 1.02956 1.0121 0.916108
-0.4 1 -0.4 1.09612 1.09402 1.08593 1.06992 1.05504 1.04074 0.968958
-0.3 1 -0.3 1.11667 1.1143 1.10496 1.09056 1.07829 1.06752 1.02073
-0.2 1 -0.2 1.13279 1.13001 1.12082 1.10901 1.09988 1.09294 1.07167
-0.1 1 -0.1 1.14556 1.14298 1.13407 1.12573 1.12009 1.11715 1.12171
0 1 0 1.15105 1.15143 1.1455 1.14101 1.13911 1.14029 1.17039
0.1 1 0.1 1.14556 1.14941 1.15588 1.15493 1.1569 1.16224 1.21715
0.2 1 0.2 1.13279 1.13713 1.16022 1.16779 1.17367 1.18317 1.26253
0.3 1 0.3 1.11667 1.12031 1.14979 1.18058 1.19039 1.20393 1.3075
0.4 1 0.4 1.09612 1.09947 1.12565 1.19086 1.20541 1.22321 1.3495
0.5 1 0.5 1.06949 1.07191 1.09653 1.18846 1.2079 1.2301 1.3717
0.6 1 0.6 1.03572 1.03679 1.06008 1.15614 1.17742 1.20011 1.32748
0.7 1 0.7 0.991588 0.990246 1.00197 1.05541 1.07335 1.09084 1.17563
0.785 1 0.785 0.938449 0.933536 0.916753 0.874962 0.888007 0.900613 0.952242
0.853 1 0.853 0.877384 0.865655 0.796341 0.66304 0.671821 0.680177 0.70949
0.9 1 0.9 0.802148 0.778598 0.657134 0.48466 0.490957 0.496503 0.511664
0.9319 1 0.9319 0.685617 0.652706 0.513516 0.345709 0.350597 0.354855 0.364001
0.9536 1 0.9536 0.534125 0.501645 0.380369 0.242254 0.245892 0.249082 0.255515
0.9684 1 0.9684 0.386617 0.360915 0.270162 0.167835 0.170424 0.172692 0.177225
0.9785 1 0.9785 0.269045 0.250705 0.1872 0.115459 0.11726 0.11883 0.121929
0.9853 1 0.9853 0.185357 0.17267 0.128988 0.0795211 0.0807677 0.0818512 0.083957
0.99 1 0.99 0.126479 0.117828 0.0880916 0.0543699 0.055225 0.0559661 0.0573886
0.99319 1 0.99319 0.0862712 0.0803787 0.0601299 0.0371533 0.0377389 0.0382454 0.0392088
0.99536 1 0.99536 0.0588424 0.0548275 0.0410319 0.0253738 0.0257742 0.0261202 0.026774
0.99684 1 0.99684 0.0401025 0.0373682 0.027973 0.0173081 0.0175815 0.0178174 0.0182615
0.99785 1 0.99785 0.0272985 0.0254381 0.0190456 0.0117889 0.0119752 0.012136 0.0124375
0.999 1 0.999 0.0127042 0.0118389 0.00886555 0.00549001 0.00557685 0.00565171 0.00579167
1 1 1 0 0 0 0 0 0 0
