UdUm 180 d
 0 0 0.0134613 0.0134613 0.0289263 0.0289263 0.0424952 0.0424952 0.0623561 0.0623561
 0.0914289 0.0914289 0.13405 0.13405 0.196453 0.196453 0.285008 0.285008 0.408634 0.408634
 0.560881 0.560881 0.710924 0.710924 0.819003 0.819003 0.886073 0.886073 0.94306 0.94306
 0.993526 0.993526 1.03567 1.03567 1.0683 1.0683 1.09402 1.09402 1.1143 1.1143
 1.13001 1.13001 1.14298 1.14298 1.15143 1.15143 1.14941 1.14941 1.13713 1.13713
 1.12031 1.12031 1.09947 1.09947 1.07191 1.07191 1.03679 1.03679 0.990246 0.990246
 0.933536 0.933536 0.865655 0.865655 0.778598 0.778598 0.652706 0.652706 0.501645 0.501645
 0.360915 0.360915 0.250705 0.250705 0.17267 0.17267 0.117828 0.117828 0.0803787 0.0803787
 0.0548275 0.0548275 0.0373682 0.0373682 0.0254381 0.0254381 0.0118389 0.0118389 0 0
 0 0 0.0134613 0.0134613 0.0289263 0.0289263 0.0424952 0.0424952 0.0623561 0.0623561
 0.0914289 0.0914289 0.13405 0.13405 0.196453 0.196453 0.285008 0.285008 0.408634 0.408634
 0.560881 0.560881 0.710924 0.710924 0.819003 0.819003 0.886073 0.886073 0.94306 0.94306
 0.993526 0.993526 1.03567 1.03567 1.0683 1.0683 1.09402 1.09402 1.1143 1.1143
 1.13001 1.13001 1.14298 1.14298 1.15143 1.15143 1.14941 1.14941 1.13713 1.13713
 1.12031 1.12031 1.09947 1.09947 1.07191 1.07191 1.03679 1.03679 0.990246 0.990246
 0.933536 0.933536 0.865655 0.865655 0.778598 0.778598 0.652706 0.652706 0.501645 0.501645
 0.360915 0.360915 0.250705 0.250705 0.17267 0.17267 0.117828 0.117828 0.0803787 0.0803787
 0.0548275 0.0548275 0.0373682 0.0373682 0.0254381 0.0254381 0.0118389 0.0118389 0 0
