UdUm 180 d
 0 0 0.0189507 0.0189507 0.040729 0.040729 0.0598426 0.0598426 0.0878267 0.0878267
 0.128792 0.128792 0.188757 0.188757 0.275814 0.275814 0.395423 0.395423 0.54695 0.54695
 0.695719 0.695719 0.794486 0.794486 0.842052 0.842052 0.875847 0.875847 0.911636 0.911636
 0.94609 0.94609 0.981111 0.981111 1.0121 1.0121 1.04074 1.04074 1.06752 1.06752
 1.09294 1.09294 1.11715 1.11715 1.14029 1.14029 1.16224 1.16224 1.18317 1.18317
 1.20393 1.20393 1.22321 1.22321 1.2301 1.2301 1.20011 1.20011 1.09084 1.09084
 0.900613 0.900613 0.680177 0.680177 0.496503 0.496503 0.354855 0.354855 0.249082 0.249082
 0.172692 0.172692 0.11883 0.11883 0.0818512 0.0818512 0.0559661 0.0559661 0.0382454 0.0382454
 0.0261202 0.0261202 0.0178174 0.0178174 0.012136 0.012136 0.00565171 0.00565171 0 0
 0 0 0.0189507 0.0189507 0.040729 0.040729 0.0598426 0.0598426 0.0878267 0.0878267
 0.128792 0.128792 0.188757 0.188757 0.275814 0.275814 0.395423 0.395423 0.54695 0.54695
 0.695719 0.695719 0.794486 0.794486 0.842052 0.842052 0.875847 0.875847 0.911636 0.911636
 0.94609 0.94609 0.981111 0.981111 1.0121 1.0121 1.04074 1.04074 1.06752 1.06752
 1.09294 1.09294 1.11715 1.11715 1.14029 1.14029 1.16224 1.16224 1.18317 1.18317
 1.20393 1.20393 1.22321 1.22321 1.2301 1.2301 1.20011 1.20011 1.09084 1.09084
 0.900613 0.900613 0.680177 0.680177 0.496503 0.496503 0.354855 0.354855 0.249082 0.249082
 0.172692 0.172692 0.11883 0.11883 0.0818512 0.0818512 0.0559661 0.0559661 0.0382454 0.0382454
 0.0261202 0.0261202 0.0178174 0.0178174 0.012136 0.012136 0.00565171 0.00565171 0 0
