UdUm 180 d
 0 0 0.0159024 0.0159024 0.034175 0.034175 0.0502101 0.0502101 0.0736855 0.0736855
 0.108057 0.108057 0.158446 0.158446 0.232103 0.232103 0.335786 0.335786 0.476544 0.476544
 0.637578 0.637578 0.774836 0.774836 0.856619 0.856619 0.906008 0.906008 0.954241 0.954241
 0.99734 0.99734 1.03393 1.03393 1.06284 1.06284 1.08593 1.08593 1.10496 1.10496
 1.12082 1.12082 1.13407 1.13407 1.1455 1.1455 1.15588 1.15588 1.16022 1.16022
 1.14979 1.14979 1.12565 1.12565 1.09653 1.09653 1.06008 1.06008 1.00197 1.00197
 0.916753 0.916753 0.796341 0.796341 0.657134 0.657134 0.513516 0.513516 0.380369 0.380369
 0.270162 0.270162 0.1872 0.1872 0.128988 0.128988 0.0880916 0.0880916 0.0601299 0.0601299
 0.0410319 0.0410319 0.027973 0.027973 0.0190456 0.0190456 0.00886555 0.00886555 0 0
 0 0 0.0159024 0.0159024 0.034175 0.034175 0.0502101 0.0502101 0.0736855 0.0736855
 0.108057 0.108057 0.158446 0.158446 0.232103 0.232103 0.335786 0.335786 0.476544 0.476544
 0.637578 0.637578 0.774836 0.774836 0.856619 0.856619 0.906008 0.906008 0.954241 0.954241
 0.99734 0.99734 1.03393 1.03393 1.06284 1.06284 1.08593 1.08593 1.10496 1.10496
 1.12082 1.12082 1.13407 1.13407 1.1455 1.1455 1.15588 1.15588 1.16022 1.16022
 1.14979 1.14979 1.12565 1.12565 1.09653 1.09653 1.06008 1.06008 1.00197 1.00197
 0.916753 0.916753 0.796341 0.796341 0.657134 0.657134 0.513516 0.513516 0.380369 0.380369
 0.270162 0.270162 0.1872 0.1872 0.128988 0.128988 0.0880916 0.0880916 0.0601299 0.0601299
 0.0410319 0.0410319 0.027973 0.027973 0.0190456 0.0190456 0.00886555 0.00886555 0 0
