UdUm 180 d
 0 0 0.0177535 0.0177535 0.0381549 0.0381549 0.0560576 0.0560576 0.0822579 0.0822579
 0.120557 0.120557 0.176351 0.176351 0.256145 0.256145 0.361681 0.361681 0.48653 0.48653
 0.598783 0.598783 0.66575 0.66575 0.694593 0.694593 0.720023 0.720023 0.758557 0.758557
 0.806656 0.806656 0.862198 0.862198 0.916108 0.916108 0.968958 0.968958 1.02073 1.02073
 1.07167 1.07167 1.12171 1.12171 1.17039 1.17039 1.21715 1.21715 1.26253 1.26253
 1.3075 1.3075 1.3495 1.3495 1.3717 1.3717 1.32748 1.32748 1.17563 1.17563
 0.952242 0.952242 0.70949 0.70949 0.511664 0.511664 0.364001 0.364001 0.255515 0.255515
 0.177225 0.177225 0.121929 0.121929 0.083957 0.083957 0.0573886 0.0573886 0.0392088 0.0392088
 0.026774 0.026774 0.0182615 0.0182615 0.0124375 0.0124375 0.00579167 0.00579167 0 0
 0 0 0.0177535 0.0177535 0.0381549 0.0381549 0.0560576 0.0560576 0.0822579 0.0822579
 0.120557 0.120557 0.176351 0.176351 0.256145 0.256145 0.361681 0.361681 0.48653 0.48653
 0.598783 0.598783 0.66575 0.66575 0.694593 0.694593 0.720023 0.720023 0.758557 0.758557
 0.806656 0.806656 0.862198 0.862198 0.916108 0.916108 0.968958 0.968958 1.02073 1.02073
 1.07167 1.07167 1.12171 1.12171 1.17039 1.17039 1.21715 1.21715 1.26253 1.26253
 1.3075 1.3075 1.3495 1.3495 1.3717 1.3717 1.32748 1.32748 1.17563 1.17563
 0.952242 0.952242 0.70949 0.70949 0.511664 0.511664 0.364001 0.364001 0.255515 0.255515
 0.177225 0.177225 0.121929 0.121929 0.083957 0.083957 0.0573886 0.0573886 0.0392088 0.0392088
 0.026774 0.026774 0.0182615 0.0182615 0.0124375 0.0124375 0.00579167 0.00579167 0 0
