UdUm 180 d
 0 0 0.0186899 0.0186899 0.0401685 0.0401685 0.0590193 0.0590193 0.0866196 0.0866196
 0.127028 0.127028 0.186207 0.186207 0.272268 0.272268 0.391138 0.391138 0.543831 0.543831
 0.697985 0.697985 0.804708 0.804708 0.857905 0.857905 0.894743 0.894743 0.932668 0.932668
 0.9675 0.9675 1.00101 1.00101 1.02956 1.02956 1.05504 1.05504 1.07829 1.07829
 1.09988 1.09988 1.12009 1.12009 1.13911 1.13911 1.1569 1.1569 1.17367 1.17367
 1.19039 1.19039 1.20541 1.20541 1.2079 1.2079 1.17742 1.17742 1.07335 1.07335
 0.888007 0.888007 0.671821 0.671821 0.490957 0.490957 0.350597 0.350597 0.245892 0.245892
 0.170424 0.170424 0.11726 0.11726 0.0807677 0.0807677 0.055225 0.055225 0.0377389 0.0377389
 0.0257742 0.0257742 0.0175815 0.0175815 0.0119752 0.0119752 0.00557685 0.00557685 0 0
 0 0 0.0186899 0.0186899 0.0401685 0.0401685 0.0590193 0.0590193 0.0866196 0.0866196
 0.127028 0.127028 0.186207 0.186207 0.272268 0.272268 0.391138 0.391138 0.543831 0.543831
 0.697985 0.697985 0.804708 0.804708 0.857905 0.857905 0.894743 0.894743 0.932668 0.932668
 0.9675 0.9675 1.00101 1.00101 1.02956 1.02956 1.05504 1.05504 1.07829 1.07829
 1.09988 1.09988 1.12009 1.12009 1.13911 1.13911 1.1569 1.1569 1.17367 1.17367
 1.19039 1.19039 1.20541 1.20541 1.2079 1.2079 1.17742 1.17742 1.07335 1.07335
 0.888007 0.888007 0.671821 0.671821 0.490957 0.490957 0.350597 0.350597 0.245892 0.245892
 0.170424 0.170424 0.11726 0.11726 0.0807677 0.0807677 0.055225 0.055225 0.0377389 0.0377389
 0.0257742 0.0257742 0.0175815 0.0175815 0.0119752 0.0119752 0.00557685 0.00557685 0 0
