UdUm 180 d
 0 0 0.018185 0.018185 0.0390833 0.0390833 0.057425 0.057425 0.0842804 0.0842804
 0.123602 0.123602 0.181208 0.181208 0.265093 0.265093 0.381471 0.381471 0.532872 0.532872
 0.690183 0.690183 0.80459 0.80459 0.864463 0.864463 0.905337 0.905337 0.947244 0.947244
 0.984688 0.984688 1.01868 1.01868 1.04639 1.04639 1.06992 1.06992 1.09056 1.09056
 1.10901 1.10901 1.12573 1.12573 1.14101 1.14101 1.15493 1.15493 1.16779 1.16779
 1.18058 1.18058 1.19086 1.19086 1.18846 1.18846 1.15614 1.15614 1.05541 1.05541
 0.874962 0.874962 0.66304 0.66304 0.48466 0.48466 0.345709 0.345709 0.242254 0.242254
 0.167835 0.167835 0.115459 0.115459 0.0795211 0.0795211 0.0543699 0.0543699 0.0371533 0.0371533
 0.0253738 0.0253738 0.0173081 0.0173081 0.0117889 0.0117889 0.00549001 0.00549001 0 0
 0 0 0.018185 0.018185 0.0390833 0.0390833 0.057425 0.057425 0.0842804 0.0842804
 0.123602 0.123602 0.181208 0.181208 0.265093 0.265093 0.381471 0.381471 0.532872 0.532872
 0.690183 0.690183 0.80459 0.80459 0.864463 0.864463 0.905337 0.905337 0.947244 0.947244
 0.984688 0.984688 1.01868 1.01868 1.04639 1.04639 1.06992 1.06992 1.09056 1.09056
 1.10901 1.10901 1.12573 1.12573 1.14101 1.14101 1.15493 1.15493 1.16779 1.16779
 1.18058 1.18058 1.19086 1.19086 1.18846 1.18846 1.15614 1.15614 1.05541 1.05541
 0.874962 0.874962 0.66304 0.66304 0.48466 0.48466 0.345709 0.345709 0.242254 0.242254
 0.167835 0.167835 0.115459 0.115459 0.0795211 0.0795211 0.0543699 0.0543699 0.0371533 0.0371533
 0.0253738 0.0253738 0.0173081 0.0173081 0.0117889 0.0117889 0.00549001 0.00549001 0 0
