UdUm 180 d
 0 0 0.0127042 0.0127042 0.0272985 0.0272985 0.0401025 0.0401025 0.0588424 0.0588424
 0.0862712 0.0862712 0.126479 0.126479 0.185357 0.185357 0.269045 0.269045 0.386617 0.386617
 0.534125 0.534125 0.685617 0.685617 0.802148 0.802148 0.877384 0.877384 0.938449 0.938449
 0.991588 0.991588 1.03572 1.03572 1.06949 1.06949 1.09612 1.09612 1.11667 1.11667
 1.13279 1.13279 1.14556 1.14556 1.15105 1.15105 1.14556 1.14556 1.13279 1.13279
 1.11667 1.11667 1.09612 1.09612 1.06949 1.06949 1.03572 1.03572 0.991588 0.991588
 0.938449 0.938449 0.877384 0.877384 0.802148 0.802148 0.685617 0.685617 0.534125 0.534125
 0.386617 0.386617 0.269045 0.269045 0.185357 0.185357 0.126479 0.126479 0.0862712 0.0862712
 0.0588424 0.0588424 0.0401025 0.0401025 0.0272985 0.0272985 0.0127042 0.0127042 0 0
 0 0 0.0127042 0.0127042 0.0272985 0.0272985 0.0401025 0.0401025 0.0588424 0.0588424
 0.0862712 0.0862712 0.126479 0.126479 0.185357 0.185357 0.269045 0.269045 0.386617 0.386617
 0.534125 0.534125 0.685617 0.685617 0.802148 0.802148 0.877384 0.877384 0.938449 0.938449
 0.991588 0.991588 1.03572 1.03572 1.06949 1.06949 1.09612 1.09612 1.11667 1.11667
 1.13279 1.13279 1.14556 1.14556 1.15105 1.15105 1.14556 1.14556 1.13279 1.13279
 1.11667 1.11667 1.09612 1.09612 1.06949 1.06949 1.03572 1.03572 0.991588 0.991588
 0.938449 0.938449 0.877384 0.877384 0.802148 0.802148 0.685617 0.685617 0.534125 0.534125
 0.386617 0.386617 0.269045 0.269045 0.185357 0.185357 0.126479 0.126479 0.0862712 0.0862712
 0.0588424 0.0588424 0.0401025 0.0401025 0.0272985 0.0272985 0.0127042 0.0127042 0 0
