idim4d 4 i
 2 45 2 1
abcd 50 d
 0 1 -1 -0.999 -0.99785 -0.99684 -0.99536 -0.99319 -0.99 -0.9853
 -0.9785 -0.9684 -0.9536 -0.9319 -0.9 -0.853 -0.785 -0.7 -0.6 -0.5
 -0.4 -0.3 -0.2 -0.1 0 0.1 0.2 0.3 0.4 0.5
 0.6 0.7 0.785 0.853 0.9 0.9319 0.9536 0.9684 0.9785 0.9853
 0.99 0.99319 0.99536 0.99684 0.99785 0.999 1 0 0.2 0
U1 180 d
 0 0 0.0133432 0.0133432 0.0286724 0.0286724 0.0421222 0.0421222 0.0618088 0.0618088
 0.0906263 0.0906263 0.132874 0.132874 0.194728 0.194728 0.282507 0.282507 0.405047 0.405047
 0.555957 0.555957 0.704684 0.704684 0.811814 0.811814 0.878295 0.878295 0.934782 0.934782
 0.984805 0.984805 1.02657 1.02657 1.05892 1.05892 1.08442 1.08442 1.10452 1.10452
 1.12009 1.12009 1.13295 1.13295 1.14132 1.14132 1.13933 1.13933 1.12715 1.12715
 1.11047 1.11047 1.08981 1.08981 1.0625 1.0625 1.02769 1.02769 0.981554 0.981554
 0.925342 0.925342 0.858057 0.858057 0.771764 0.771764 0.646976 0.646976 0.497242 0.497242
 0.357747 0.357747 0.248504 0.248504 0.171154 0.171154 0.116794 0.116794 0.0796732 0.0796732
 0.0543463 0.0543463 0.0370402 0.0370402 0.0252148 0.0252148 0.011735 0.011735 0 0
 0 0 0.0133432 0.0133432 0.0286724 0.0286724 0.0421222 0.0421222 0.0618088 0.0618088
 0.0906263 0.0906263 0.132874 0.132874 0.194728 0.194728 0.282507 0.282507 0.405047 0.405047
 0.555957 0.555957 0.704684 0.704684 0.811814 0.811814 0.878295 0.878295 0.934782 0.934782
 0.984805 0.984805 1.02657 1.02657 1.05892 1.05892 1.08442 1.08442 1.10452 1.10452
 1.12009 1.12009 1.13295 1.13295 1.14132 1.14132 1.13933 1.13933 1.12715 1.12715
 1.11047 1.11047 1.08981 1.08981 1.0625 1.0625 1.02769 1.02769 0.981554 0.981554
 0.925342 0.925342 0.858057 0.858057 0.771764 0.771764 0.646976 0.646976 0.497242 0.497242
 0.357747 0.357747 0.248504 0.248504 0.171154 0.171154 0.116794 0.116794 0.0796732 0.0796732
 0.0543463 0.0543463 0.0370402 0.0370402 0.0252148 0.0252148 0.011735 0.011735 0 0
qturb 180 d
 0 0 0.00358744 0.00358744 0.00771194 0.00771194 0.0113304 0.0113304 0.0166173 0.0166173
 0.0243052 0.0243052 0.0353622 0.0353622 0.0508001 0.0508001 0.0707011 0.0707011 0.0942637 0.0942637
 0.116382 0.116382 0.12899 0.12899 0.128456 0.128456 0.120353 0.120353 0.110607 0.110607
 0.101134 0.101134 0.0917533 0.0917533 0.0832825 0.0832825 0.0752403 0.0752403 0.0676786 0.0676786
 0.0609883 0.0609883 0.0557093 0.0557093 0.0526458 0.0526458 0.0528353 0.0528353 0.0564282 0.0564282
 0.06256 0.06256 0.0703808 0.0703808 0.0792045 0.0792045 0.0887072 0.0887072 0.0991939 0.0991939
 0.109534 0.109534 0.119311 0.119311 0.125118 0.125118 0.121481 0.121481 0.106293 0.106293
 0.0846802 0.0846802 0.0630921 0.0630921 0.0452057 0.0452057 0.0314237 0.0314237 0.0215846 0.0215846
 0.0147535 0.0147535 0.0100587 0.0100587 0.00684617 0.00684617 0.00318467 0.00318467 0 0
 0 0 0.00358744 0.00358744 0.00771194 0.00771194 0.0113304 0.0113304 0.0166173 0.0166173
 0.0243052 0.0243052 0.0353622 0.0353622 0.0508001 0.0508001 0.0707011 0.0707011 0.0942637 0.0942637
 0.116382 0.116382 0.12899 0.12899 0.128456 0.128456 0.120353 0.120353 0.110607 0.110607
 0.101134 0.101134 0.0917533 0.0917533 0.0832825 0.0832825 0.0752403 0.0752403 0.0676786 0.0676786
 0.0609883 0.0609883 0.0557093 0.0557093 0.0526458 0.0526458 0.0528353 0.0528353 0.0564282 0.0564282
 0.06256 0.06256 0.0703808 0.0703808 0.0792045 0.0792045 0.0887072 0.0887072 0.0991939 0.0991939
 0.109534 0.109534 0.119311 0.119311 0.125118 0.125118 0.121481 0.121481 0.106293 0.106293
 0.0846802 0.0846802 0.0630921 0.0630921 0.0452057 0.0452057 0.0314237 0.0314237 0.0215846 0.0215846
 0.0147535 0.0147535 0.0100587 0.0100587 0.00684617 0.00684617 0.00318467 0.00318467 0 0
omturb 180 d
 0.340807 0.340807 0.341363 0.341363 0.342184 0.342184 0.343071 0.343071 0.344659 0.344659
 0.347608 0.347608 0.353167 0.353167 0.363204 0.363204 0.378455 0.378455 0.395168 0.395168
 0.399269 0.399269 0.373103 0.373103 0.317048 0.317048 0.252268 0.252268 0.194768 0.194768
 0.151053 0.151053 0.118117 0.118117 0.0954474 0.0954474 0.0787387 0.0787387 0.0660738 0.0660738
 0.0566611 0.0566611 0.0502484 0.0502484 0.0470434 0.0470434 0.0476737 0.0476737 0.0523541 0.0523541
 0.0607976 0.0607976 0.0730064 0.0730064 0.0894429 0.0894429 0.111553 0.111553 0.142962 0.142962
 0.183641 0.183641 0.235282 0.235282 0.288765 0.288765 0.328871 0.328871 0.343359 0.343359
 0.337424 0.337424 0.32477 0.32477 0.314405 0.314405 0.308158 0.308158 0.305056 0.305056
 0.303635 0.303635 0.303003 0.303003 0.302728 0.302728 0.302563 0.302563 0.302544 0.302544
 0.340807 0.340807 0.341363 0.341363 0.342184 0.342184 0.343071 0.343071 0.344659 0.344659
 0.347608 0.347608 0.353167 0.353167 0.363204 0.363204 0.378455 0.378455 0.395168 0.395168
 0.399269 0.399269 0.373103 0.373103 0.317048 0.317048 0.252268 0.252268 0.194768 0.194768
 0.151053 0.151053 0.118117 0.118117 0.0954474 0.0954474 0.0787387 0.0787387 0.0660738 0.0660738
 0.0566611 0.0566611 0.0502484 0.0502484 0.0470434 0.0470434 0.0476737 0.0476737 0.0523541 0.0523541
 0.0607976 0.0607976 0.0730064 0.0730064 0.0894429 0.0894429 0.111553 0.111553 0.142962 0.142962
 0.183641 0.183641 0.235282 0.235282 0.288765 0.288765 0.328871 0.328871 0.343359 0.343359
 0.337424 0.337424 0.32477 0.32477 0.314405 0.314405 0.308158 0.308158 0.305056 0.305056
 0.303635 0.303635 0.303003 0.303003 0.302728 0.302728 0.302563 0.302563 0.302544 0.302544
bij 1080 d
 0.562798 0.562798 0.562511 0.562511 0.562187 0.562187 0.561909 0.561909 0.561523 0.561523
 0.561008 0.561008 0.560355 0.560355 0.559478 0.559478 0.557707 0.557707 0.552165 0.552165
 0.53611 0.53611 0.499826 0.499826 0.435121 0.435121 0.345387 0.345387 0.270093 0.270093
 0.231306 0.231306 0.212392 0.212392 0.200851 0.200851 0.188838 0.188838 0.173628 0.173628
 0.155649 0.155649 0.13773 0.13773 0.128096 0.128096 0.135534 0.135534 0.1581 0.1581
 0.184652 0.184652 0.205904 0.205904 0.220354 0.220354 0.23209 0.23209 0.2523 0.2523
 0.297849 0.297849 0.376227 0.376227 0.45476 0.45476 0.506991 0.506991 0.535338 0.535338
 0.547611 0.547611 0.551881 0.551881 0.553393 0.553393 0.554271 0.554271 0.554957 0.554957
 0.555495 0.555495 0.555895 0.555895 0.55618 0.55618 0.556512 0.556512 0.556805 0.556805
 0.562798 0.562798 0.562511 0.562511 0.562187 0.562187 0.561909 0.561909 0.561523 0.561523
 0.561008 0.561008 0.560355 0.560355 0.559478 0.559478 0.557707 0.557707 0.552165 0.552165
 0.53611 0.53611 0.499826 0.499826 0.435121 0.435121 0.345387 0.345387 0.270093 0.270093
 0.231306 0.231306 0.212392 0.212392 0.200851 0.200851 0.188838 0.188838 0.173628 0.173628
 0.155649 0.155649 0.13773 0.13773 0.128096 0.128096 0.135534 0.135534 0.1581 0.1581
 0.184652 0.184652 0.205904 0.205904 0.220354 0.220354 0.23209 0.23209 0.2523 0.2523
 0.297849 0.297849 0.376227 0.376227 0.45476 0.45476 0.506991 0.506991 0.535338 0.535338
 0.547611 0.547611 0.551881 0.551881 0.553393 0.553393 0.554271 0.554271 0.554957 0.554957
 0.555495 0.555495 0.555895 0.555895 0.55618 0.55618 0.556512 0.556512 0.556805 0.556805
 -0.33333 -0.33333 -0.332757 -0.332757 -0.332099 -0.332099 -0.331524 -0.331524 -0.330688 -0.330688
 -0.32949 -0.32949 -0.327822 -0.327822 -0.325625 -0.325625 -0.322942 -0.322942 -0.319313 -0.319313
 -0.312866 -0.312866 -0.299154 -0.299154 -0.271209 -0.271209 -0.225838 -0.225838 -0.18401 -0.18401
 -0.161182 -0.161182 -0.149337 -0.149337 -0.14154 -0.14154 -0.13305 -0.13305 -0.122258 -0.122258
 -0.109682 -0.109682 -0.0974877 -0.0974877 -0.0915363 -0.0915363 -0.098091 -0.098091 -0.115382 -0.115382
 -0.134963 -0.134963 -0.15008 -0.15008 -0.159724 -0.159724 -0.16671 -0.16671 -0.178165 -0.178165
 -0.203937 -0.203937 -0.245812 -0.245812 -0.282883 -0.282883 -0.303597 -0.303597 -0.313903 -0.313903
 -0.319219 -0.319219 -0.322659 -0.322659 -0.325405 -0.325405 -0.32768 -0.32768 -0.3294 -0.3294
 -0.330629 -0.330629 -0.331484 -0.331484 -0.332072 -0.332072 -0.332745 -0.332745 -0.33333 -0.33333
 -0.33333 -0.33333 -0.332757 -0.332757 -0.332099 -0.332099 -0.331524 -0.331524 -0.330688 -0.330688
 -0.32949 -0.32949 -0.327822 -0.327822 -0.325625 -0.325625 -0.322942 -0.322942 -0.319313 -0.319313
 -0.312866 -0.312866 -0.299154 -0.299154 -0.271209 -0.271209 -0.225838 -0.225838 -0.18401 -0.18401
 -0.161182 -0.161182 -0.149337 -0.149337 -0.14154 -0.14154 -0.13305 -0.13305 -0.122258 -0.122258
 -0.109682 -0.109682 -0.0974877 -0.0974877 -0.0915363 -0.0915363 -0.098091 -0.098091 -0.115382 -0.115382
 -0.134963 -0.134963 -0.15008 -0.15008 -0.159724 -0.159724 -0.16671 -0.16671 -0.178165 -0.178165
 -0.203937 -0.203937 -0.245812 -0.245812 -0.282883 -0.282883 -0.303597 -0.303597 -0.313903 -0.313903
 -0.319219 -0.319219 -0.322659 -0.322659 -0.325405 -0.325405 -0.32768 -0.32768 -0.3294 -0.3294
 -0.330629 -0.330629 -0.331484 -0.331484 -0.332072 -0.332072 -0.332745 -0.332745 -0.33333 -0.33333
 -0.229468 -0.229468 -0.229754 -0.229754 -0.230087 -0.230087 -0.230386 -0.230386 -0.230835 -0.230835
 -0.231517 -0.231517 -0.232533 -0.232533 -0.233853 -0.233853 -0.234764 -0.234764 -0.232853 -0.232853
 -0.223244 -0.223244 -0.200672 -0.200672 -0.163912 -0.163912 -0.119548 -0.119548 -0.0860824 -0.0860824
 -0.070124 -0.070124 -0.0630543 -0.0630543 -0.059311 -0.059311 -0.0557876 -0.0557876 -0.0513697 -0.0513697
 -0.0459669 -0.0459669 -0.0402422 -0.0402422 -0.0365601 -0.0365601 -0.0374432 -0.0374432 -0.0427183 -0.0427183
 -0.0496889 -0.0496889 -0.0558241 -0.0558241 -0.0606302 -0.0606302 -0.0653799 -0.0653799 -0.0741354 -0.0741354
 -0.0939119 -0.0939119 -0.130416 -0.130416 -0.171877 -0.171877 -0.203395 -0.203395 -0.221435 -0.221435
 -0.228392 -0.228392 -0.229222 -0.229222 -0.227988 -0.227988 -0.226591 -0.226591 -0.225557 -0.225557
 -0.224867 -0.224867 -0.224411 -0.224411 -0.224107 -0.224107 -0.223767 -0.223767 -0.223475 -0.223475
 -0.229468 -0.229468 -0.229754 -0.229754 -0.230087 -0.230087 -0.230386 -0.230386 -0.230835 -0.230835
 -0.231517 -0.231517 -0.232533 -0.232533 -0.233853 -0.233853 -0.234764 -0.234764 -0.232853 -0.232853
 -0.223244 -0.223244 -0.200672 -0.200672 -0.163912 -0.163912 -0.119548 -0.119548 -0.0860824 -0.0860824
 -0.070124 -0.070124 -0.0630543 -0.0630543 -0.059311 -0.059311 -0.0557876 -0.0557876 -0.0513697 -0.0513697
 -0.0459669 -0.0459669 -0.0402422 -0.0402422 -0.0365601 -0.0365601 -0.0374432 -0.0374432 -0.0427183 -0.0427183
 -0.0496889 -0.0496889 -0.0558241 -0.0558241 -0.0606302 -0.0606302 -0.0653799 -0.0653799 -0.0741354 -0.0741354
 -0.0939119 -0.0939119 -0.130416 -0.130416 -0.171877 -0.171877 -0.203395 -0.203395 -0.221435 -0.221435
 -0.228392 -0.228392 -0.229222 -0.229222 -0.227988 -0.227988 -0.226591 -0.226591 -0.225557 -0.225557
 -0.224867 -0.224867 -0.224411 -0.224411 -0.224107 -0.224107 -0.223767 -0.223767 -0.223475 -0.223475
 -1.59184e-15 -1.59184e-15 0.000425561 0.000425561 0.000812538 0.000812538 0.00103489 0.00103489 0.00113342 0.00113342
 0.000762245 0.000762245 -0.000867149 -0.000867149 -0.0052228 -0.0052228 -0.014086 -0.014086 -0.0292084 -0.0292084
 -0.0508281 -0.0508281 -0.077117 -0.077117 -0.102662 -0.102662 -0.121022 -0.121022 -0.135134 -0.135134
 -0.148293 -0.148293 -0.157785 -0.157785 -0.163413 -0.163413 -0.16526 -0.16526 -0.160728 -0.160728
 -0.144085 -0.144085 -0.106299 -0.106299 -0.0467454 -0.0467454 0.0231678 0.0231678 0.0835967 0.0835967
 0.120334 0.120334 0.134682 0.134682 0.137527 0.137527 0.134288 0.134288 0.125871 0.125871
 0.114355 0.114355 0.101572 0.101572 0.0849059 0.0849059 0.0636411 0.0636411 0.0423141 0.0423141
 0.0244664 0.0244664 0.0116842 0.0116842 0.00413999 0.00413999 0.000468079 0.000468079 -0.000862416 -0.000862416
 -0.0011237 -0.0011237 -0.000995042 -0.000995042 -0.00077183 -0.00077183 -0.000400699 -0.000400699 0 0
 -1.59184e-15 -1.59184e-15 0.000425561 0.000425561 0.000812538 0.000812538 0.00103489 0.00103489 0.00113342 0.00113342
 0.000762245 0.000762245 -0.000867149 -0.000867149 -0.0052228 -0.0052228 -0.014086 -0.014086 -0.0292084 -0.0292084
 -0.0508281 -0.0508281 -0.077117 -0.077117 -0.102662 -0.102662 -0.121022 -0.121022 -0.135134 -0.135134
 -0.148293 -0.148293 -0.157785 -0.157785 -0.163413 -0.163413 -0.16526 -0.16526 -0.160728 -0.160728
 -0.144085 -0.144085 -0.106299 -0.106299 -0.0467454 -0.0467454 0.0231678 0.0231678 0.0835967 0.0835967
 0.120334 0.120334 0.134682 0.134682 0.137527 0.137527 0.134288 0.134288 0.125871 0.125871
 0.114355 0.114355 0.101572 0.101572 0.0849059 0.0849059 0.0636411 0.0636411 0.0423141 0.0423141
 0.0244664 0.0244664 0.0116842 0.0116842 0.00413999 0.00413999 0.000468079 0.000468079 -0.000862416 -0.000862416
 -0.0011237 -0.0011237 -0.000995042 -0.000995042 -0.00077183 -0.00077183 -0.000400699 -0.000400699 0 0
 0 0 0 0 0 0 0 0 0 0
 0 0 0 0 0 0 0 0 0 0
 0 0 0 0 0 0 0 0 0 0
 0 0 0 0 0 0 0 0 0 0
 0 0 0 0 0 0 0 0 0 0
 0 0 0 0 0 0 0 0 0 0
 0 0 0 0 0 0 0 0 0 0
 0 0 0 0 0 0 0 0 0 0
 0 0 0 0 0 0 0 0 0 0
 0 0 0 0 0 0 0 0 0 0
 0 0 0 0 0 0 0 0 0 0
 0 0 0 0 0 0 0 0 0 0
 0 0 0 0 0 0 0 0 0 0
 0 0 0 0 0 0 0 0 0 0
 0 0 0 0 0 0 0 0 0 0
 0 0 0 0 0 0 0 0 0 0
 0 0 0 0 0 0 0 0 0 0
 0 0 0 0 0 0 0 0 0 0
 0 0 0 0 0 0 0 0 0 0
 0 0 0 0 0 0 0 0 0 0
 0 0 0 0 0 0 0 0 0 0
 0 0 0 0 0 0 0 0 0 0
 0 0 0 0 0 0 0 0 0 0
 0 0 0 0 0 0 0 0 0 0
 0 0 0 0 0 0 0 0 0 0
 0 0 0 0 0 0 0 0 0 0
 0 0 0 0 0 0 0 0 0 0
 0 0 0 0 0 0 0 0 0 0
 0 0 0 0 0 0 0 0 0 0
 0 0 0 0 0 0 0 0 0 0
 0 0 0 0 0 0 0 0 0 0
 0 0 0 0 0 0 0 0 0 0
 0 0 0 0 0 0 0 0 0 0
 0 0 0 0 0 0 0 0 0 0
 0 0 0 0 0 0 0 0 0 0
 0 0 0 0 0 0 0 0 0 0
