idim4d 4 i
 2 45 2 1
abcd 50 d
 0 1 -1 -0.999 -0.99785 -0.99684 -0.99536 -0.99319 -0.99 -0.9853
 -0.9785 -0.9684 -0.9536 -0.9319 -0.9 -0.853 -0.785 -0.7 -0.6 -0.5
 -0.4 -0.3 -0.2 -0.1 0 0.1 0.2 0.3 0.4 0.5
 0.6 0.7 0.785 0.853 0.9 0.9319 0.9536 0.9684 0.9785 0.9853
 0.99 0.99319 0.99536 0.99684 0.99785 0.999 1 0 0.2 0
U1 180 d
 0 0 0.0193148 0.0193148 0.0415115 0.0415115 0.0609926 0.0609926 0.0895157 0.0895157
 0.131275 0.131275 0.192433 0.192433 0.281371 0.281371 0.404216 0.404216 0.562014 0.562014
 0.721322 0.721322 0.831613 0.831613 0.886589 0.886589 0.924659 0.924659 0.963851 0.963851
 0.999848 0.999848 1.03448 1.03448 1.06398 1.06398 1.09031 1.09031 1.11434 1.11434
 1.13665 1.13665 1.15754 1.15754 1.17719 1.17719 1.19558 1.19558 1.21291 1.21291
 1.23019 1.23019 1.24571 1.24571 1.24828 1.24828 1.21679 1.21679 1.10924 1.10924
 0.917697 0.917697 0.694283 0.694283 0.507372 0.507372 0.362319 0.362319 0.254113 0.254113
 0.176122 0.176122 0.12118 0.12118 0.0834682 0.0834682 0.0570714 0.0570714 0.0390007 0.0390007
 0.026636 0.026636 0.0181693 0.0181693 0.0123756 0.0123756 0.00576332 0.00576332 0 0
 0 0 0.0193148 0.0193148 0.0415115 0.0415115 0.0609926 0.0609926 0.0895157 0.0895157
 0.131275 0.131275 0.192433 0.192433 0.281371 0.281371 0.404216 0.404216 0.562014 0.562014
 0.721322 0.721322 0.831613 0.831613 0.886589 0.886589 0.924659 0.924659 0.963851 0.963851
 0.999848 0.999848 1.03448 1.03448 1.06398 1.06398 1.09031 1.09031 1.11434 1.11434
 1.13665 1.13665 1.15754 1.15754 1.17719 1.17719 1.19558 1.19558 1.21291 1.21291
 1.23019 1.23019 1.24571 1.24571 1.24828 1.24828 1.21679 1.21679 1.10924 1.10924
 0.917697 0.917697 0.694283 0.694283 0.507372 0.507372 0.362319 0.362319 0.254113 0.254113
 0.176122 0.176122 0.12118 0.12118 0.0834682 0.0834682 0.0570714 0.0570714 0.0390007 0.0390007
 0.026636 0.026636 0.0181693 0.0181693 0.0123756 0.0123756 0.00576332 0.00576332 0 0
qturb 180 d
 0 0 0.00534338 0.00534338 0.0114852 0.0114852 0.0168688 0.0168688 0.0247184 0.0247184
 0.0360707 0.0360707 0.0521811 0.0521811 0.0740181 0.0740181 0.100418 0.100418 0.127049 0.127049
 0.14311 0.14311 0.142506 0.142506 0.132433 0.132433 0.122043 0.122043 0.113921 0.113921
 0.108171 0.108171 0.103727 0.103727 0.099998 0.099998 0.0963785 0.0963785 0.0926204 0.0926204
 0.0886238 0.0886238 0.0843471 0.0843471 0.0797875 0.0797875 0.0749847 0.0749847 0.0700157 0.0700157
 0.0649476 0.0649476 0.0600132 0.0600132 0.0560748 0.0560748 0.0543575 0.0543575 0.0545261 0.0545261
 0.0541983 0.0541983 0.0516456 0.0516456 0.0459821 0.0459821 0.037423 0.037423 0.0282551 0.0282551
 0.0202717 0.0202717 0.0141155 0.0141155 0.00973924 0.00973924 0.00664794 0.00664794 0.00453267 0.00453267
 0.00308959 0.00308959 0.00210439 0.00210439 0.00143184 0.00143184 0.000665977 0.000665977 0 0
 0 0 0.00534338 0.00534338 0.0114852 0.0114852 0.0168688 0.0168688 0.0247184 0.0247184
 0.0360707 0.0360707 0.0521811 0.0521811 0.0740181 0.0740181 0.100418 0.100418 0.127049 0.127049
 0.14311 0.14311 0.142506 0.142506 0.132433 0.132433 0.122043 0.122043 0.113921 0.113921
 0.108171 0.108171 0.103727 0.103727 0.099998 0.099998 0.0963785 0.0963785 0.0926204 0.0926204
 0.0886238 0.0886238 0.0843471 0.0843471 0.0797875 0.0797875 0.0749847 0.0749847 0.0700157 0.0700157
 0.0649476 0.0649476 0.0600132 0.0600132 0.0560748 0.0560748 0.0543575 0.0543575 0.0545261 0.0545261
 0.0541983 0.0541983 0.0516456 0.0516456 0.0459821 0.0459821 0.037423 0.037423 0.0282551 0.0282551
 0.0202717 0.0202717 0.0141155 0.0141155 0.00973924 0.00973924 0.00664794 0.00664794 0.00453267 0.00453267
 0.00308959 0.00308959 0.00210439 0.00210439 0.00143184 0.00143184 0.000665977 0.000665977 0 0
omturb 180 d
 0.507621 0.507621 0.511434 0.511434 0.516212 0.516212 0.520756 0.520756 0.527983 0.527983
 0.539666 0.539666 0.558407 0.558407 0.586123 0.586123 0.617441 0.617441 0.631558 0.631558
 0.594444 0.594444 0.502644 0.502644 0.394363 0.394363 0.299539 0.299539 0.224737 0.224737
 0.172669 0.172669 0.136887 0.136887 0.113915 0.113915 0.0978189 0.0978189 0.0857839 0.0857839
 0.0763331 0.0763331 0.0686229 0.0686229 0.0621509 0.0621509 0.0566233 0.0566233 0.0518829 0.0518829
 0.0478514 0.0478514 0.0446302 0.0446302 0.0428125 0.0428125 0.0434294 0.0434294 0.0469633 0.0469633
 0.052207 0.052207 0.0581369 0.0581369 0.0623221 0.0623221 0.0632494 0.0632494 0.0622669 0.0622669
 0.0612593 0.0612593 0.0609762 0.0609762 0.0612285 0.0612285 0.061668 0.061668 0.0620898 0.0620898
 0.0624287 0.0624287 0.0626811 0.0626811 0.0628621 0.0628621 0.063076 0.063076 0.0632679 0.0632679
 0.507621 0.507621 0.511434 0.511434 0.516212 0.516212 0.520756 0.520756 0.527983 0.527983
 0.539666 0.539666 0.558407 0.558407 0.586123 0.586123 0.617441 0.617441 0.631558 0.631558
 0.594444 0.594444 0.502644 0.502644 0.394363 0.394363 0.299539 0.299539 0.224737 0.224737
 0.172669 0.172669 0.136887 0.136887 0.113915 0.113915 0.0978189 0.0978189 0.0857839 0.0857839
 0.0763331 0.0763331 0.0686229 0.0686229 0.0621509 0.0621509 0.0566233 0.0566233 0.0518829 0.0518829
 0.0478514 0.0478514 0.0446302 0.0446302 0.0428125 0.0428125 0.0434294 0.0434294 0.0469633 0.0469633
 0.052207 0.052207 0.0581369 0.0581369 0.0623221 0.0623221 0.0632494 0.0632494 0.0622669 0.0622669
 0.0612593 0.0612593 0.0609762 0.0609762 0.0612285 0.0612285 0.061668 0.061668 0.0620898 0.0620898
 0.0624287 0.0624287 0.0626811 0.0626811 0.0628621 0.0628621 0.063076 0.063076 0.0632679 0.0632679
bij 1080 d
 0.562874 0.562874 0.562523 0.562523 0.562124 0.562124 0.561781 0.561781 0.561294 0.561294
 0.560602 0.560602 0.559536 0.559536 0.557372 0.557372 0.551523 0.551523 0.534605 0.534605
 0.494034 0.494034 0.416218 0.416218 0.302533 0.302533 0.195495 0.195495 0.117926 0.117926
 0.0640552 0.0640552 0.0244056 0.0244056 -0.00527851 -0.00527851 -0.028995 -0.028995 -0.0486503 -0.0486503
 -0.065005 -0.065005 -0.0781227 -0.0781227 -0.0873141 -0.0873141 -0.0908505 -0.0908505 -0.0859238 -0.0859238
 -0.0695809 -0.0695809 -0.0364719 -0.0364719 0.027658 0.027658 0.132469 0.132469 0.263894 0.263894
 0.370407 0.370407 0.44501 0.44501 0.484591 0.484591 0.498004 0.498004 0.498136 0.498136
 0.494615 0.494615 0.49218 0.49218 0.491385 0.491385 0.491439 0.491439 0.491757 0.491757
 0.492082 0.492082 0.492343 0.492343 0.492534 0.492534 0.49276 0.49276 0.49296 0.49296
 0.562874 0.562874 0.562523 0.562523 0.562124 0.562124 0.561781 0.561781 0.561294 0.561294
 0.560602 0.560602 0.559536 0.559536 0.557372 0.557372 0.551523 0.551523 0.534605 0.534605
 0.494034 0.494034 0.416218 0.416218 0.302533 0.302533 0.195495 0.195495 0.117926 0.117926
 0.0640552 0.0640552 0.0244056 0.0244056 -0.00527851 -0.00527851 -0.028995 -0.028995 -0.0486503 -0.0486503
 -0.065005 -0.065005 -0.0781227 -0.0781227 -0.0873141 -0.0873141 -0.0908505 -0.0908505 -0.0859238 -0.0859238
 -0.0695809 -0.0695809 -0.0364719 -0.0364719 0.027658 0.027658 0.132469 0.132469 0.263894 0.263894
 0.370407 0.370407 0.44501 0.44501 0.484591 0.484591 0.498004 0.498004 0.498136 0.498136
 0.494615 0.494615 0.49218 0.49218 0.491385 0.491385 0.491439 0.491439 0.491757 0.491757
 0.492082 0.492082 0.492343 0.492343 0.492534 0.492534 0.49276 0.49276 0.49296 0.49296
 -0.33333 -0.33333 -0.332629 -0.332629 -0.331824 -0.331824 -0.331121 -0.331121 -0.330103 -0.330103
 -0.328656 -0.328656 -0.326657 -0.326657 -0.323977 -0.323977 -0.320192 -0.320192 -0.313026 -0.313026
 -0.296278 -0.296278 -0.258195 -0.258195 -0.19288 -0.19288 -0.124174 -0.124174 -0.0691984 -0.0691984
 -0.028246 -0.028246 0.00287837 0.00287837 0.0265014 0.0265014 0.0454537 0.0454537 0.0611146 0.0611146
 0.0739849 0.0739849 0.0839851 0.0839851 0.0903876 0.0903876 0.0915698 0.0915698 0.0851084 0.0851084
 0.0699791 0.0699791 0.0448632 0.0448632 -0.00409148 -0.00409148 -0.0883162 -0.0883162 -0.18846 -0.18846
 -0.256455 -0.256455 -0.293311 -0.293311 -0.309718 -0.309718 -0.316187 -0.316187 -0.319711 -0.319711
 -0.322623 -0.322623 -0.32535 -0.32535 -0.32762 -0.32762 -0.329367 -0.329367 -0.330609 -0.330609
 -0.33147 -0.33147 -0.332062 -0.332062 -0.332467 -0.332467 -0.332928 -0.332928 -0.33333 -0.33333
 -0.33333 -0.33333 -0.332629 -0.332629 -0.331824 -0.331824 -0.331121 -0.331121 -0.330103 -0.330103
 -0.328656 -0.328656 -0.326657 -0.326657 -0.323977 -0.323977 -0.320192 -0.320192 -0.313026 -0.313026
 -0.296278 -0.296278 -0.258195 -0.258195 -0.19288 -0.19288 -0.124174 -0.124174 -0.0691984 -0.0691984
 -0.028246 -0.028246 0.00287837 0.00287837 0.0265014 0.0265014 0.0454537 0.0454537 0.0611146 0.0611146
 0.0739849 0.0739849 0.0839851 0.0839851 0.0903876 0.0903876 0.0915698 0.0915698 0.0851084 0.0851084
 0.0699791 0.0699791 0.0448632 0.0448632 -0.00409148 -0.00409148 -0.0883162 -0.0883162 -0.18846 -0.18846
 -0.256455 -0.256455 -0.293311 -0.293311 -0.309718 -0.309718 -0.316187 -0.316187 -0.319711 -0.319711
 -0.322623 -0.322623 -0.32535 -0.32535 -0.32762 -0.32762 -0.329367 -0.329367 -0.330609 -0.330609
 -0.33147 -0.33147 -0.332062 -0.332062 -0.332467 -0.332467 -0.332928 -0.332928 -0.33333 -0.33333
 -0.229544 -0.229544 -0.229894 -0.229894 -0.230301 -0.230301 -0.230661 -0.230661 -0.231191 -0.231191
 -0.231946 -0.231946 -0.232878 -0.232878 -0.233395 -0.233395 -0.231332 -0.231332 -0.221579 -0.221579
 -0.197755 -0.197755 -0.158023 -0.158023 -0.109653 -0.109653 -0.0713205 -0.0713205 -0.0487276 -0.0487276
 -0.0358091 -0.0358091 -0.027284 -0.027284 -0.0212229 -0.0212229 -0.0164587 -0.0164587 -0.0124643 -0.0124643
 -0.00897988 -0.00897988 -0.0058624 -0.0058624 -0.00307342 -0.00307342 -0.000719282 -0.000719282 0.000815343 0.000815343
 -0.000398171 -0.000398171 -0.00839133 -0.00839133 -0.0235665 -0.0235665 -0.0441529 -0.0441529 -0.0754336 -0.0754336
 -0.113952 -0.113952 -0.1517 -0.1517 -0.174873 -0.174873 -0.181818 -0.181818 -0.178425 -0.178425
 -0.171993 -0.171993 -0.16683 -0.16683 -0.163764 -0.163764 -0.162072 -0.162072 -0.161148 -0.161148
 -0.160612 -0.160612 -0.160281 -0.160281 -0.160067 -0.160067 -0.159831 -0.159831 -0.15963 -0.15963
 -0.229544 -0.229544 -0.229894 -0.229894 -0.230301 -0.230301 -0.230661 -0.230661 -0.231191 -0.231191
 -0.231946 -0.231946 -0.232878 -0.232878 -0.233395 -0.233395 -0.231332 -0.231332 -0.221579 -0.221579
 -0.197755 -0.197755 -0.158023 -0.158023 -0.109653 -0.109653 -0.0713205 -0.0713205 -0.0487276 -0.0487276
 -0.0358091 -0.0358091 -0.027284 -0.027284 -0.0212229 -0.0212229 -0.0164587 -0.0164587 -0.0124643 -0.0124643
 -0.00897988 -0.00897988 -0.0058624 -0.0058624 -0.00307342 -0.00307342 -0.000719282 -0.000719282 0.000815343 0.000815343
 -0.000398171 -0.000398171 -0.00839133 -0.00839133 -0.0235665 -0.0235665 -0.0441529 -0.0441529 -0.0754336 -0.0754336
 -0.113952 -0.113952 -0.1517 -0.1517 -0.174873 -0.174873 -0.181818 -0.181818 -0.178425 -0.178425
 -0.171993 -0.171993 -0.16683 -0.16683 -0.163764 -0.163764 -0.162072 -0.162072 -0.161148 -0.161148
 -0.160612 -0.160612 -0.160281 -0.160281 -0.160067 -0.160067 -0.159831 -0.159831 -0.15963 -0.15963
 -1.59198e-15 -1.59198e-15 0.000276626 0.000276626 0.000417205 0.000417205 0.000338627 0.000338627 -0.000161973 -0.000161973
 -0.00174913 -0.00174913 -0.00578926 -0.00578926 -0.0145616 -0.0145616 -0.0305098 -0.0305098 -0.0561904 -0.0561904
 -0.0911931 -0.0911931 -0.129791 -0.129791 -0.162011 -0.162011 -0.187221 -0.187221 -0.207276 -0.207276
 -0.216234 -0.216234 -0.216839 -0.216839 -0.213025 -0.213025 -0.207328 -0.207328 -0.200516 -0.200516
 -0.192751 -0.192751 -0.183763 -0.183763 -0.172903 -0.172903 -0.159095 -0.159095 -0.140269 -0.140269
 -0.113485 -0.113485 -0.0769 -0.0769 -0.0323877 -0.0323877 0.0115328 0.0115328 0.0225659 0.0225659
 0.00966366 0.00966366 0.0157322 0.0157322 0.0183183 0.0183183 0.0138887 0.0138887 0.00618113 0.00618113
 -0.000174345 -0.000174345 -0.0034919 -0.0034919 -0.00435392 -0.00435392 -0.00396283 -0.00396283 -0.00315615 -0.00315615
 -0.00234896 -0.00234896 -0.00168307 -0.00168307 -0.00117918 -0.00117918 -0.000563348 -0.000563348 0 0
 -1.59198e-15 -1.59198e-15 0.000276626 0.000276626 0.000417205 0.000417205 0.000338627 0.000338627 -0.000161973 -0.000161973
 -0.00174913 -0.00174913 -0.00578926 -0.00578926 -0.0145616 -0.0145616 -0.0305098 -0.0305098 -0.0561904 -0.0561904
 -0.0911931 -0.0911931 -0.129791 -0.129791 -0.162011 -0.162011 -0.187221 -0.187221 -0.207276 -0.207276
 -0.216234 -0.216234 -0.216839 -0.216839 -0.213025 -0.213025 -0.207328 -0.207328 -0.200516 -0.200516
 -0.192751 -0.192751 -0.183763 -0.183763 -0.172903 -0.172903 -0.159095 -0.159095 -0.140269 -0.140269
 -0.113485 -0.113485 -0.0769 -0.0769 -0.0323877 -0.0323877 0.0115328 0.0115328 0.0225659 0.0225659
 0.00966366 0.00966366 0.0157322 0.0157322 0.0183183 0.0183183 0.0138887 0.0138887 0.00618113 0.00618113
 -0.000174345 -0.000174345 -0.0034919 -0.0034919 -0.00435392 -0.00435392 -0.00396283 -0.00396283 -0.00315615 -0.00315615
 -0.00234896 -0.00234896 -0.00168307 -0.00168307 -0.00117918 -0.00117918 -0.000563348 -0.000563348 0 0
 0 0 0 0 0 0 0 0 0 0
 0 0 0 0 0 0 0 0 0 0
 0 0 0 0 0 0 0 0 0 0
 0 0 0 0 0 0 0 0 0 0
 0 0 0 0 0 0 0 0 0 0
 0 0 0 0 0 0 0 0 0 0
 0 0 0 0 0 0 0 0 0 0
 0 0 0 0 0 0 0 0 0 0
 0 0 0 0 0 0 0 0 0 0
 0 0 0 0 0 0 0 0 0 0
 0 0 0 0 0 0 0 0 0 0
 0 0 0 0 0 0 0 0 0 0
 0 0 0 0 0 0 0 0 0 0
 0 0 0 0 0 0 0 0 0 0
 0 0 0 0 0 0 0 0 0 0
 0 0 0 0 0 0 0 0 0 0
 0 0 0 0 0 0 0 0 0 0
 0 0 0 0 0 0 0 0 0 0
 0 0 0 0 0 0 0 0 0 0
 0 0 0 0 0 0 0 0 0 0
 0 0 0 0 0 0 0 0 0 0
 0 0 0 0 0 0 0 0 0 0
 0 0 0 0 0 0 0 0 0 0
 0 0 0 0 0 0 0 0 0 0
 0 0 0 0 0 0 0 0 0 0
 0 0 0 0 0 0 0 0 0 0
 0 0 0 0 0 0 0 0 0 0
 0 0 0 0 0 0 0 0 0 0
 0 0 0 0 0 0 0 0 0 0
 0 0 0 0 0 0 0 0 0 0
 0 0 0 0 0 0 0 0 0 0
 0 0 0 0 0 0 0 0 0 0
 0 0 0 0 0 0 0 0 0 0
 0 0 0 0 0 0 0 0 0 0
 0 0 0 0 0 0 0 0 0 0
 0 0 0 0 0 0 0 0 0 0
