idim4d 4 i
 2 45 2 1
abcd 50 d
 0 1 -1 -0.999 -0.99785 -0.99684 -0.99536 -0.99319 -0.99 -0.9853
 -0.9785 -0.9684 -0.9536 -0.9319 -0.9 -0.853 -0.785 -0.7 -0.6 -0.5
 -0.4 -0.3 -0.2 -0.1 0 0.1 0.2 0.3 0.4 0.5
 0.6 0.7 0.785 0.853 0.9 0.9319 0.9536 0.9684 0.9785 0.9853
 0.99 0.99319 0.99536 0.99684 0.99785 0.999 1 0 0.2 0
U1 180 d
 0 0 0.0125391 0.0125391 0.0269436 0.0269436 0.0395812 0.0395812 0.0580775 0.0580775
 0.0851497 0.0851497 0.124834 0.124834 0.182948 0.182948 0.265547 0.265547 0.381591 0.381591
 0.527182 0.527182 0.676704 0.676704 0.791721 0.791721 0.865978 0.865978 0.926249 0.926249
 0.978697 0.978697 1.02225 1.02225 1.05558 1.05558 1.08187 1.08187 1.10216 1.10216
 1.11807 1.11807 1.13067 1.13067 1.13609 1.13609 1.13067 1.13067 1.11807 1.11807
 1.10216 1.10216 1.08187 1.08187 1.05558 1.05558 1.02225 1.02225 0.978697 0.978697
 0.926249 0.926249 0.865978 0.865978 0.791721 0.791721 0.676704 0.676704 0.527182 0.527182
 0.381591 0.381591 0.265547 0.265547 0.182948 0.182948 0.124834 0.124834 0.0851497 0.0851497
 0.0580775 0.0580775 0.0395812 0.0395812 0.0269436 0.0269436 0.0125391 0.0125391 0 0
 0 0 0.0125391 0.0125391 0.0269436 0.0269436 0.0395812 0.0395812 0.0580775 0.0580775
 0.0851497 0.0851497 0.124834 0.124834 0.182948 0.182948 0.265547 0.265547 0.381591 0.381591
 0.527182 0.527182 0.676704 0.676704 0.791721 0.791721 0.865978 0.865978 0.926249 0.926249
 0.978697 0.978697 1.02225 1.02225 1.05558 1.05558 1.08187 1.08187 1.10216 1.10216
 1.11807 1.11807 1.13067 1.13067 1.13609 1.13609 1.13067 1.13067 1.11807 1.11807
 1.10216 1.10216 1.08187 1.08187 1.05558 1.05558 1.02225 1.02225 0.978697 0.978697
 0.926249 0.926249 0.865978 0.865978 0.791721 0.791721 0.676704 0.676704 0.527182 0.527182
 0.381591 0.381591 0.265547 0.265547 0.182948 0.182948 0.124834 0.124834 0.0851497 0.0851497
 0.0580775 0.0580775 0.0395812 0.0395812 0.0269436 0.0269436 0.0125391 0.0125391 0 0
qturb 180 d
 0 0 0.00337331 0.00337331 0.00725169 0.00725169 0.0106545 0.0106545 0.0156271 0.0156271
 0.0228616 0.0228616 0.0332784 0.0332784 0.0478601 0.0478601 0.0667525 0.0667525 0.0893895 0.0893895
 0.111383 0.111383 0.125333 0.125333 0.126696 0.126696 0.119522 0.119522 0.109743 0.109743
 0.0999322 0.0999322 0.0900898 0.0900898 0.0811692 0.0811692 0.0727584 0.0727584 0.0650195 0.0650195
 0.0584868 0.0584868 0.0538628 0.0538628 0.0521252 0.0521252 0.0538628 0.0538628 0.0584868 0.0584868
 0.0650195 0.0650195 0.0727584 0.0727584 0.0811692 0.0811692 0.0900898 0.0900898 0.0999322 0.0999322
 0.109743 0.109743 0.119522 0.119522 0.126696 0.126696 0.125333 0.125333 0.111383 0.111383
 0.0893895 0.0893895 0.0667525 0.0667525 0.0478601 0.0478601 0.0332784 0.0332784 0.0228616 0.0228616
 0.0156271 0.0156271 0.0106545 0.0106545 0.00725169 0.00725169 0.00337331 0.00337331 0 0
 0 0 0.00337331 0.00337331 0.00725169 0.00725169 0.0106545 0.0106545 0.0156271 0.0156271
 0.0228616 0.0228616 0.0332784 0.0332784 0.0478601 0.0478601 0.0667525 0.0667525 0.0893895 0.0893895
 0.111383 0.111383 0.125333 0.125333 0.126696 0.126696 0.119522 0.119522 0.109743 0.109743
 0.0999322 0.0999322 0.0900898 0.0900898 0.0811692 0.0811692 0.0727584 0.0727584 0.0650195 0.0650195
 0.0584868 0.0584868 0.0538628 0.0538628 0.0521252 0.0521252 0.0538628 0.0538628 0.0584868 0.0584868
 0.0650195 0.0650195 0.0727584 0.0727584 0.0811692 0.0811692 0.0900898 0.0900898 0.0999322 0.0999322
 0.109743 0.109743 0.119522 0.119522 0.126696 0.126696 0.125333 0.125333 0.111383 0.111383
 0.0893895 0.0893895 0.0667525 0.0667525 0.0478601 0.0478601 0.0332784 0.0332784 0.0228616 0.0228616
 0.0156271 0.0156271 0.0106545 0.0106545 0.00725169 0.00725169 0.00337331 0.00337331 0 0
omturb 180 d
 0.320464 0.320464 0.320792 0.320792 0.321328 0.321328 0.321945 0.321945 0.323106 0.323106
 0.325359 0.325359 0.329779 0.329779 0.33805 0.33805 0.351076 0.351076 0.366167 0.366167
 0.371775 0.371775 0.351804 0.351804 0.303436 0.303436 0.243864 0.243864 0.189145 0.189145
 0.146979 0.146979 0.114846 0.114846 0.0924851 0.0924851 0.0759071 0.0759071 0.0634076 0.0634076
 0.0543656 0.0543656 0.048665 0.048665 0.0466593 0.0466593 0.048665 0.048665 0.0543656 0.0543656
 0.0634076 0.0634076 0.0759071 0.0759071 0.0924851 0.0924851 0.114846 0.114846 0.146979 0.146979
 0.189145 0.189145 0.243864 0.243864 0.303436 0.303436 0.351804 0.351804 0.371775 0.371775
 0.366167 0.366167 0.351076 0.351076 0.33805 0.33805 0.329779 0.329779 0.325359 0.325359
 0.323106 0.323106 0.321945 0.321945 0.321328 0.321328 0.320792 0.320792 0.320464 0.320464
 0.320464 0.320464 0.320792 0.320792 0.321328 0.321328 0.321945 0.321945 0.323106 0.323106
 0.325359 0.325359 0.329779 0.329779 0.33805 0.33805 0.351076 0.351076 0.366167 0.366167
 0.371775 0.371775 0.351804 0.351804 0.303436 0.303436 0.243864 0.243864 0.189145 0.189145
 0.146979 0.146979 0.114846 0.114846 0.0924851 0.0924851 0.0759071 0.0759071 0.0634076 0.0634076
 0.0543656 0.0543656 0.048665 0.048665 0.0466593 0.0466593 0.048665 0.048665 0.0543656 0.0543656
 0.0634076 0.0634076 0.0759071 0.0759071 0.0924851 0.0924851 0.114846 0.114846 0.146979 0.146979
 0.189145 0.189145 0.243864 0.243864 0.303436 0.303436 0.351804 0.351804 0.371775 0.371775
 0.366167 0.366167 0.351076 0.351076 0.33805 0.33805 0.329779 0.329779 0.325359 0.325359
 0.323106 0.323106 0.321945 0.321945 0.321328 0.321328 0.320792 0.320792 0.320464 0.320464
bij 1080 d
 0.561524 0.561524 0.561241 0.561241 0.56092 0.56092 0.560646 0.560646 0.560262 0.560262
 0.559748 0.559748 0.559094 0.559094 0.55824 0.55824 0.556635 0.556635 0.551797 0.551797
 0.537702 0.537702 0.505337 0.505337 0.446509 0.446509 0.36139 0.36139 0.284241 0.284241
 0.24272 0.24272 0.223875 0.223875 0.213091 0.213091 0.201039 0.201039 0.184259 0.184259
 0.163287 0.163287 0.143248 0.143248 0.134327 0.134327 0.143248 0.143248 0.163287 0.163287
 0.184259 0.184259 0.201039 0.201039 0.213091 0.213091 0.223875 0.223875 0.24272 0.24272
 0.284241 0.284241 0.36139 0.36139 0.446509 0.446509 0.505337 0.505337 0.537702 0.537702
 0.551797 0.551797 0.556635 0.556635 0.55824 0.55824 0.559094 0.559094 0.559747 0.559747
 0.560262 0.560262 0.560646 0.560646 0.56092 0.56092 0.561241 0.561241 0.561524 0.561524
 0.561524 0.561524 0.561241 0.561241 0.56092 0.56092 0.560646 0.560646 0.560262 0.560262
 0.559748 0.559748 0.559094 0.559094 0.55824 0.55824 0.556635 0.556635 0.551797 0.551797
 0.537702 0.537702 0.505337 0.505337 0.446509 0.446509 0.36139 0.36139 0.284241 0.284241
 0.24272 0.24272 0.223875 0.223875 0.213091 0.213091 0.201039 0.201039 0.184259 0.184259
 0.163287 0.163287 0.143248 0.143248 0.134327 0.134327 0.143248 0.143248 0.163287 0.163287
 0.184259 0.184259 0.201039 0.201039 0.213091 0.213091 0.223875 0.223875 0.24272 0.24272
 0.284241 0.284241 0.36139 0.36139 0.446509 0.446509 0.505337 0.505337 0.537702 0.537702
 0.551797 0.551797 0.556635 0.556635 0.55824 0.55824 0.559094 0.559094 0.559747 0.559747
 0.560262 0.560262 0.560646 0.560646 0.56092 0.56092 0.561241 0.561241 0.561524 0.561524
 -0.33333 -0.33333 -0.332764 -0.332764 -0.332114 -0.332114 -0.331546 -0.331546 -0.330719 -0.330719
 -0.329533 -0.329533 -0.327877 -0.327877 -0.325687 -0.325687 -0.323025 -0.323025 -0.319548 -0.319548
 -0.313729 -0.313729 -0.301766 -0.301766 -0.277367 -0.277367 -0.235677 -0.235677 -0.193679 -0.193679
 -0.169768 -0.169768 -0.15849 -0.15849 -0.15158 -0.15158 -0.143297 -0.143297 -0.131462 -0.131462
 -0.116563 -0.116563 -0.102305 -0.102305 -0.0959585 -0.0959585 -0.102305 -0.102305 -0.116563 -0.116563
 -0.131462 -0.131462 -0.143297 -0.143297 -0.15158 -0.15158 -0.15849 -0.15849 -0.169768 -0.169768
 -0.193679 -0.193679 -0.235677 -0.235677 -0.277367 -0.277367 -0.301766 -0.301766 -0.313729 -0.313729
 -0.319548 -0.319548 -0.323025 -0.323025 -0.325687 -0.325687 -0.327877 -0.327877 -0.329533 -0.329533
 -0.330719 -0.330719 -0.331546 -0.331546 -0.332114 -0.332114 -0.332764 -0.332764 -0.33333 -0.33333
 -0.33333 -0.33333 -0.332764 -0.332764 -0.332114 -0.332114 -0.331546 -0.331546 -0.330719 -0.330719
 -0.329533 -0.329533 -0.327877 -0.327877 -0.325687 -0.325687 -0.323025 -0.323025 -0.319548 -0.319548
 -0.313729 -0.313729 -0.301766 -0.301766 -0.277367 -0.277367 -0.235677 -0.235677 -0.193679 -0.193679
 -0.169768 -0.169768 -0.15849 -0.15849 -0.15158 -0.15158 -0.143297 -0.143297 -0.131462 -0.131462
 -0.116563 -0.116563 -0.102305 -0.102305 -0.0959585 -0.0959585 -0.102305 -0.102305 -0.116563 -0.116563
 -0.131462 -0.131462 -0.143297 -0.143297 -0.15158 -0.15158 -0.15849 -0.15849 -0.169768 -0.169768
 -0.193679 -0.193679 -0.235677 -0.235677 -0.277367 -0.277367 -0.301766 -0.301766 -0.313729 -0.313729
 -0.319548 -0.319548 -0.323025 -0.323025 -0.325687 -0.325687 -0.327877 -0.327877 -0.329533 -0.329533
 -0.330719 -0.330719 -0.331546 -0.331546 -0.332114 -0.332114 -0.332764 -0.332764 -0.33333 -0.33333
 -0.228194 -0.228194 -0.228477 -0.228477 -0.228806 -0.228806 -0.2291 -0.2291 -0.229543 -0.229543
 -0.230214 -0.230214 -0.231218 -0.231218 -0.232552 -0.232552 -0.23361 -0.23361 -0.232249 -0.232249
 -0.223973 -0.223973 -0.203571 -0.203571 -0.169142 -0.169142 -0.125712 -0.125712 -0.0905623 -0.0905623
 -0.0729522 -0.0729522 -0.0653843 -0.0653843 -0.0615109 -0.0615109 -0.057742 -0.057742 -0.0527979 -0.0527979
 -0.0467249 -0.0467249 -0.0409434 -0.0409434 -0.0383689 -0.0383689 -0.0409434 -0.0409434 -0.0467249 -0.0467249
 -0.0527979 -0.0527979 -0.057742 -0.057742 -0.0615109 -0.0615109 -0.0653843 -0.0653843 -0.0729522 -0.0729522
 -0.0905623 -0.0905623 -0.125712 -0.125712 -0.169142 -0.169142 -0.203571 -0.203571 -0.223973 -0.223973
 -0.232249 -0.232249 -0.23361 -0.23361 -0.232552 -0.232552 -0.231218 -0.231218 -0.230214 -0.230214
 -0.229543 -0.229543 -0.2291 -0.2291 -0.228806 -0.228806 -0.228477 -0.228477 -0.228194 -0.228194
 -0.228194 -0.228194 -0.228477 -0.228477 -0.228806 -0.228806 -0.2291 -0.2291 -0.229543 -0.229543
 -0.230214 -0.230214 -0.231218 -0.231218 -0.232552 -0.232552 -0.23361 -0.23361 -0.232249 -0.232249
 -0.223973 -0.223973 -0.203571 -0.203571 -0.169142 -0.169142 -0.125712 -0.125712 -0.0905623 -0.0905623
 -0.0729522 -0.0729522 -0.0653843 -0.0653843 -0.0615109 -0.0615109 -0.057742 -0.057742 -0.0527979 -0.0527979
 -0.0467249 -0.0467249 -0.0409434 -0.0409434 -0.0383689 -0.0383689 -0.0409434 -0.0409434 -0.0467249 -0.0467249
 -0.0527979 -0.0527979 -0.057742 -0.057742 -0.0615109 -0.0615109 -0.0653843 -0.0653843 -0.0729522 -0.0729522
 -0.0905623 -0.0905623 -0.125712 -0.125712 -0.169142 -0.169142 -0.203571 -0.203571 -0.223973 -0.223973
 -0.232249 -0.232249 -0.23361 -0.23361 -0.232552 -0.232552 -0.231218 -0.231218 -0.230214 -0.230214
 -0.229543 -0.229543 -0.2291 -0.2291 -0.228806 -0.228806 -0.228477 -0.228477 -0.228194 -0.228194
 -1.58958e-15 -1.58958e-15 0.00041144 0.00041144 0.000789886 0.000789886 0.00101358 0.00101358 0.00113106 0.00113106
 0.000825541 0.000825541 -0.000631014 -0.000631014 -0.00460667 -0.00460667 -0.0127767 -0.0127767 -0.0267511 -0.0267511
 -0.0466425 -0.0466425 -0.0708251 -0.0708251 -0.0946984 -0.0946984 -0.112396 -0.112396 -0.125754 -0.125754
 -0.138037 -0.138037 -0.146991 -0.146991 -0.15153 -0.15153 -0.151369 -0.151369 -0.142792 -0.142792
 -0.117448 -0.117448 -0.0680188 -0.0680188 5.32751e-09 5.32751e-09 0.0680188 0.0680188 0.117448 0.117448
 0.142792 0.142792 0.151369 0.151369 0.15153 0.15153 0.146991 0.146991 0.138037 0.138037
 0.125754 0.125754 0.112396 0.112396 0.0946984 0.0946984 0.0708251 0.0708251 0.0466425 0.0466425
 0.0267511 0.0267511 0.0127767 0.0127767 0.00460667 0.00460667 0.000631015 0.000631015 -0.00082554 -0.00082554
 -0.00113106 -0.00113106 -0.00101358 -0.00101358 -0.000789886 -0.000789886 -0.00041144 -0.00041144 0 0
 -1.58958e-15 -1.58958e-15 0.00041144 0.00041144 0.000789886 0.000789886 0.00101358 0.00101358 0.00113106 0.00113106
 0.000825541 0.000825541 -0.000631014 -0.000631014 -0.00460667 -0.00460667 -0.0127767 -0.0127767 -0.0267511 -0.0267511
 -0.0466425 -0.0466425 -0.0708251 -0.0708251 -0.0946984 -0.0946984 -0.112396 -0.112396 -0.125754 -0.125754
 -0.138037 -0.138037 -0.146991 -0.146991 -0.15153 -0.15153 -0.151369 -0.151369 -0.142792 -0.142792
 -0.117448 -0.117448 -0.0680188 -0.0680188 5.32751e-09 5.32751e-09 0.0680188 0.0680188 0.117448 0.117448
 0.142792 0.142792 0.151369 0.151369 0.15153 0.15153 0.146991 0.146991 0.138037 0.138037
 0.125754 0.125754 0.112396 0.112396 0.0946984 0.0946984 0.0708251 0.0708251 0.0466425 0.0466425
 0.0267511 0.0267511 0.0127767 0.0127767 0.00460667 0.00460667 0.000631015 0.000631015 -0.00082554 -0.00082554
 -0.00113106 -0.00113106 -0.00101358 -0.00101358 -0.000789886 -0.000789886 -0.00041144 -0.00041144 0 0
 0 0 0 0 0 0 0 0 0 0
 0 0 0 0 0 0 0 0 0 0
 0 0 0 0 0 0 0 0 0 0
 0 0 0 0 0 0 0 0 0 0
 0 0 0 0 0 0 0 0 0 0
 0 0 0 0 0 0 0 0 0 0
 0 0 0 0 0 0 0 0 0 0
 0 0 0 0 0 0 0 0 0 0
 0 0 0 0 0 0 0 0 0 0
 0 0 0 0 0 0 0 0 0 0
 0 0 0 0 0 0 0 0 0 0
 0 0 0 0 0 0 0 0 0 0
 0 0 0 0 0 0 0 0 0 0
 0 0 0 0 0 0 0 0 0 0
 0 0 0 0 0 0 0 0 0 0
 0 0 0 0 0 0 0 0 0 0
 0 0 0 0 0 0 0 0 0 0
 0 0 0 0 0 0 0 0 0 0
 0 0 0 0 0 0 0 0 0 0
 0 0 0 0 0 0 0 0 0 0
 0 0 0 0 0 0 0 0 0 0
 0 0 0 0 0 0 0 0 0 0
 0 0 0 0 0 0 0 0 0 0
 0 0 0 0 0 0 0 0 0 0
 0 0 0 0 0 0 0 0 0 0
 0 0 0 0 0 0 0 0 0 0
 0 0 0 0 0 0 0 0 0 0
 0 0 0 0 0 0 0 0 0 0
 0 0 0 0 0 0 0 0 0 0
 0 0 0 0 0 0 0 0 0 0
 0 0 0 0 0 0 0 0 0 0
 0 0 0 0 0 0 0 0 0 0
 0 0 0 0 0 0 0 0 0 0
 0 0 0 0 0 0 0 0 0 0
 0 0 0 0 0 0 0 0 0 0
 0 0 0 0 0 0 0 0 0 0
