idim4d 4 i
 2 45 2 1
abcd 50 d
 0 1 -1 -0.999 -0.99785 -0.99684 -0.99536 -0.99319 -0.99 -0.9853
 -0.9785 -0.9684 -0.9536 -0.9319 -0.9 -0.853 -0.785 -0.7 -0.6 -0.5
 -0.4 -0.3 -0.2 -0.1 0 0.1 0.2 0.3 0.4 0.5
 0.6 0.7 0.785 0.853 0.9 0.9319 0.9536 0.9684 0.9785 0.9853
 0.99 0.99319 0.99536 0.99684 0.99785 0.999 1 0 0.2 0
U1 180 d
 0 0 0.0193171 0.0193171 0.0415164 0.0415164 0.0609996 0.0609996 0.0895249 0.0895249
 0.131282 0.131282 0.192407 0.192407 0.281147 0.281147 0.403068 0.403068 0.557526 0.557526
 0.709171 0.709171 0.809847 0.809847 0.858333 0.858333 0.892781 0.892781 0.929263 0.929263
 0.964383 0.964383 1.00008 1.00008 1.03167 1.03167 1.06086 1.06086 1.08816 1.08816
 1.11407 1.11407 1.13875 1.13875 1.16234 1.16234 1.18472 1.18472 1.20604 1.20604
 1.22721 1.22721 1.24686 1.24686 1.25389 1.25389 1.22331 1.22331 1.11193 1.11193
 0.918027 0.918027 0.693329 0.693329 0.506103 0.506103 0.361716 0.361716 0.253898 0.253898
 0.176031 0.176031 0.121128 0.121128 0.0834338 0.0834338 0.0570482 0.0570482 0.0389848 0.0389848
 0.0266252 0.0266252 0.0181619 0.0181619 0.0123706 0.0123706 0.00576099 0.00576099 0 0
 0 0 0.0193171 0.0193171 0.0415164 0.0415164 0.0609996 0.0609996 0.0895249 0.0895249
 0.131282 0.131282 0.192407 0.192407 0.281147 0.281147 0.403068 0.403068 0.557526 0.557526
 0.709171 0.709171 0.809847 0.809847 0.858333 0.858333 0.892781 0.892781 0.929263 0.929263
 0.964383 0.964383 1.00008 1.00008 1.03167 1.03167 1.06086 1.06086 1.08816 1.08816
 1.11407 1.11407 1.13875 1.13875 1.16234 1.16234 1.18472 1.18472 1.20604 1.20604
 1.22721 1.22721 1.24686 1.24686 1.25389 1.25389 1.22331 1.22331 1.11193 1.11193
 0.918027 0.918027 0.693329 0.693329 0.506103 0.506103 0.361716 0.361716 0.253898 0.253898
 0.176031 0.176031 0.121128 0.121128 0.0834338 0.0834338 0.0570482 0.0570482 0.0389848 0.0389848
 0.0266252 0.0266252 0.0181619 0.0181619 0.0123706 0.0123706 0.00576099 0.00576099 0 0
qturb 180 d
 0 0 0.00541926 0.00541926 0.011648 0.011648 0.0171071 0.0171071 0.0250639 0.0250639
 0.0365617 0.0365617 0.0528448 0.0528448 0.074809 0.074809 0.101066 0.101066 0.126837 0.126837
 0.141247 0.141247 0.139417 0.139417 0.129324 0.129324 0.11969 0.11969 0.112781 0.112781
 0.108447 0.108447 0.105309 0.105309 0.102548 0.102548 0.0996364 0.0996364 0.0963774 0.0963774
 0.0927102 0.0927102 0.0886158 0.0886158 0.0841056 0.0841056 0.0792249 0.0792249 0.0740507 0.0740507
 0.0686593 0.0686593 0.0632701 0.0632701 0.058657 0.058657 0.0559862 0.0559862 0.0551104 0.0551104
 0.0541311 0.0541311 0.051529 0.051529 0.0463467 0.0463467 0.0382258 0.0382258 0.0291117 0.0291117
 0.0209779 0.0209779 0.0146337 0.0146337 0.0101039 0.0101039 0.00689864 0.00689864 0.00470402 0.00470402
 0.00320649 0.00320649 0.00218404 0.00218404 0.00148603 0.00148603 0.000691185 0.000691185 0 0
 0 0 0.00541926 0.00541926 0.011648 0.011648 0.0171071 0.0171071 0.0250639 0.0250639
 0.0365617 0.0365617 0.0528448 0.0528448 0.074809 0.074809 0.101066 0.101066 0.126837 0.126837
 0.141247 0.141247 0.139417 0.139417 0.129324 0.129324 0.11969 0.11969 0.112781 0.112781
 0.108447 0.108447 0.105309 0.105309 0.102548 0.102548 0.0996364 0.0996364 0.0963774 0.0963774
 0.0927102 0.0927102 0.0886158 0.0886158 0.0841056 0.0841056 0.0792249 0.0792249 0.0740507 0.0740507
 0.0686593 0.0686593 0.0632701 0.0632701 0.058657 0.058657 0.0559862 0.0559862 0.0551104 0.0551104
 0.0541311 0.0541311 0.051529 0.051529 0.0463467 0.0463467 0.0382258 0.0382258 0.0291117 0.0291117
 0.0209779 0.0209779 0.0146337 0.0146337 0.0101039 0.0101039 0.00689864 0.00689864 0.00470402 0.00470402
 0.00320649 0.00320649 0.00218404 0.00218404 0.00148603 0.00148603 0.000691185 0.000691185 0 0
omturb 180 d
 0.51483 0.51483 0.519008 0.519008 0.524214 0.524214 0.529135 0.529135 0.53691 0.53691
 0.54935 0.54935 0.568997 0.568997 0.59732 0.59732 0.627671 0.627671 0.637263 0.637263
 0.592772 0.592772 0.496131 0.496131 0.387348 0.387348 0.294122 0.294122 0.221604 0.221604
 0.171809 0.171809 0.137748 0.137748 0.11581 0.11581 0.100325 0.100325 0.0886347 0.0886347
 0.0793555 0.0793555 0.0716957 0.0716957 0.0651826 0.0651826 0.0595362 0.0595362 0.0546049 0.0546049
 0.0503171 0.0503171 0.046765 0.046765 0.0444814 0.0444814 0.0444489 0.0444489 0.0472507 0.0472507
 0.0520061 0.0520061 0.0579571 0.0579571 0.0628436 0.0628436 0.0646946 0.0646946 0.0642594 0.0642594
 0.0634615 0.0634615 0.0632465 0.0632465 0.06353 0.06353 0.0639927 0.0639927 0.0644333 0.0644333
 0.0647867 0.0647867 0.06505 0.06505 0.0652389 0.0652389 0.0654622 0.0654622 0.0656626 0.0656626
 0.51483 0.51483 0.519008 0.519008 0.524214 0.524214 0.529135 0.529135 0.53691 0.53691
 0.54935 0.54935 0.568997 0.568997 0.59732 0.59732 0.627671 0.627671 0.637263 0.637263
 0.592772 0.592772 0.496131 0.496131 0.387348 0.387348 0.294122 0.294122 0.221604 0.221604
 0.171809 0.171809 0.137748 0.137748 0.11581 0.11581 0.100325 0.100325 0.0886347 0.0886347
 0.0793555 0.0793555 0.0716957 0.0716957 0.0651826 0.0651826 0.0595362 0.0595362 0.0546049 0.0546049
 0.0503171 0.0503171 0.046765 0.046765 0.0444814 0.0444814 0.0444489 0.0444489 0.0472507 0.0472507
 0.0520061 0.0520061 0.0579571 0.0579571 0.0628436 0.0628436 0.0646946 0.0646946 0.0642594 0.0642594
 0.0634615 0.0634615 0.0632465 0.0632465 0.06353 0.06353 0.0639927 0.0639927 0.0644333 0.0644333
 0.0647867 0.0647867 0.06505 0.06505 0.0652389 0.0652389 0.0654622 0.0654622 0.0656626 0.0656626
bij 1080 d
 0.559438 0.559438 0.559069 0.559069 0.558647 0.558647 0.558283 0.558283 0.557758 0.557758
 0.556996 0.556996 0.555769 0.555769 0.553187 0.553187 0.546266 0.546266 0.526823 0.526823
 0.481183 0.481183 0.395284 0.395284 0.273374 0.273374 0.159876 0.159876 0.0752584 0.0752584
 0.0175583 0.0175583 -0.0218604 -0.0218604 -0.0492405 -0.0492405 -0.069862 -0.069862 -0.0862671 -0.0862671
 -0.0994172 -0.0994172 -0.10948 -0.10948 -0.115794 -0.115794 -0.116649 -0.116649 -0.109225 -0.109225
 -0.0903759 -0.0903759 -0.0551682 -0.0551682 0.0095173 0.0095173 0.112914 0.112914 0.240838 0.240838
 0.349817 0.349817 0.430411 0.430411 0.477032 0.477032 0.495846 0.495846 0.49904 0.49904
 0.496972 0.496972 0.495103 0.495103 0.494502 0.494502 0.494621 0.494621 0.494958 0.494958
 0.495289 0.495289 0.495552 0.495552 0.495743 0.495743 0.495969 0.495969 0.49617 0.49617
 0.559438 0.559438 0.559069 0.559069 0.558647 0.558647 0.558283 0.558283 0.557758 0.557758
 0.556996 0.556996 0.555769 0.555769 0.553187 0.553187 0.546266 0.546266 0.526823 0.526823
 0.481183 0.481183 0.395284 0.395284 0.273374 0.273374 0.159876 0.159876 0.0752584 0.0752584
 0.0175583 0.0175583 -0.0218604 -0.0218604 -0.0492405 -0.0492405 -0.069862 -0.069862 -0.0862671 -0.0862671
 -0.0994172 -0.0994172 -0.10948 -0.10948 -0.115794 -0.115794 -0.116649 -0.116649 -0.109225 -0.109225
 -0.0903759 -0.0903759 -0.0551682 -0.0551682 0.0095173 0.0095173 0.112914 0.112914 0.240838 0.240838
 0.349817 0.349817 0.430411 0.430411 0.477032 0.477032 0.495846 0.495846 0.49904 0.49904
 0.496972 0.496972 0.495103 0.495103 0.494502 0.494502 0.494621 0.494621 0.494958 0.494958
 0.495289 0.495289 0.495552 0.495552 0.495743 0.495743 0.495969 0.495969 0.49617 0.49617
 -0.33333 -0.33333 -0.332591 -0.332591 -0.331742 -0.331742 -0.331001 -0.331001 -0.329929 -0.329929
 -0.328401 -0.328401 -0.326287 -0.326287 -0.323416 -0.323416 -0.31924 -0.31924 -0.311056 -0.311056
 -0.291496 -0.291496 -0.247288 -0.247288 -0.174011 -0.174011 -0.0979153 -0.0979153 -0.0355699 -0.0355699
 0.00931437 0.00931437 0.0405599 0.0405599 0.0623998 0.0623998 0.0788534 0.0788534 0.0918584 0.0918584
 0.102096 0.102096 0.109573 0.109573 0.113579 0.113579 0.11249 0.11249 0.103881 0.103881
 0.0865232 0.0865232 0.0591568 0.0591568 0.00963769 0.00963769 -0.0733065 -0.0733065 -0.172046 -0.172046
 -0.243946 -0.243946 -0.286267 -0.286267 -0.306791 -0.306791 -0.315175 -0.315175 -0.319369 -0.319369
 -0.322508 -0.322508 -0.325304 -0.325304 -0.327597 -0.327597 -0.329352 -0.329352 -0.3306 -0.3306
 -0.331464 -0.331464 -0.332058 -0.332058 -0.332464 -0.332464 -0.332927 -0.332927 -0.33333 -0.33333
 -0.33333 -0.33333 -0.332591 -0.332591 -0.331742 -0.331742 -0.331001 -0.331001 -0.329929 -0.329929
 -0.328401 -0.328401 -0.326287 -0.326287 -0.323416 -0.323416 -0.31924 -0.31924 -0.311056 -0.311056
 -0.291496 -0.291496 -0.247288 -0.247288 -0.174011 -0.174011 -0.0979153 -0.0979153 -0.0355699 -0.0355699
 0.00931437 0.00931437 0.0405599 0.0405599 0.0623998 0.0623998 0.0788534 0.0788534 0.0918584 0.0918584
 0.102096 0.102096 0.109573 0.109573 0.113579 0.113579 0.11249 0.11249 0.103881 0.103881
 0.0865232 0.0865232 0.0591568 0.0591568 0.00963769 0.00963769 -0.0733065 -0.0733065 -0.172046 -0.172046
 -0.243946 -0.243946 -0.286267 -0.286267 -0.306791 -0.306791 -0.315175 -0.315175 -0.319369 -0.319369
 -0.322508 -0.322508 -0.325304 -0.325304 -0.327597 -0.327597 -0.329352 -0.329352 -0.3306 -0.3306
 -0.331464 -0.331464 -0.332058 -0.332058 -0.332464 -0.332464 -0.332927 -0.332927 -0.33333 -0.33333
 -0.226108 -0.226108 -0.226478 -0.226478 -0.226905 -0.226905 -0.227281 -0.227281 -0.22783 -0.22783
 -0.228594 -0.228594 -0.229482 -0.229482 -0.229771 -0.229771 -0.227025 -0.227025 -0.215767 -0.215767
 -0.189686 -0.189686 -0.147996 -0.147996 -0.0993629 -0.0993629 -0.0619609 -0.0619609 -0.0396885 -0.0396885
 -0.0268727 -0.0268727 -0.0186995 -0.0186995 -0.0131593 -0.0131593 -0.00899136 -0.00899136 -0.00559132 -0.00559132
 -0.00267855 -0.00267855 -9.30479e-05 -9.30479e-05 0.00221453 0.00221453 0.00415904 0.00415904 0.00534432 0.00534432
 0.00385263 0.00385263 -0.00398867 -0.00398867 -0.019155 -0.019155 -0.0396072 -0.0396072 -0.0687917 -0.0687917
 -0.105871 -0.105871 -0.144143 -0.144143 -0.170241 -0.170241 -0.180671 -0.180671 -0.179671 -0.179671
 -0.174464 -0.174464 -0.169799 -0.169799 -0.166906 -0.166906 -0.165268 -0.165268 -0.164359 -0.164359
 -0.163826 -0.163826 -0.163494 -0.163494 -0.163279 -0.163279 -0.163042 -0.163042 -0.16284 -0.16284
 -0.226108 -0.226108 -0.226478 -0.226478 -0.226905 -0.226905 -0.227281 -0.227281 -0.22783 -0.22783
 -0.228594 -0.228594 -0.229482 -0.229482 -0.229771 -0.229771 -0.227025 -0.227025 -0.215767 -0.215767
 -0.189686 -0.189686 -0.147996 -0.147996 -0.0993629 -0.0993629 -0.0619609 -0.0619609 -0.0396885 -0.0396885
 -0.0268727 -0.0268727 -0.0186995 -0.0186995 -0.0131593 -0.0131593 -0.00899136 -0.00899136 -0.00559132 -0.00559132
 -0.00267855 -0.00267855 -9.30479e-05 -9.30479e-05 0.00221453 0.00221453 0.00415904 0.00415904 0.00534432 0.00534432
 0.00385263 0.00385263 -0.00398867 -0.00398867 -0.019155 -0.019155 -0.0396072 -0.0396072 -0.0687917 -0.0687917
 -0.105871 -0.105871 -0.144143 -0.144143 -0.170241 -0.170241 -0.180671 -0.180671 -0.179671 -0.179671
 -0.174464 -0.174464 -0.169799 -0.169799 -0.166906 -0.166906 -0.165268 -0.165268 -0.164359 -0.164359
 -0.163826 -0.163826 -0.163494 -0.163494 -0.163279 -0.163279 -0.163042 -0.163042 -0.16284 -0.16284
 -1.58588e-15 -1.58588e-15 0.000201833 0.000201833 0.000246403 0.000246403 7.23844e-05 7.23844e-05 -0.000588551 -0.000588551
 -0.00245329 -0.00245329 -0.00697621 -0.00697621 -0.0165557 -0.0165557 -0.0337377 -0.0337377 -0.0611807 -0.0611807
 -0.0981427 -0.0981427 -0.138247 -0.138247 -0.170968 -0.170968 -0.19546 -0.19546 -0.212026 -0.212026
 -0.215141 -0.215141 -0.210189 -0.210189 -0.202182 -0.202182 -0.193515 -0.193515 -0.184604 -0.184604
 -0.17546 -0.17546 -0.16571 -0.16571 -0.15472 -0.15472 -0.141519 -0.141519 -0.124258 -0.124258
 -0.100304 -0.100304 -0.0675099 -0.0675099 -0.0277811 -0.0277811 0.00912934 0.00912934 0.0192341 0.0192341
 0.00932554 0.00932554 0.0136261 0.0136261 0.0189952 0.0189952 0.0157881 0.0157881 0.00787824 0.00787824
 0.000979888 0.000979888 -0.00277764 -0.00277764 -0.00391235 -0.00391235 -0.00368536 -0.00368536 -0.00297693 -0.00297693
 -0.00223077 -0.00223077 -0.00160412 -0.00160412 -0.00112606 -0.00112606 -0.000538889 -0.000538889 0 0
 -1.58588e-15 -1.58588e-15 0.000201833 0.000201833 0.000246403 0.000246403 7.23844e-05 7.23844e-05 -0.000588551 -0.000588551
 -0.00245329 -0.00245329 -0.00697621 -0.00697621 -0.0165557 -0.0165557 -0.0337377 -0.0337377 -0.0611807 -0.0611807
 -0.0981427 -0.0981427 -0.138247 -0.138247 -0.170968 -0.170968 -0.19546 -0.19546 -0.212026 -0.212026
 -0.215141 -0.215141 -0.210189 -0.210189 -0.202182 -0.202182 -0.193515 -0.193515 -0.184604 -0.184604
 -0.17546 -0.17546 -0.16571 -0.16571 -0.15472 -0.15472 -0.141519 -0.141519 -0.124258 -0.124258
 -0.100304 -0.100304 -0.0675099 -0.0675099 -0.0277811 -0.0277811 0.00912934 0.00912934 0.0192341 0.0192341
 0.00932554 0.00932554 0.0136261 0.0136261 0.0189952 0.0189952 0.0157881 0.0157881 0.00787824 0.00787824
 0.000979888 0.000979888 -0.00277764 -0.00277764 -0.00391235 -0.00391235 -0.00368536 -0.00368536 -0.00297693 -0.00297693
 -0.00223077 -0.00223077 -0.00160412 -0.00160412 -0.00112606 -0.00112606 -0.000538889 -0.000538889 0 0
 0 0 0 0 0 0 0 0 0 0
 0 0 0 0 0 0 0 0 0 0
 0 0 0 0 0 0 0 0 0 0
 0 0 0 0 0 0 0 0 0 0
 0 0 0 0 0 0 0 0 0 0
 0 0 0 0 0 0 0 0 0 0
 0 0 0 0 0 0 0 0 0 0
 0 0 0 0 0 0 0 0 0 0
 0 0 0 0 0 0 0 0 0 0
 0 0 0 0 0 0 0 0 0 0
 0 0 0 0 0 0 0 0 0 0
 0 0 0 0 0 0 0 0 0 0
 0 0 0 0 0 0 0 0 0 0
 0 0 0 0 0 0 0 0 0 0
 0 0 0 0 0 0 0 0 0 0
 0 0 0 0 0 0 0 0 0 0
 0 0 0 0 0 0 0 0 0 0
 0 0 0 0 0 0 0 0 0 0
 0 0 0 0 0 0 0 0 0 0
 0 0 0 0 0 0 0 0 0 0
 0 0 0 0 0 0 0 0 0 0
 0 0 0 0 0 0 0 0 0 0
 0 0 0 0 0 0 0 0 0 0
 0 0 0 0 0 0 0 0 0 0
 0 0 0 0 0 0 0 0 0 0
 0 0 0 0 0 0 0 0 0 0
 0 0 0 0 0 0 0 0 0 0
 0 0 0 0 0 0 0 0 0 0
 0 0 0 0 0 0 0 0 0 0
 0 0 0 0 0 0 0 0 0 0
 0 0 0 0 0 0 0 0 0 0
 0 0 0 0 0 0 0 0 0 0
 0 0 0 0 0 0 0 0 0 0
 0 0 0 0 0 0 0 0 0 0
 0 0 0 0 0 0 0 0 0 0
 0 0 0 0 0 0 0 0 0 0
