idim4d 4 i
 2 45 2 1
abcd 50 d
 0 1 -1 -0.999 -0.99785 -0.99684 -0.99536 -0.99319 -0.99 -0.9853
 -0.9785 -0.9684 -0.9536 -0.9319 -0.9 -0.853 -0.785 -0.7 -0.6 -0.5
 -0.4 -0.3 -0.2 -0.1 0 0.1 0.2 0.3 0.4 0.5
 0.6 0.7 0.785 0.853 0.9 0.9319 0.9536 0.9684 0.9785 0.9853
 0.99 0.99319 0.99536 0.99684 0.99785 0.999 1 0 0.2 0
U1 180 d
 0 0 0.0161015 0.0161015 0.034603 0.034603 0.0508389 0.0508389 0.0746084 0.0746084
 0.10941 0.10941 0.160431 0.160431 0.23501 0.23501 0.339991 0.339991 0.482512 0.482512
 0.645563 0.645563 0.78454 0.78454 0.867348 0.867348 0.917355 0.917355 0.966192 0.966192
 1.00983 1.00983 1.04688 1.04688 1.07615 1.07615 1.09953 1.09953 1.1188 1.1188
 1.13486 1.13486 1.14827 1.14827 1.15984 1.15984 1.17036 1.17036 1.17475 1.17475
 1.16419 1.16419 1.13975 1.13975 1.11026 1.11026 1.07336 1.07336 1.01452 1.01452
 0.928235 0.928235 0.806314 0.806314 0.665364 0.665364 0.519948 0.519948 0.385133 0.385133
 0.273545 0.273545 0.189544 0.189544 0.130604 0.130604 0.0891949 0.0891949 0.060883 0.060883
 0.0415458 0.0415458 0.0283233 0.0283233 0.0192842 0.0192842 0.00897658 0.00897658 0 0
 0 0 0.0161015 0.0161015 0.034603 0.034603 0.0508389 0.0508389 0.0746084 0.0746084
 0.10941 0.10941 0.160431 0.160431 0.23501 0.23501 0.339991 0.339991 0.482512 0.482512
 0.645563 0.645563 0.78454 0.78454 0.867348 0.867348 0.917355 0.917355 0.966192 0.966192
 1.00983 1.00983 1.04688 1.04688 1.07615 1.07615 1.09953 1.09953 1.1188 1.1188
 1.13486 1.13486 1.14827 1.14827 1.15984 1.15984 1.17036 1.17036 1.17475 1.17475
 1.16419 1.16419 1.13975 1.13975 1.11026 1.11026 1.07336 1.07336 1.01452 1.01452
 0.928235 0.928235 0.806314 0.806314 0.665364 0.665364 0.519948 0.519948 0.385133 0.385133
 0.273545 0.273545 0.189544 0.189544 0.130604 0.130604 0.0891949 0.0891949 0.060883 0.060883
 0.0415458 0.0415458 0.0283233 0.0283233 0.0192842 0.0192842 0.00897658 0.00897658 0 0
qturb 180 d
 0 0 0.00434445 0.00434445 0.00933889 0.00933889 0.0137193 0.0137193 0.0201147 0.0201147
 0.0293971 0.0293971 0.0426845 0.0426845 0.0610473 0.0610473 0.0842197 0.0842197 0.110248 0.110248
 0.131332 0.131332 0.138497 0.138497 0.132591 0.132591 0.122539 0.122539 0.113008 0.113008
 0.10439 0.10439 0.0963005 0.0963005 0.0891931 0.0891931 0.0824899 0.0824899 0.0760778 0.0760778
 0.0699555 0.0699555 0.0642574 0.0642574 0.0592156 0.0592156 0.0551648 0.0551648 0.053059 0.053059
 0.0544926 0.0544926 0.0600731 0.0600731 0.0690307 0.0690307 0.0806716 0.0806716 0.0942695 0.0942695
 0.106314 0.106314 0.113574 0.113574 0.112469 0.112469 0.102651 0.102651 0.0864923 0.0864923
 0.067901 0.067901 0.0503323 0.0503323 0.0359648 0.0359648 0.024958 0.024958 0.0171295 0.0171295
 0.0117044 0.0117044 0.00797897 0.00797897 0.00543047 0.00543047 0.0025261 0.0025261 0 0
 0 0 0.00434445 0.00434445 0.00933889 0.00933889 0.0137193 0.0137193 0.0201147 0.0201147
 0.0293971 0.0293971 0.0426845 0.0426845 0.0610473 0.0610473 0.0842197 0.0842197 0.110248 0.110248
 0.131332 0.131332 0.138497 0.138497 0.132591 0.132591 0.122539 0.122539 0.113008 0.113008
 0.10439 0.10439 0.0963005 0.0963005 0.0891931 0.0891931 0.0824899 0.0824899 0.0760778 0.0760778
 0.0699555 0.0699555 0.0642574 0.0642574 0.0592156 0.0592156 0.0551648 0.0551648 0.053059 0.053059
 0.0544926 0.0544926 0.0600731 0.0600731 0.0690307 0.0690307 0.0806716 0.0806716 0.0942695 0.0942695
 0.106314 0.106314 0.113574 0.113574 0.112469 0.112469 0.102651 0.102651 0.0864923 0.0864923
 0.067901 0.067901 0.0503323 0.0503323 0.0359648 0.0359648 0.024958 0.024958 0.0171295 0.0171295
 0.0117044 0.0117044 0.00797897 0.00797897 0.00543047 0.00543047 0.0025261 0.0025261 0 0
omturb 180 d
 0.412723 0.412723 0.414412 0.414412 0.416618 0.416618 0.418797 0.418797 0.422402 0.422402
 0.428545 0.428545 0.43913 0.43913 0.456495 0.456495 0.479978 0.479978 0.500377 0.500377
 0.493804 0.493804 0.441812 0.441812 0.360274 0.360274 0.279522 0.279522 0.212723 0.212723
 0.163563 0.163563 0.127879 0.127879 0.104185 0.104185 0.087229 0.087229 0.0745541 0.0745541
 0.0648523 0.0648523 0.0574688 0.0574688 0.052138 0.052138 0.0488878 0.0488878 0.0484099 0.0484099
 0.0521398 0.0521398 0.0611074 0.0611074 0.0756542 0.0756542 0.0967506 0.0967506 0.126386 0.126386
 0.161694 0.161694 0.199658 0.199658 0.230656 0.230656 0.248893 0.248893 0.254021 0.254021
 0.250817 0.250817 0.245354 0.245354 0.241362 0.241362 0.239405 0.239405 0.238805 0.238805
 0.238809 0.238809 0.239012 0.239012 0.239243 0.239243 0.239596 0.239596 0.239979 0.239979
 0.412723 0.412723 0.414412 0.414412 0.416618 0.416618 0.418797 0.418797 0.422402 0.422402
 0.428545 0.428545 0.43913 0.43913 0.456495 0.456495 0.479978 0.479978 0.500377 0.500377
 0.493804 0.493804 0.441812 0.441812 0.360274 0.360274 0.279522 0.279522 0.212723 0.212723
 0.163563 0.163563 0.127879 0.127879 0.104185 0.104185 0.087229 0.087229 0.0745541 0.0745541
 0.0648523 0.0648523 0.0574688 0.0574688 0.052138 0.052138 0.0488878 0.0488878 0.0484099 0.0484099
 0.0521398 0.0521398 0.0611074 0.0611074 0.0756542 0.0756542 0.0967506 0.0967506 0.126386 0.126386
 0.161694 0.161694 0.199658 0.199658 0.230656 0.230656 0.248893 0.248893 0.254021 0.254021
 0.250817 0.250817 0.245354 0.245354 0.241362 0.241362 0.239405 0.239405 0.238805 0.238805
 0.238809 0.238809 0.239012 0.239012 0.239243 0.239243 0.239596 0.239596 0.239979 0.239979
bij 1080 d
 0.56534 0.56534 0.565036 0.565036 0.564691 0.564691 0.564397 0.564397 0.563988 0.563988
 0.56344 0.56344 0.562714 0.562714 0.56156 0.56156 0.558709 0.558709 0.549667 0.549667
 0.525275 0.525275 0.473918 0.473918 0.389321 0.389321 0.291743 0.291743 0.222189 0.222189
 0.183858 0.183858 0.157747 0.157747 0.136979 0.136979 0.117071 0.117071 0.0974871 0.0974871
 0.0785997 0.0785997 0.0622175 0.0622175 0.050991 0.050991 0.0477787 0.0477787 0.0618739 0.0618739
 0.102122 0.102122 0.155973 0.155973 0.204742 0.204742 0.242403 0.242403 0.283118 0.283118
 0.341221 0.341221 0.410122 0.410122 0.464244 0.464244 0.49984 0.49984 0.520488 0.520488
 0.530692 0.530692 0.53519 0.53519 0.537303 0.537303 0.538598 0.538598 0.539499 0.539499
 0.540143 0.540143 0.540596 0.540596 0.540911 0.540911 0.541273 0.541273 0.54159 0.54159
 0.56534 0.56534 0.565036 0.565036 0.564691 0.564691 0.564397 0.564397 0.563988 0.563988
 0.56344 0.56344 0.562714 0.562714 0.56156 0.56156 0.558709 0.558709 0.549667 0.549667
 0.525275 0.525275 0.473918 0.473918 0.389321 0.389321 0.291743 0.291743 0.222189 0.222189
 0.183858 0.183858 0.157747 0.157747 0.136979 0.136979 0.117071 0.117071 0.0974871 0.0974871
 0.0785997 0.0785997 0.0622175 0.0622175 0.050991 0.050991 0.0477787 0.0477787 0.0618739 0.0618739
 0.102122 0.102122 0.155973 0.155973 0.204742 0.204742 0.242403 0.242403 0.283118 0.283118
 0.341221 0.341221 0.410122 0.410122 0.464244 0.464244 0.49984 0.49984 0.520488 0.520488
 0.530692 0.530692 0.53519 0.53519 0.537303 0.537303 0.538598 0.538598 0.539499 0.539499
 0.540143 0.540143 0.540596 0.540596 0.540911 0.540911 0.541273 0.541273 0.54159 0.54159
 -0.33333 -0.33333 -0.332721 -0.332721 -0.332021 -0.332021 -0.33141 -0.33141 -0.330524 -0.330524
 -0.329258 -0.329258 -0.327509 -0.327509 -0.325213 -0.325213 -0.322298 -0.322298 -0.317744 -0.317744
 -0.308303 -0.308303 -0.286972 -0.286972 -0.245605 -0.245605 -0.191537 -0.191537 -0.149602 -0.149602
 -0.124204 -0.124204 -0.105246 -0.105246 -0.0893124 -0.0893124 -0.0737981 -0.0737981 -0.0586223 -0.0586223
 -0.0443271 -0.0443271 -0.0325536 -0.0325536 -0.0255843 -0.0255843 -0.0250151 -0.0250151 -0.0372693 -0.0372693
 -0.0713049 -0.0713049 -0.116234 -0.116234 -0.153831 -0.153831 -0.179485 -0.179485 -0.203909 -0.203909
 -0.236169 -0.236169 -0.270197 -0.270197 -0.292281 -0.292281 -0.304865 -0.304865 -0.312438 -0.312438
 -0.31748 -0.31748 -0.32138 -0.32138 -0.324581 -0.324581 -0.327159 -0.327159 -0.32906 -0.32906
 -0.330402 -0.330402 -0.331331 -0.331331 -0.331969 -0.331969 -0.332697 -0.332697 -0.33333 -0.33333
 -0.33333 -0.33333 -0.332721 -0.332721 -0.332021 -0.332021 -0.33141 -0.33141 -0.330524 -0.330524
 -0.329258 -0.329258 -0.327509 -0.327509 -0.325213 -0.325213 -0.322298 -0.322298 -0.317744 -0.317744
 -0.308303 -0.308303 -0.286972 -0.286972 -0.245605 -0.245605 -0.191537 -0.191537 -0.149602 -0.149602
 -0.124204 -0.124204 -0.105246 -0.105246 -0.0893124 -0.0893124 -0.0737981 -0.0737981 -0.0586223 -0.0586223
 -0.0443271 -0.0443271 -0.0325536 -0.0325536 -0.0255843 -0.0255843 -0.0250151 -0.0250151 -0.0372693 -0.0372693
 -0.0713049 -0.0713049 -0.116234 -0.116234 -0.153831 -0.153831 -0.179485 -0.179485 -0.203909 -0.203909
 -0.236169 -0.236169 -0.270197 -0.270197 -0.292281 -0.292281 -0.304865 -0.304865 -0.312438 -0.312438
 -0.31748 -0.31748 -0.32138 -0.32138 -0.324581 -0.324581 -0.327159 -0.327159 -0.32906 -0.32906
 -0.330402 -0.330402 -0.331331 -0.331331 -0.331969 -0.331969 -0.332697 -0.332697 -0.33333 -0.33333
 -0.23201 -0.23201 -0.232315 -0.232315 -0.23267 -0.23267 -0.232987 -0.232987 -0.233464 -0.233464
 -0.234181 -0.234181 -0.235205 -0.235205 -0.236347 -0.236347 -0.236411 -0.236411 -0.231923 -0.231923
 -0.216972 -0.216972 -0.186946 -0.186946 -0.143716 -0.143716 -0.100206 -0.100206 -0.0725861 -0.0725861
 -0.059654 -0.059654 -0.0525013 -0.0525013 -0.0476669 -0.0476669 -0.0432728 -0.0432728 -0.0388649 -0.0388649
 -0.0342725 -0.0342725 -0.0296638 -0.0296638 -0.0254067 -0.0254067 -0.0227635 -0.0227635 -0.0246046 -0.0246046
 -0.0308167 -0.0308167 -0.0397393 -0.0397393 -0.0509119 -0.0509119 -0.0629183 -0.0629183 -0.0792092 -0.0792092
 -0.105052 -0.105052 -0.139925 -0.139925 -0.171963 -0.171963 -0.194975 -0.194975 -0.20805 -0.20805
 -0.213212 -0.213212 -0.21381 -0.21381 -0.212722 -0.212722 -0.211439 -0.211439 -0.210439 -0.210439
 -0.209741 -0.209741 -0.209265 -0.209265 -0.208942 -0.208942 -0.208577 -0.208577 -0.20826 -0.20826
 -0.23201 -0.23201 -0.232315 -0.232315 -0.23267 -0.23267 -0.232987 -0.232987 -0.233464 -0.233464
 -0.234181 -0.234181 -0.235205 -0.235205 -0.236347 -0.236347 -0.236411 -0.236411 -0.231923 -0.231923
 -0.216972 -0.216972 -0.186946 -0.186946 -0.143716 -0.143716 -0.100206 -0.100206 -0.0725861 -0.0725861
 -0.059654 -0.059654 -0.0525013 -0.0525013 -0.0476669 -0.0476669 -0.0432728 -0.0432728 -0.0388649 -0.0388649
 -0.0342725 -0.0342725 -0.0296638 -0.0296638 -0.0254067 -0.0254067 -0.0227635 -0.0227635 -0.0246046 -0.0246046
 -0.0308167 -0.0308167 -0.0397393 -0.0397393 -0.0509119 -0.0509119 -0.0629183 -0.0629183 -0.0792092 -0.0792092
 -0.105052 -0.105052 -0.139925 -0.139925 -0.171963 -0.171963 -0.194975 -0.194975 -0.20805 -0.20805
 -0.213212 -0.213212 -0.21381 -0.21381 -0.212722 -0.212722 -0.211439 -0.211439 -0.210439 -0.210439
 -0.209741 -0.209741 -0.209265 -0.209265 -0.208942 -0.208942 -0.208577 -0.208577 -0.20826 -0.20826
 -1.59636e-15 -1.59636e-15 0.000416872 0.000416872 0.000765272 0.000765272 0.000921295 0.000921295 0.000861117 0.000861117
 0.000123022 0.000123022 -0.00230435 -0.00230435 -0.00822503 -0.00822503 -0.0197232 -0.0197232 -0.038935 -0.038935
 -0.0661951 -0.0661951 -0.0983505 -0.0983505 -0.127671 -0.127671 -0.14875 -0.14875 -0.166521 -0.166521
 -0.182289 -0.182289 -0.193331 -0.193331 -0.200753 -0.200753 -0.205196 -0.205196 -0.206343 -0.206343
 -0.202441 -0.202441 -0.190614 -0.190614 -0.165688 -0.165688 -0.122736 -0.122736 -0.0635939 -0.0635939
 0.0022975 0.0022975 0.0570271 0.0570271 0.0860109 0.0860109 0.0905942 0.0905942 0.0838312 0.0838312
 0.0731596 0.0731596 0.0624928 0.0624928 0.0532266 0.0532266 0.0438678 0.0438678 0.0326085 0.0326085
 0.0207469 0.0207469 0.0109965 0.0109965 0.00477731 0.00477731 0.00151366 0.00151366 0.000143184 0.000143184
 -0.000309528 -0.000309528 -0.00038664 -0.00038664 -0.000336069 -0.000336069 -0.000188593 -0.000188593 0 0
 -1.59636e-15 -1.59636e-15 0.000416872 0.000416872 0.000765272 0.000765272 0.000921295 0.000921295 0.000861117 0.000861117
 0.000123022 0.000123022 -0.00230435 -0.00230435 -0.00822503 -0.00822503 -0.0197232 -0.0197232 -0.038935 -0.038935
 -0.0661951 -0.0661951 -0.0983505 -0.0983505 -0.127671 -0.127671 -0.14875 -0.14875 -0.166521 -0.166521
 -0.182289 -0.182289 -0.193331 -0.193331 -0.200753 -0.200753 -0.205196 -0.205196 -0.206343 -0.206343
 -0.202441 -0.202441 -0.190614 -0.190614 -0.165688 -0.165688 -0.122736 -0.122736 -0.0635939 -0.0635939
 0.0022975 0.0022975 0.0570271 0.0570271 0.0860109 0.0860109 0.0905942 0.0905942 0.0838312 0.0838312
 0.0731596 0.0731596 0.0624928 0.0624928 0.0532266 0.0532266 0.0438678 0.0438678 0.0326085 0.0326085
 0.0207469 0.0207469 0.0109965 0.0109965 0.00477731 0.00477731 0.00151366 0.00151366 0.000143184 0.000143184
 -0.000309528 -0.000309528 -0.00038664 -0.00038664 -0.000336069 -0.000336069 -0.000188593 -0.000188593 0 0
 0 0 0 0 0 0 0 0 0 0
 0 0 0 0 0 0 0 0 0 0
 0 0 0 0 0 0 0 0 0 0
 0 0 0 0 0 0 0 0 0 0
 0 0 0 0 0 0 0 0 0 0
 0 0 0 0 0 0 0 0 0 0
 0 0 0 0 0 0 0 0 0 0
 0 0 0 0 0 0 0 0 0 0
 0 0 0 0 0 0 0 0 0 0
 0 0 0 0 0 0 0 0 0 0
 0 0 0 0 0 0 0 0 0 0
 0 0 0 0 0 0 0 0 0 0
 0 0 0 0 0 0 0 0 0 0
 0 0 0 0 0 0 0 0 0 0
 0 0 0 0 0 0 0 0 0 0
 0 0 0 0 0 0 0 0 0 0
 0 0 0 0 0 0 0 0 0 0
 0 0 0 0 0 0 0 0 0 0
 0 0 0 0 0 0 0 0 0 0
 0 0 0 0 0 0 0 0 0 0
 0 0 0 0 0 0 0 0 0 0
 0 0 0 0 0 0 0 0 0 0
 0 0 0 0 0 0 0 0 0 0
 0 0 0 0 0 0 0 0 0 0
 0 0 0 0 0 0 0 0 0 0
 0 0 0 0 0 0 0 0 0 0
 0 0 0 0 0 0 0 0 0 0
 0 0 0 0 0 0 0 0 0 0
 0 0 0 0 0 0 0 0 0 0
 0 0 0 0 0 0 0 0 0 0
 0 0 0 0 0 0 0 0 0 0
 0 0 0 0 0 0 0 0 0 0
 0 0 0 0 0 0 0 0 0 0
 0 0 0 0 0 0 0 0 0 0
 0 0 0 0 0 0 0 0 0 0
 0 0 0 0 0 0 0 0 0 0
