idim4d 4 i
 2 45 2 1
abcd 50 d
 0 1 -1 -0.999 -0.99785 -0.99684 -0.99536 -0.99319 -0.99 -0.9853
 -0.9785 -0.9684 -0.9536 -0.9319 -0.9 -0.853 -0.785 -0.7 -0.6 -0.5
 -0.4 -0.3 -0.2 -0.1 0 0.1 0.2 0.3 0.4 0.5
 0.6 0.7 0.785 0.853 0.9 0.9319 0.9536 0.9684 0.9785 0.9853
 0.99 0.99319 0.99536 0.99684 0.99785 0.999 1 0 0.2 0
U1 180 d
 0 0 0.0192628 0.0192628 0.0413996 0.0413996 0.0608283 0.0608283 0.0892753 0.0892753
 0.130927 0.130927 0.191947 0.191947 0.280804 0.280804 0.404079 0.404079 0.564452 0.564452
 0.731086 0.731086 0.852274 0.852274 0.915695 0.915695 0.958992 0.958992 1.00338 1.00338
 1.04305 1.04305 1.07905 1.07905 1.1084 1.1084 1.13333 1.13333 1.15519 1.15519
 1.17473 1.17473 1.19244 1.19244 1.20863 1.20863 1.22337 1.22337 1.237 1.237
 1.25054 1.25054 1.26144 1.26144 1.25889 1.25889 1.22466 1.22466 1.11796 1.11796
 0.926816 0.926816 0.702335 0.702335 0.513384 0.513384 0.366198 0.366198 0.256611 0.256611
 0.177782 0.177782 0.122302 0.122302 0.0842339 0.0842339 0.0575921 0.0575921 0.0393552 0.0393552
 0.0268776 0.0268776 0.0183338 0.0183338 0.0124876 0.0124876 0.00581538 0.00581538 0 0
 0 0 0.0192628 0.0192628 0.0413996 0.0413996 0.0608283 0.0608283 0.0892753 0.0892753
 0.130927 0.130927 0.191947 0.191947 0.280804 0.280804 0.404079 0.404079 0.564452 0.564452
 0.731086 0.731086 0.852274 0.852274 0.915695 0.915695 0.958992 0.958992 1.00338 1.00338
 1.04305 1.04305 1.07905 1.07905 1.1084 1.1084 1.13333 1.13333 1.15519 1.15519
 1.17473 1.17473 1.19244 1.19244 1.20863 1.20863 1.22337 1.22337 1.237 1.237
 1.25054 1.25054 1.26144 1.26144 1.25889 1.25889 1.22466 1.22466 1.11796 1.11796
 0.926816 0.926816 0.702335 0.702335 0.513384 0.513384 0.366198 0.366198 0.256611 0.256611
 0.177782 0.177782 0.122302 0.122302 0.0842339 0.0842339 0.0575921 0.0575921 0.0393552 0.0393552
 0.0268776 0.0268776 0.0183338 0.0183338 0.0124876 0.0124876 0.00581538 0.00581538 0 0
qturb 180 d
 0 0 0.00529528 0.00529528 0.011382 0.011382 0.0167178 0.0167178 0.0244992 0.0244992
 0.0357587 0.0357587 0.0517566 0.0517566 0.0735055 0.0735055 0.100011 0.100011 0.127403 0.127403
 0.145227 0.145227 0.146376 0.146376 0.136923 0.136923 0.126309 0.126309 0.117395 0.117395
 0.110302 0.110302 0.104321 0.104321 0.0992664 0.0992664 0.0945406 0.0945406 0.0898999 0.0898999
 0.0852258 0.0852258 0.0804656 0.0804656 0.0756077 0.0756077 0.070691 0.070691 0.0657959 0.0657959
 0.0609868 0.0609868 0.0565622 0.0565622 0.053545 0.053545 0.0531851 0.0531851 0.054831 0.054831
 0.0553352 0.0553352 0.052624 0.052624 0.0462305 0.0462305 0.0371517 0.0371517 0.0278515 0.0278515
 0.0199196 0.0199196 0.013855 0.013855 0.00955583 0.00955583 0.00652189 0.00652189 0.00444654 0.00444654
 0.00303085 0.00303085 0.00206437 0.00206437 0.00140461 0.00140461 0.000653311 0.000653311 0 0
 0 0 0.00529528 0.00529528 0.011382 0.011382 0.0167178 0.0167178 0.0244992 0.0244992
 0.0357587 0.0357587 0.0517566 0.0517566 0.0735055 0.0735055 0.100011 0.100011 0.127403 0.127403
 0.145227 0.145227 0.146376 0.146376 0.136923 0.136923 0.126309 0.126309 0.117395 0.117395
 0.110302 0.110302 0.104321 0.104321 0.0992664 0.0992664 0.0945406 0.0945406 0.0898999 0.0898999
 0.0852258 0.0852258 0.0804656 0.0804656 0.0756077 0.0756077 0.070691 0.070691 0.0657959 0.0657959
 0.0609868 0.0609868 0.0565622 0.0565622 0.053545 0.053545 0.0531851 0.0531851 0.054831 0.054831
 0.0553352 0.0553352 0.052624 0.052624 0.0462305 0.0462305 0.0371517 0.0371517 0.0278515 0.0278515
 0.0199196 0.0199196 0.013855 0.013855 0.00955583 0.00955583 0.00652189 0.00652189 0.00444654 0.00444654
 0.00303085 0.00303085 0.00206437 0.00206437 0.00140461 0.00140461 0.000653311 0.000653311 0 0
omturb 180 d
 0.503051 0.503051 0.506221 0.506221 0.510255 0.510255 0.514144 0.514144 0.520422 0.520422
 0.530757 0.530757 0.547716 0.547716 0.573505 0.573505 0.603938 0.603938 0.620627 0.620627
 0.590585 0.590585 0.505563 0.505563 0.400022 0.400022 0.305341 0.305341 0.229467 0.229467
 0.175495 0.175495 0.137775 0.137775 0.113383 0.113383 0.0962787 0.0962787 0.0835561 0.0835561
 0.0736545 0.0736545 0.0656777 0.0656777 0.059089 0.059089 0.0535769 0.0535769 0.0489777 0.0489777
 0.0452081 0.0452081 0.0424128 0.0424128 0.0412992 0.0412992 0.0429496 0.0429496 0.0477016 0.0477016
 0.0538096 0.0538096 0.0597669 0.0597669 0.0631049 0.0631049 0.0630687 0.0630687 0.0615259 0.0615259
 0.0602759 0.0602759 0.0598952 0.0598952 0.0601029 0.0601029 0.060517 0.060517 0.0609225 0.0609225
 0.0612503 0.0612503 0.061495 0.061495 0.0616706 0.0616706 0.0618782 0.0618782 0.0620646 0.0620646
 0.503051 0.503051 0.506221 0.506221 0.510255 0.510255 0.514144 0.514144 0.520422 0.520422
 0.530757 0.530757 0.547716 0.547716 0.573505 0.573505 0.603938 0.603938 0.620627 0.620627
 0.590585 0.590585 0.505563 0.505563 0.400022 0.400022 0.305341 0.305341 0.229467 0.229467
 0.175495 0.175495 0.137775 0.137775 0.113383 0.113383 0.0962787 0.0962787 0.0835561 0.0835561
 0.0736545 0.0736545 0.0656777 0.0656777 0.059089 0.059089 0.0535769 0.0535769 0.0489777 0.0489777
 0.0452081 0.0452081 0.0424128 0.0424128 0.0412992 0.0412992 0.0429496 0.0429496 0.0477016 0.0477016
 0.0538096 0.0538096 0.0597669 0.0597669 0.0631049 0.0631049 0.0630687 0.0630687 0.0615259 0.0615259
 0.0602759 0.0602759 0.0598952 0.0598952 0.0601029 0.0601029 0.060517 0.060517 0.0609225 0.0609225
 0.0612503 0.0612503 0.061495 0.061495 0.0616706 0.0616706 0.0618782 0.0618782 0.0620646 0.0620646
bij 1080 d
 0.565595 0.565595 0.565258 0.565258 0.564877 0.564877 0.56455 0.56455 0.56409 0.56409
 0.563448 0.563448 0.5625 0.5625 0.560658 0.560658 0.555701 0.555701 0.541072 0.541072
 0.505404 0.505404 0.436136 0.436136 0.332499 0.332499 0.233047 0.233047 0.164821 0.164821
 0.119691 0.119691 0.0848986 0.0848986 0.0566998 0.0566998 0.0322654 0.0322654 0.0106559 0.0106559
 -0.00842624 -0.00842624 -0.0247103 -0.0247103 -0.037326 -0.037326 -0.0444015 -0.0444015 -0.0431147 -0.0431147
 -0.0306181 -0.0306181 -0.000410002 -0.000410002 0.0625439 0.0625439 0.168289 0.168289 0.300009 0.300009
 0.399423 0.399423 0.463052 0.463052 0.493394 0.493394 0.501344 0.501344 0.498541 0.498541
 0.493693 0.493693 0.490754 0.490754 0.489795 0.489795 0.489804 0.489804 0.490117 0.490117
 0.490446 0.490446 0.490713 0.490713 0.490908 0.490908 0.49114 0.49114 0.491344 0.491344
 0.565595 0.565595 0.565258 0.565258 0.564877 0.564877 0.56455 0.56455 0.56409 0.56409
 0.563448 0.563448 0.5625 0.5625 0.560658 0.560658 0.555701 0.555701 0.541072 0.541072
 0.505404 0.505404 0.436136 0.436136 0.332499 0.332499 0.233047 0.233047 0.164821 0.164821
 0.119691 0.119691 0.0848986 0.0848986 0.0566998 0.0566998 0.0322654 0.0322654 0.0106559 0.0106559
 -0.00842624 -0.00842624 -0.0247103 -0.0247103 -0.037326 -0.037326 -0.0444015 -0.0444015 -0.0431147 -0.0431147
 -0.0306181 -0.0306181 -0.000410002 -0.000410002 0.0625439 0.0625439 0.168289 0.168289 0.300009 0.300009
 0.399423 0.399423 0.463052 0.463052 0.493394 0.493394 0.501344 0.501344 0.498541 0.498541
 0.493693 0.493693 0.490754 0.490754 0.489795 0.489795 0.489804 0.489804 0.490117 0.490117
 0.490446 0.490446 0.490713 0.490713 0.490908 0.490908 0.49114 0.49114 0.491344 0.491344
 -0.33333 -0.33333 -0.332657 -0.332657 -0.331885 -0.331885 -0.331211 -0.331211 -0.330235 -0.330235
 -0.328847 -0.328847 -0.326937 -0.326937 -0.324403 -0.324403 -0.320936 -0.320936 -0.314658 -0.314658
 -0.300448 -0.300448 -0.268398 -0.268398 -0.212001 -0.212001 -0.151683 -0.151683 -0.106204 -0.106204
 -0.0733063 -0.0733063 -0.046523 -0.046523 -0.024239 -0.024239 -0.00473886 -0.00473886 0.0125378 0.0125378
 0.0277095 0.0277095 0.0404448 0.0404448 0.0499103 0.0499103 0.054447 0.054447 0.0516521 0.0516521
 0.0405976 0.0405976 0.0186611 0.0186611 -0.0294244 -0.0294244 -0.113782 -0.113782 -0.211477 -0.211477
 -0.271776 -0.271776 -0.300303 -0.300303 -0.311975 -0.311975 -0.316835 -0.316835 -0.319789 -0.319789
 -0.322531 -0.322531 -0.325237 -0.325237 -0.327529 -0.327529 -0.3293 -0.3293 -0.330563 -0.330563
 -0.331438 -0.331438 -0.33204 -0.33204 -0.332452 -0.332452 -0.332921 -0.332921 -0.33333 -0.33333
 -0.33333 -0.33333 -0.332657 -0.332657 -0.331885 -0.331885 -0.331211 -0.331211 -0.330235 -0.330235
 -0.328847 -0.328847 -0.326937 -0.326937 -0.324403 -0.324403 -0.320936 -0.320936 -0.314658 -0.314658
 -0.300448 -0.300448 -0.268398 -0.268398 -0.212001 -0.212001 -0.151683 -0.151683 -0.106204 -0.106204
 -0.0733063 -0.0733063 -0.046523 -0.046523 -0.024239 -0.024239 -0.00473886 -0.00473886 0.0125378 0.0125378
 0.0277095 0.0277095 0.0404448 0.0404448 0.0499103 0.0499103 0.054447 0.054447 0.0516521 0.0516521
 0.0405976 0.0405976 0.0186611 0.0186611 -0.0294244 -0.0294244 -0.113782 -0.113782 -0.211477 -0.211477
 -0.271776 -0.271776 -0.300303 -0.300303 -0.311975 -0.311975 -0.316835 -0.316835 -0.319789 -0.319789
 -0.322531 -0.322531 -0.325237 -0.325237 -0.327529 -0.327529 -0.3293 -0.3293 -0.330563 -0.330563
 -0.331438 -0.331438 -0.33204 -0.33204 -0.332452 -0.332452 -0.332921 -0.332921 -0.33333 -0.33333
 -0.232265 -0.232265 -0.232601 -0.232601 -0.232992 -0.232992 -0.233339 -0.233339 -0.233855 -0.233855
 -0.234601 -0.234601 -0.235563 -0.235563 -0.236255 -0.236255 -0.234764 -0.234764 -0.226415 -0.226415
 -0.204956 -0.204956 -0.167738 -0.167738 -0.120498 -0.120498 -0.0813638 -0.0813638 -0.0586168 -0.0586168
 -0.0463842 -0.0463842 -0.0383757 -0.0383757 -0.0324608 -0.0324608 -0.0275265 -0.0275265 -0.0231938 -0.0231938
 -0.0192832 -0.0192832 -0.0157344 -0.0157344 -0.0125843 -0.0125843 -0.0100455 -0.0100455 -0.0085374 -0.0085374
 -0.00997951 -0.00997951 -0.0182511 -0.0182511 -0.0331195 -0.0331195 -0.0545068 -0.0545068 -0.0885319 -0.0885319
 -0.127647 -0.127647 -0.162749 -0.162749 -0.18142 -0.18142 -0.18451 -0.18451 -0.178752 -0.178752
 -0.171162 -0.171162 -0.165516 -0.165516 -0.162266 -0.162266 -0.160504 -0.160504 -0.159554 -0.159554
 -0.159008 -0.159008 -0.158673 -0.158673 -0.158456 -0.158456 -0.158218 -0.158218 -0.158014 -0.158014
 -0.232265 -0.232265 -0.232601 -0.232601 -0.232992 -0.232992 -0.233339 -0.233339 -0.233855 -0.233855
 -0.234601 -0.234601 -0.235563 -0.235563 -0.236255 -0.236255 -0.234764 -0.234764 -0.226415 -0.226415
 -0.204956 -0.204956 -0.167738 -0.167738 -0.120498 -0.120498 -0.0813638 -0.0813638 -0.0586168 -0.0586168
 -0.0463842 -0.0463842 -0.0383757 -0.0383757 -0.0324608 -0.0324608 -0.0275265 -0.0275265 -0.0231938 -0.0231938
 -0.0192832 -0.0192832 -0.0157344 -0.0157344 -0.0125843 -0.0125843 -0.0100455 -0.0100455 -0.0085374 -0.0085374
 -0.00997951 -0.00997951 -0.0182511 -0.0182511 -0.0331195 -0.0331195 -0.0545068 -0.0545068 -0.0885319 -0.0885319
 -0.127647 -0.127647 -0.162749 -0.162749 -0.18142 -0.18142 -0.18451 -0.18451 -0.178752 -0.178752
 -0.171162 -0.171162 -0.165516 -0.165516 -0.162266 -0.162266 -0.160504 -0.160504 -0.159554 -0.159554
 -0.159008 -0.159008 -0.158673 -0.158673 -0.158456 -0.158456 -0.158218 -0.158218 -0.158014 -0.158014
 -1.59681e-15 -1.59681e-15 0.00032608 0.00032608 0.000532991 0.000532991 0.000523415 0.000523415 0.000144316 0.000144316
 -0.00122034 -0.00122034 -0.00484736 -0.00484736 -0.0128729 -0.0128729 -0.0275691 -0.0275691 -0.0512549 -0.0512549
 -0.083657 -0.083657 -0.119656 -0.119656 -0.149915 -0.149915 -0.173329 -0.173329 -0.193625 -0.193625
 -0.206845 -0.206845 -0.213396 -0.213396 -0.215423 -0.215423 -0.214801 -0.214801 -0.212263 -0.212263
 -0.207904 -0.207904 -0.201434 -0.201434 -0.192072 -0.192072 -0.178525 -0.178525 -0.158278 -0.158278
 -0.128059 -0.128059 -0.0865305 -0.0865305 -0.0348575 -0.0348575 0.0154144 0.0154144 0.0261673 0.0261673
 0.0114532 0.0114532 0.0171175 0.0171175 0.0172754 0.0172754 0.0121123 0.0121123 0.00471783 0.00471783
 -0.00114976 -0.00114976 -0.00411781 -0.00411781 -0.00476779 -0.00476779 -0.0042415 -0.0042415 -0.00334616 -0.00334616
 -0.00247902 -0.00247902 -0.00177204 -0.00177204 -0.00123993 -0.00123993 -0.000591715 -0.000591715 0 0
 -1.59681e-15 -1.59681e-15 0.00032608 0.00032608 0.000532991 0.000532991 0.000523415 0.000523415 0.000144316 0.000144316
 -0.00122034 -0.00122034 -0.00484736 -0.00484736 -0.0128729 -0.0128729 -0.0275691 -0.0275691 -0.0512549 -0.0512549
 -0.083657 -0.083657 -0.119656 -0.119656 -0.149915 -0.149915 -0.173329 -0.173329 -0.193625 -0.193625
 -0.206845 -0.206845 -0.213396 -0.213396 -0.215423 -0.215423 -0.214801 -0.214801 -0.212263 -0.212263
 -0.207904 -0.207904 -0.201434 -0.201434 -0.192072 -0.192072 -0.178525 -0.178525 -0.158278 -0.158278
 -0.128059 -0.128059 -0.0865305 -0.0865305 -0.0348575 -0.0348575 0.0154144 0.0154144 0.0261673 0.0261673
 0.0114532 0.0114532 0.0171175 0.0171175 0.0172754 0.0172754 0.0121123 0.0121123 0.00471783 0.00471783
 -0.00114976 -0.00114976 -0.00411781 -0.00411781 -0.00476779 -0.00476779 -0.0042415 -0.0042415 -0.00334616 -0.00334616
 -0.00247902 -0.00247902 -0.00177204 -0.00177204 -0.00123993 -0.00123993 -0.000591715 -0.000591715 0 0
 0 0 0 0 0 0 0 0 0 0
 0 0 0 0 0 0 0 0 0 0
 0 0 0 0 0 0 0 0 0 0
 0 0 0 0 0 0 0 0 0 0
 0 0 0 0 0 0 0 0 0 0
 0 0 0 0 0 0 0 0 0 0
 0 0 0 0 0 0 0 0 0 0
 0 0 0 0 0 0 0 0 0 0
 0 0 0 0 0 0 0 0 0 0
 0 0 0 0 0 0 0 0 0 0
 0 0 0 0 0 0 0 0 0 0
 0 0 0 0 0 0 0 0 0 0
 0 0 0 0 0 0 0 0 0 0
 0 0 0 0 0 0 0 0 0 0
 0 0 0 0 0 0 0 0 0 0
 0 0 0 0 0 0 0 0 0 0
 0 0 0 0 0 0 0 0 0 0
 0 0 0 0 0 0 0 0 0 0
 0 0 0 0 0 0 0 0 0 0
 0 0 0 0 0 0 0 0 0 0
 0 0 0 0 0 0 0 0 0 0
 0 0 0 0 0 0 0 0 0 0
 0 0 0 0 0 0 0 0 0 0
 0 0 0 0 0 0 0 0 0 0
 0 0 0 0 0 0 0 0 0 0
 0 0 0 0 0 0 0 0 0 0
 0 0 0 0 0 0 0 0 0 0
 0 0 0 0 0 0 0 0 0 0
 0 0 0 0 0 0 0 0 0 0
 0 0 0 0 0 0 0 0 0 0
 0 0 0 0 0 0 0 0 0 0
 0 0 0 0 0 0 0 0 0 0
 0 0 0 0 0 0 0 0 0 0
 0 0 0 0 0 0 0 0 0 0
 0 0 0 0 0 0 0 0 0 0
 0 0 0 0 0 0 0 0 0 0
