idim4d 4 i
 2 45 2 1
abcd 50 d
 0 1 -1 -0.999 -0.99785 -0.99684 -0.99536 -0.99319 -0.99 -0.9853
 -0.9785 -0.9684 -0.9536 -0.9319 -0.9 -0.853 -0.785 -0.7 -0.6 -0.5
 -0.4 -0.3 -0.2 -0.1 0 0.1 0.2 0.3 0.4 0.5
 0.6 0.7 0.785 0.853 0.9 0.9319 0.9536 0.9684 0.9785 0.9853
 0.99 0.99319 0.99536 0.99684 0.99785 0.999 1 0 0.2 0
U1 180 d
 0 0 0.0189094 0.0189094 0.0406391 0.0406391 0.0597073 0.0597073 0.0876135 0.0876135
 0.128407 0.128407 0.187833 0.187833 0.272822 0.272822 0.385229 0.385229 0.518207 0.518207
 0.637769 0.637769 0.709095 0.709095 0.739816 0.739816 0.766902 0.766902 0.807945 0.807945
 0.859175 0.859175 0.918333 0.918333 0.975753 0.975753 1.03204 1.03204 1.08719 1.08719
 1.14144 1.14144 1.19474 1.19474 1.24659 1.24659 1.2964 1.2964 1.34473 1.34473
 1.39263 1.39263 1.43736 1.43736 1.461 1.461 1.41391 1.41391 1.25217 1.25217
 1.01424 1.01424 0.755683 0.755683 0.544977 0.544977 0.3877 0.3877 0.272151 0.272151
 0.188763 0.188763 0.129867 0.129867 0.0894232 0.0894232 0.061125 0.061125 0.0417615 0.0417615
 0.0285172 0.0285172 0.0194505 0.0194505 0.0132473 0.0132473 0.00616875 0.00616875 0 0
 0 0 0.0189094 0.0189094 0.0406391 0.0406391 0.0597073 0.0597073 0.0876135 0.0876135
 0.128407 0.128407 0.187833 0.187833 0.272822 0.272822 0.385229 0.385229 0.518207 0.518207
 0.637769 0.637769 0.709095 0.709095 0.739816 0.739816 0.766902 0.766902 0.807945 0.807945
 0.859175 0.859175 0.918333 0.918333 0.975753 0.975753 1.03204 1.03204 1.08719 1.08719
 1.14144 1.14144 1.19474 1.19474 1.24659 1.24659 1.2964 1.2964 1.34473 1.34473
 1.39263 1.39263 1.43736 1.43736 1.461 1.461 1.41391 1.41391 1.25217 1.25217
 1.01424 1.01424 0.755683 0.755683 0.544977 0.544977 0.3877 0.3877 0.272151 0.272151
 0.188763 0.188763 0.129867 0.129867 0.0894232 0.0894232 0.061125 0.061125 0.0417615 0.0417615
 0.0285172 0.0285172 0.0194505 0.0194505 0.0132473 0.0132473 0.00616875 0.00616875 0 0
qturb 180 d
 0 0 0.00608122 0.00608122 0.0130671 0.0130671 0.01918 0.01918 0.0280566 0.0280566
 0.0407603 0.0407603 0.0583395 0.0583395 0.0809116 0.0809116 0.105529 0.105529 0.126151 0.126151
 0.134752 0.134752 0.131912 0.131912 0.12571 0.12571 0.122421 0.122421 0.122452 0.122452
 0.123578 0.123578 0.124093 0.124093 0.123402 0.123402 0.121573 0.121573 0.118707 0.118707
 0.114887 0.114887 0.110171 0.110171 0.104628 0.104628 0.0983561 0.0983561 0.0914603 0.0914603
 0.084053 0.084053 0.07645 0.07645 0.0694314 0.0694314 0.0637681 0.0637681 0.0592138 0.0592138
 0.0552546 0.0552546 0.0512428 0.0512428 0.0467182 0.0467182 0.0402104 0.0402104 0.0318454 0.0318454
 0.0234817 0.0234817 0.016551 0.016551 0.0114721 0.0114721 0.00784401 0.00784401 0.00535132 0.00535132
 0.00364834 0.00364834 0.00248514 0.00248514 0.00169094 0.00169094 0.000786496 0.000786496 0 0
 0 0 0.00608122 0.00608122 0.0130671 0.0130671 0.01918 0.01918 0.0280566 0.0280566
 0.0407603 0.0407603 0.0583395 0.0583395 0.0809116 0.0809116 0.105529 0.105529 0.126151 0.126151
 0.134752 0.134752 0.131912 0.131912 0.12571 0.12571 0.122421 0.122421 0.122452 0.122452
 0.123578 0.123578 0.124093 0.124093 0.123402 0.123402 0.121573 0.121573 0.118707 0.118707
 0.114887 0.114887 0.110171 0.110171 0.104628 0.104628 0.0983561 0.0983561 0.0914603 0.0914603
 0.084053 0.084053 0.07645 0.07645 0.0694314 0.0694314 0.0637681 0.0637681 0.0592138 0.0592138
 0.0552546 0.0552546 0.0512428 0.0512428 0.0467182 0.0467182 0.0402104 0.0402104 0.0318454 0.0318454
 0.0234817 0.0234817 0.016551 0.016551 0.0114721 0.0114721 0.00784401 0.00784401 0.00535132 0.00535132
 0.00364834 0.00364834 0.00248514 0.00248514 0.00169094 0.00169094 0.000786496 0.000786496 0 0
omturb 180 d
 0.577716 0.577716 0.580221 0.580221 0.583571 0.583571 0.586894 0.586894 0.592308 0.592308
 0.601044 0.601044 0.614132 0.614132 0.629394 0.629394 0.635287 0.635287 0.609974 0.609974
 0.540838 0.540838 0.445929 0.445929 0.353829 0.353829 0.279242 0.279242 0.222082 0.222082
 0.18168 0.18168 0.152273 0.152273 0.132138 0.132138 0.117118 0.117118 0.105209 0.105209
 0.0953166 0.0953166 0.0867834 0.0867834 0.0792062 0.0792062 0.0723471 0.0723471 0.0660657 0.0660657
 0.0603029 0.0603029 0.0551964 0.0551964 0.0512666 0.0512666 0.0492323 0.0492323 0.0495724 0.0495724
 0.0522862 0.0522862 0.0574134 0.0574134 0.0636831 0.0636831 0.0687243 0.0687243 0.0711046 0.0711046
 0.0717106 0.0717106 0.0719643 0.0719643 0.0723848 0.0723848 0.0729042 0.0729042 0.0733815 0.0733815
 0.0737632 0.0737632 0.0740485 0.0740485 0.0742539 0.0742539 0.0744975 0.0744975 0.0747171 0.0747171
 0.577716 0.577716 0.580221 0.580221 0.583571 0.583571 0.586894 0.586894 0.592308 0.592308
 0.601044 0.601044 0.614132 0.614132 0.629394 0.629394 0.635287 0.635287 0.609974 0.609974
 0.540838 0.540838 0.445929 0.445929 0.353829 0.353829 0.279242 0.279242 0.222082 0.222082
 0.18168 0.18168 0.152273 0.152273 0.132138 0.132138 0.117118 0.117118 0.105209 0.105209
 0.0953166 0.0953166 0.0867834 0.0867834 0.0792062 0.0792062 0.0723471 0.0723471 0.0660657 0.0660657
 0.0603029 0.0603029 0.0551964 0.0551964 0.0512666 0.0512666 0.0492323 0.0492323 0.0495724 0.0495724
 0.0522862 0.0522862 0.0574134 0.0574134 0.0636831 0.0636831 0.0687243 0.0687243 0.0711046 0.0711046
 0.0717106 0.0717106 0.0719643 0.0719643 0.0723848 0.0723848 0.0729042 0.0729042 0.0733815 0.0733815
 0.0737632 0.0737632 0.0740485 0.0740485 0.0742539 0.0742539 0.0744975 0.0744975 0.0747171 0.0747171
bij 1080 d
 0.517843 0.517843 0.517271 0.517271 0.516603 0.516603 0.516 0.516 0.515068 0.515068
 0.513515 0.513515 0.510536 0.510536 0.503753 0.503753 0.487366 0.487366 0.448286 0.448286
 0.371094 0.371094 0.249507 0.249507 0.108682 0.108682 -0.00977941 -0.00977941 -0.0857371 -0.0857371
 -0.123217 -0.123217 -0.142194 -0.142194 -0.152549 -0.152549 -0.159331 -0.159331 -0.164244 -0.164244
 -0.167615 -0.167615 -0.169092 -0.169092 -0.167537 -0.167537 -0.160787 -0.160787 -0.145843 -0.145843
 -0.119282 -0.119282 -0.0765894 -0.0765894 -0.00927831 -0.00927831 0.0821125 0.0821125 0.185388 0.185388
 0.284561 0.284561 0.37143 0.37143 0.43627 0.43627 0.475684 0.475684 0.493473 0.493473
 0.499027 0.499027 0.500266 0.500266 0.500753 0.500753 0.501251 0.501251 0.501727 0.501727
 0.502116 0.502116 0.502407 0.502407 0.502617 0.502617 0.502863 0.502863 0.503082 0.503082
 0.517843 0.517843 0.517271 0.517271 0.516603 0.516603 0.516 0.516 0.515068 0.515068
 0.513515 0.513515 0.510536 0.510536 0.503753 0.503753 0.487366 0.487366 0.448286 0.448286
 0.371094 0.371094 0.249507 0.249507 0.108682 0.108682 -0.00977941 -0.00977941 -0.0857371 -0.0857371
 -0.123217 -0.123217 -0.142194 -0.142194 -0.152549 -0.152549 -0.159331 -0.159331 -0.164244 -0.164244
 -0.167615 -0.167615 -0.169092 -0.169092 -0.167537 -0.167537 -0.160787 -0.160787 -0.145843 -0.145843
 -0.119282 -0.119282 -0.0765894 -0.0765894 -0.00927831 -0.00927831 0.0821125 0.0821125 0.185388 0.185388
 0.284561 0.284561 0.37143 0.37143 0.43627 0.43627 0.475684 0.475684 0.493473 0.493473
 0.499027 0.499027 0.500266 0.500266 0.500753 0.500753 0.501251 0.501251 0.501727 0.501727
 0.502116 0.502116 0.502407 0.502407 0.502617 0.502617 0.502863 0.502863 0.503082 0.503082
 -0.33333 -0.33333 -0.332185 -0.332185 -0.330872 -0.330872 -0.329724 -0.329724 -0.328064 -0.328064
 -0.325692 -0.325692 -0.322356 -0.322356 -0.317564 -0.317564 -0.309756 -0.309756 -0.29275 -0.29275
 -0.251021 -0.251021 -0.169888 -0.169888 -0.0652826 -0.0652826 0.0284407 0.0284407 0.0912705 0.0912705
 0.122428 0.122428 0.137936 0.137936 0.146233 0.146233 0.151641 0.151641 0.155612 0.155612
 0.158447 0.158447 0.159901 0.159901 0.158684 0.158684 0.152058 0.152058 0.137087 0.137087
 0.112122 0.112122 0.0753399 0.0753399 0.019276 0.019276 -0.0558905 -0.0558905 -0.135833 -0.135833
 -0.203859 -0.203859 -0.255276 -0.255276 -0.289268 -0.289268 -0.307543 -0.307543 -0.316107 -0.316107
 -0.320967 -0.320967 -0.324435 -0.324435 -0.327041 -0.327041 -0.328981 -0.328981 -0.330348 -0.330348
 -0.331293 -0.331293 -0.331941 -0.331941 -0.332385 -0.332385 -0.33289 -0.33289 -0.33333 -0.33333
 -0.33333 -0.33333 -0.332185 -0.332185 -0.330872 -0.330872 -0.329724 -0.329724 -0.328064 -0.328064
 -0.325692 -0.325692 -0.322356 -0.322356 -0.317564 -0.317564 -0.309756 -0.309756 -0.29275 -0.29275
 -0.251021 -0.251021 -0.169888 -0.169888 -0.0652826 -0.0652826 0.0284407 0.0284407 0.0912705 0.0912705
 0.122428 0.122428 0.137936 0.137936 0.146233 0.146233 0.151641 0.151641 0.155612 0.155612
 0.158447 0.158447 0.159901 0.159901 0.158684 0.158684 0.152058 0.152058 0.137087 0.137087
 0.112122 0.112122 0.0753399 0.0753399 0.019276 0.019276 -0.0558905 -0.0558905 -0.135833 -0.135833
 -0.203859 -0.203859 -0.255276 -0.255276 -0.289268 -0.289268 -0.307543 -0.307543 -0.316107 -0.316107
 -0.320967 -0.320967 -0.324435 -0.324435 -0.327041 -0.327041 -0.328981 -0.328981 -0.330348 -0.330348
 -0.331293 -0.331293 -0.331941 -0.331941 -0.332385 -0.332385 -0.33289 -0.33289 -0.33333 -0.33333
 -0.184513 -0.184513 -0.185085 -0.185085 -0.185731 -0.185731 -0.186276 -0.186276 -0.187004 -0.187004
 -0.187823 -0.187823 -0.18818 -0.18818 -0.186189 -0.186189 -0.17761 -0.17761 -0.155537 -0.155537
 -0.120073 -0.120073 -0.0796188 -0.0796188 -0.0433998 -0.0433998 -0.0186613 -0.0186613 -0.00553348 -0.00553348
 0.00078908 0.00078908 0.00425808 0.00425808 0.00631527 0.00631527 0.00768992 0.00768992 0.00863216 0.00863216
 0.00916772 0.00916772 0.00919087 0.00919087 0.00885306 0.00885306 0.0087295 0.0087295 0.0087559 0.0087559
 0.00715951 0.00715951 0.00124949 0.00124949 -0.00999764 -0.00999764 -0.026222 -0.026222 -0.0495549 -0.0495549
 -0.0807017 -0.0807017 -0.116155 -0.116155 -0.147002 -0.147002 -0.168141 -0.168141 -0.177366 -0.177366
 -0.17806 -0.17806 -0.17583 -0.17583 -0.173712 -0.173712 -0.17227 -0.17227 -0.171379 -0.171379
 -0.170824 -0.170824 -0.170466 -0.170466 -0.170232 -0.170232 -0.169972 -0.169972 -0.169752 -0.169752
 -0.184513 -0.184513 -0.185085 -0.185085 -0.185731 -0.185731 -0.186276 -0.186276 -0.187004 -0.187004
 -0.187823 -0.187823 -0.18818 -0.18818 -0.186189 -0.186189 -0.17761 -0.17761 -0.155537 -0.155537
 -0.120073 -0.120073 -0.0796188 -0.0796188 -0.0433998 -0.0433998 -0.0186613 -0.0186613 -0.00553348 -0.00553348
 0.00078908 0.00078908 0.00425808 0.00425808 0.00631527 0.00631527 0.00768992 0.00768992 0.00863216 0.00863216
 0.00916772 0.00916772 0.00919087 0.00919087 0.00885306 0.00885306 0.0087295 0.0087295 0.0087559 0.0087559
 0.00715951 0.00715951 0.00124949 0.00124949 -0.00999764 -0.00999764 -0.026222 -0.026222 -0.0495549 -0.0495549
 -0.0807017 -0.0807017 -0.116155 -0.116155 -0.147002 -0.147002 -0.168141 -0.168141 -0.177366 -0.177366
 -0.17806 -0.17806 -0.17583 -0.17583 -0.173712 -0.173712 -0.17227 -0.17227 -0.171379 -0.171379
 -0.170824 -0.170824 -0.170466 -0.170466 -0.170232 -0.170232 -0.169972 -0.169972 -0.169752 -0.169752
 -1.51199e-15 -1.51199e-15 -0.000499898 -0.000499898 -0.00133047 -0.00133047 -0.00234334 -0.00234334 -0.0043482 -0.0043482
 -0.00837385 -0.00837385 -0.0162353 -0.0162353 -0.0303831 -0.0303831 -0.0523975 -0.0523975 -0.0821496 -0.0821496
 -0.120541 -0.120541 -0.159038 -0.159038 -0.180441 -0.180441 -0.183162 -0.183162 -0.173535 -0.173535
 -0.158694 -0.158694 -0.144164 -0.144164 -0.132195 -0.132195 -0.122257 -0.122257 -0.113529 -0.113529
 -0.10551 -0.10551 -0.0976874 -0.0976874 -0.0895502 -0.0895502 -0.0801797 -0.0801797 -0.0680352 -0.0680352
 -0.0512115 -0.0512115 -0.0280891 -0.0280891 -0.0025142 -0.0025142 0.00692567 0.00692567 0.00777167 0.00777167
 0.00702719 0.00702719 0.00496528 0.00496528 0.0148427 0.0148427 0.0187314 0.0187314 0.0151456 0.0151456
 0.00727062 0.00727062 0.0015901 0.0015901 -0.00106128 -0.00106128 -0.00185284 -0.00185284 -0.00178599 -0.00178599
 -0.00144582 -0.00144582 -0.00108105 -0.00108105 -0.000774984 -0.000774984 -0.000377734 -0.000377734 0 0
 -1.51199e-15 -1.51199e-15 -0.000499898 -0.000499898 -0.00133047 -0.00133047 -0.00234334 -0.00234334 -0.0043482 -0.0043482
 -0.00837385 -0.00837385 -0.0162353 -0.0162353 -0.0303831 -0.0303831 -0.0523975 -0.0523975 -0.0821496 -0.0821496
 -0.120541 -0.120541 -0.159038 -0.159038 -0.180441 -0.180441 -0.183162 -0.183162 -0.173535 -0.173535
 -0.158694 -0.158694 -0.144164 -0.144164 -0.132195 -0.132195 -0.122257 -0.122257 -0.113529 -0.113529
 -0.10551 -0.10551 -0.0976874 -0.0976874 -0.0895502 -0.0895502 -0.0801797 -0.0801797 -0.0680352 -0.0680352
 -0.0512115 -0.0512115 -0.0280891 -0.0280891 -0.0025142 -0.0025142 0.00692567 0.00692567 0.00777167 0.00777167
 0.00702719 0.00702719 0.00496528 0.00496528 0.0148427 0.0148427 0.0187314 0.0187314 0.0151456 0.0151456
 0.00727062 0.00727062 0.0015901 0.0015901 -0.00106128 -0.00106128 -0.00185284 -0.00185284 -0.00178599 -0.00178599
 -0.00144582 -0.00144582 -0.00108105 -0.00108105 -0.000774984 -0.000774984 -0.000377734 -0.000377734 0 0
 0 0 0 0 0 0 0 0 0 0
 0 0 0 0 0 0 0 0 0 0
 0 0 0 0 0 0 0 0 0 0
 0 0 0 0 0 0 0 0 0 0
 0 0 0 0 0 0 0 0 0 0
 0 0 0 0 0 0 0 0 0 0
 0 0 0 0 0 0 0 0 0 0
 0 0 0 0 0 0 0 0 0 0
 0 0 0 0 0 0 0 0 0 0
 0 0 0 0 0 0 0 0 0 0
 0 0 0 0 0 0 0 0 0 0
 0 0 0 0 0 0 0 0 0 0
 0 0 0 0 0 0 0 0 0 0
 0 0 0 0 0 0 0 0 0 0
 0 0 0 0 0 0 0 0 0 0
 0 0 0 0 0 0 0 0 0 0
 0 0 0 0 0 0 0 0 0 0
 0 0 0 0 0 0 0 0 0 0
 0 0 0 0 0 0 0 0 0 0
 0 0 0 0 0 0 0 0 0 0
 0 0 0 0 0 0 0 0 0 0
 0 0 0 0 0 0 0 0 0 0
 0 0 0 0 0 0 0 0 0 0
 0 0 0 0 0 0 0 0 0 0
 0 0 0 0 0 0 0 0 0 0
 0 0 0 0 0 0 0 0 0 0
 0 0 0 0 0 0 0 0 0 0
 0 0 0 0 0 0 0 0 0 0
 0 0 0 0 0 0 0 0 0 0
 0 0 0 0 0 0 0 0 0 0
 0 0 0 0 0 0 0 0 0 0
 0 0 0 0 0 0 0 0 0 0
 0 0 0 0 0 0 0 0 0 0
 0 0 0 0 0 0 0 0 0 0
 0 0 0 0 0 0 0 0 0 0
 0 0 0 0 0 0 0 0 0 0
