 keyword from out/converge
 19
 ITER dU1rms dU1max dU2rms dU2max dU3rms dU3max dprmsd dpmax dqrms dqmax domrms dommax dbijrms dbijmax facmin pts.5 pts0 flowmdif
 1 0.026138 0.202007 0.0268453 0.0720361 0 -0 0.132463
 0.33875 0.00921902 0.0464637 0.116361 0.503067 0.0317634 0.896873 0
 14 14 2.3734e-05

 2 0.0243687 0.188217 0.0026046 0.0176905 0 -0 0.178153
 0.373809 0.0143508 0.0767102 0.0651068 0.25483 0.0269662 0.734084 0
 204 204 7.46978e-06

 3 0.0221643 0.144933 0.00195069 0.0166807 0 -0 0.0758904
 0.187211 0.0103993 0.048401 0.0504878 0.165963 0.0224281 0.414406 0
 194 194 -8.31942e-06

 4 0.0198157 0.138627 0.00229554 0.0163612 0 -0 0.0214905
 0.0420594 0.00662187 0.0340487 0.0324626 0.080525 0.0168211 0.280197 0
 206 206 -6.6156e-06

 5 0.0188438 0.126152 0.00224477 0.0158925 0 -0 0.00906798
 0.0205154 0.00530669 0.0264095 0.027001 0.0768015 0.0164383 0.288743 0
 210 210 -3.58452e-06

 6 0.0176527 0.114494 0.00221756 0.0190775 0 -0 0.0114561
 0.0244955 0.00416884 0.0231548 0.019832 0.082865 0.0197595 0.375381 0
 198 198 -2.11831e-06

 7 0.0170116 0.113577 0.00218712 0.0210295 0 -0 0.011845
 0.0235926 0.00378729 0.0195391 0.0172577 0.0779904 0.0184019 0.368681 0
 214 214 -1.57789e-07

 8 0.0158376 0.101666 0.00225927 0.0292404 0 -0 0.0103893
 0.0176777 0.00340853 0.0217823 0.0135639 0.074527 0.0155922 0.2095 0
 210 210 1.05544e-06

 9 0.014993 0.0978808 0.0022444 0.0289004 0 -0 0.00835197
 0.0146448 0.00317807 0.0215504 0.0119642 0.0680167 0.0139392 0.22917 0
 196 196 -6.63835e-07

 10 0.0134879 0.0807302 0.00225751 0.028175 0 -0 0.00604257
 0.0128536 0.00287887 0.0220013 0.00970947 0.0611462 0.0131507 0.227986 0
 190 190 6.94322e-07

 11 0.0128399 0.0716465 0.00224105 0.025102 0 -0 0.00573762
 0.0125756 0.00270343 0.0198037 0.00871108 0.0551258 0.01235 0.235306 0
 198 198 -1.37543e-07

 12 0.011835 0.0703257 0.00230095 0.0254402 0 -0 0.00680625
 0.0153069 0.00249265 0.0181828 0.00754635 0.0506017 0.0105419 0.180971 0
 208 208 -8.98311e-07

 13 0.0114403 0.068536 0.00232531 0.0261254 0 -0 0.00668306
 0.0154387 0.00237847 0.0174926 0.00702673 0.0545184 0.009772 0.14234 0
 184 184 4.50965e-06

 14 0.0108254 0.0735792 0.00248593 0.0294259 0 -0 0.00758177
 0.017652 0.00226037 0.0151021 0.00658414 0.0688365 0.00886047 0.122659 0
 210 210 2.21105e-06

 15 0.0105465 0.0804547 0.00256485 0.0283572 0 -0 0.00733636
 0.0177348 0.00219589 0.0159511 0.00638435 0.0750567 0.0085642 0.113661 0
 176 176 2.10557e-07

 16 0.0101707 0.0923974 0.00281351 0.0343104 0 -0 0.0077064
 0.0193908 0.00218399 0.0202072 0.00648699 0.0897926 0.00841465 0.131416 0
 186 186 -2.2583e-08

 17 0.0100026 0.0981157 0.00291746 0.0333566 0 -0 0.0074824
 0.0197635 0.00217143 0.0217627 0.00650923 0.096181 0.00812838 0.110152 0
 178 178 -1.35906e-06

 18 0.0098116 0.106998 0.00326544 0.0397924 0 -0 0.00775951
 0.0217019 0.00228051 0.0265753 0.00698518 0.111268 0.00827195 0.125885 0
 200 200 -3.91963e-07

 19 0.0096836 0.109659 0.00341423 0.0391582 0 -0 0.00756925
 0.0224116 0.00231529 0.025713 0.00709884 0.113459 0.00801416 0.136506 0
 194 194 1.8426e-06

 20 0.00963726 0.116751 0.00383823 0.0465606 0 -0 0.00777865
 0.0247253 0.00253977 0.0306327 0.00779365 0.129375 0.00787218 0.126102 0
 204 204 2.11034e-06

 21 0.009552 0.116216 0.00399693 0.0466003 0 -0 0.00765991
 0.0254456 0.00260497 0.0319718 0.00795859 0.129657 0.00783622 0.107438 0
 178 178 3.29391e-06

 22 0.00959091 0.119786 0.00455966 0.0548823 0 -0 0.00786257
 0.0291954 0.0028872 0.035908 0.00865934 0.139995 0.00824941 0.1338 0
 200 200 1.3801e-06

 23 0.00954917 0.117243 0.00465872 0.0552859 0 -0 0.0075577
 0.030364 0.00295634 0.0353931 0.00878926 0.146684 0.00817391 0.115393 0
 206 206 -6.14773e-07

 24 0.00963102 0.117213 0.00535048 0.0659954 0 -0 0.00756029
 0.0323169 0.00325448 0.0401945 0.00941354 0.153689 0.00839422 0.113676 0
 226 226 -9.81962e-07

 25 0.00958063 0.11677 0.00543582 0.0629101 0 -0 0.0073109
 0.0343131 0.0033107 0.0363723 0.00951003 0.146239 0.00819903 0.105582 0
 202 202 -1.21599e-05

 26 0.00958047 0.108865 0.0059737 0.0666524 0 -0 0.00713158
 0.0393646 0.0035582 0.0417484 0.00996371 0.153361 0.00799833 0.0970705 0
 212 212 -6.75959e-06

 27 0.00955818 0.111498 0.00625171 0.0829869 0 -0 0.00698662
 0.0399084 0.00358828 0.0401248 0.01003 0.136291 0.0077596 0.0951343 0
 186 186 -7.23746e-06

 28 0.00952588 0.0992123 0.00653691 0.0721981 0 -0 0.00655589
 0.0417314 0.00377772 0.0427195 0.010498 0.147219 0.00775117 0.109812 0
 180 180 4.14497e-06

 29 0.00945425 0.100117 0.00672178 0.069252 0 -0 0.00607187
 0.0414059 0.00377257 0.0435233 0.0104926 0.140016 0.00761401 0.11559 0
 222 222 3.23433e-05

 30 0.00952567 0.0994624 0.00722621 0.104605 0 -0 0.00547817
 0.0445497 0.00391699 0.0460619 0.0108736 0.151202 0.00768691 0.126215 0
 180 180 2.72704e-05

 31 0.0093766 0.0977413 0.00710133 0.0763215 0 -0 0.00486412
 0.0440967 0.00386898 0.0469861 0.0107782 0.142252 0.00758137 0.122432 0
 212 212 1.69881e-06

 32 0.00952041 0.0951865 0.00753158 0.0781163 0 -0 0.00457591
 0.0418601 0.0039384 0.0497397 0.0108711 0.153238 0.00747619 0.130221 0
 198 198 3.72774e-06

 33 0.00942232 0.0974483 0.00744719 0.0975053 0 -0 0.00368419
 0.0424964 0.00388174 0.0495681 0.0106941 0.137377 0.00730349 0.135004 0
 220 220 1.70291e-05

 34 0.00944228 0.0949129 0.00749604 0.0745242 0 -0 0.0042509
 0.0415078 0.0039017 0.0526325 0.0106027 0.148569 0.00717287 0.135199 0
 198 198 9.72486e-06

 35 0.00941665 0.0913452 0.00735202 0.0738168 0 -0 0.00335832
 0.0372605 0.0038188 0.0489519 0.0103863 0.132299 0.00697733 0.135423 0
 196 196 3.92174e-05

 36 0.00945509 0.0949351 0.007652 0.0797494 0 -0 0.00333073
 0.0276818 0.00384097 0.0528159 0.0102691 0.13705 0.00680383 0.13205 0
 180 180 1.74471e-05

 37 0.00936198 0.0921718 0.00748741 0.0738895 0 -0 0.00437226
 0.0269085 0.00373444 0.0470581 0.00998049 0.130603 0.00659153 0.133241 0
 198 198 -6.1478e-06

 38 0.00952084 0.0985504 0.00760501 0.068832 0 -0 0.00277381
 0.0252267 0.00374518 0.0527137 0.0098029 0.122528 0.00632962 0.129084 0
 190 190 -4.26438e-06

 39 0.00951513 0.0982842 0.00753701 0.0680055 0 -0 0.00274406
 0.0221049 0.00367431 0.0498502 0.00961056 0.121395 0.00621028 0.139346 0
 240 240 8.43143e-06

 40 0.00967379 0.10874 0.0076148 0.0708433 0 -0 0.00318872
 0.0212451 0.00364894 0.0491076 0.00923004 0.103177 0.00591692 0.127829 0
 224 224 7.16253e-06

 41 0.00972624 0.116384 0.00757384 0.0782595 0 -0 0.00314649
 0.0211687 0.00361005 0.049617 0.00902168 0.107031 0.00582202 0.136336 0
 186 186 6.93448e-06

 42 0.00996399 0.121075 0.00772808 0.0773335 0 -0 0.00313104
 0.0230992 0.00359801 0.0461519 0.00865785 0.0974175 0.00552017 0.130587 0
 200 200 -8.07016e-06

 43 0.0098928 0.117972 0.00761474 0.076072 0 -0 0.00322891
 0.0236255 0.00355346 0.0439367 0.00847989 0.0850482 0.00538132 0.13052 0
 186 186 -1.69199e-05

 44 0.01006 0.117555 0.00770707 0.0791161 0 -0 0.00277427
 0.0227062 0.00361599 0.0467225 0.00830716 0.0887329 0.00507631 0.135248 0
 204 204 -2.00138e-05

 45 0.00988575 0.101971 0.00768893 0.0808767 0 -0 0.00291397
 0.0239412 0.00352291 0.0434042 0.00805067 0.0811414 0.00488675 0.121383 0
 200 200 -1.2741e-05

 46 0.00972937 0.0936156 0.00772111 0.0830792 0 -0 0.00356042
 0.0274846 0.00349148 0.0425789 0.00777176 0.0710617 0.00474166 0.137206 0
 174 174 -5.67428e-06

 47 0.00960954 0.0829412 0.00765704 0.079043 0 -0 0.00373534
 0.0280956 0.00342931 0.041045 0.00751502 0.0688009 0.00460129 0.124316 0
 170 170 4.58731e-06

 48 0.00953166 0.0823619 0.00791892 0.0881268 0 -0 0.00390205
 0.0280627 0.00335634 0.0391689 0.00722867 0.0662076 0.00461021 0.124513 0
 184 184 3.07585e-06

 49 0.00926796 0.0779413 0.00784744 0.0870979 0 -0 0.00396897
 0.0296 0.00326957 0.0357141 0.00701434 0.0668998 0.00449345 0.120959 0
 172 172 9.26774e-07

 50 0.00917088 0.0787015 0.00802188 0.0937846 0 -0 0.00448637
 0.0331079 0.00322317 0.0366026 0.00655263 0.0622338 0.00446416 0.108251 0
 172 172 4.22423e-07

 51 0.00909822 0.076629 0.00818244 0.0976374 0 -0 0.00458783
 0.0308174 0.00318117 0.03932 0.00638596 0.0653869 0.00438265 0.110866 0
 194 194 2.29064e-06

 52 0.00890509 0.076612 0.00848201 0.0992985 0 -0 0.00446134
 0.0303297 0.00310179 0.036478 0.0061223 0.0643933 0.00428207 0.108557 0
 172 172 1.94241e-06

 53 0.00885408 0.0733188 0.00849206 0.0946465 0 -0 0.00412754
 0.0305332 0.00306763 0.0345338 0.00589644 0.0612793 0.00419754 0.0923044 0
 184 184 1.79251e-06

 54 0.00897416 0.0949128 0.00883236 0.105996 0 -0 0.00498596
 0.0332827 0.00312374 0.0340071 0.00572291 0.0591038 0.00413139 0.0948953 0
 186 186 -1.63365e-05

 55 0.00881582 0.0756214 0.00896893 0.107489 0 -0 0.00451319
 0.0284137 0.00305693 0.0328578 0.00564595 0.0602308 0.00405917 0.0962869 0
 178 178 -2.61382e-06

 56 0.00881159 0.0785322 0.00952096 0.1224 0 -0 0.00477978
 0.0294868 0.00301831 0.0388123 0.00535808 0.0542969 0.00405599 0.0826024 0
 172 172 -1.48951e-06

 57 0.0087316 0.0797016 0.00950134 0.118196 0 -0 0.00498246
 0.031494 0.00298301 0.0324846 0.00527752 0.0544658 0.00394475 0.0833074 0
 168 168 3.17197e-08

 58 0.00894893 0.111329 0.00977655 0.0991488 0 -0 0.00529863
 0.0358297 0.0030334 0.0329827 0.00524687 0.0544143 0.00389792 0.0794118 0
 208 208 -3.54222e-07

 59 0.00877461 0.0823628 0.00982709 0.107199 0 -0 0.005481
 0.0362315 0.00305428 0.0316387 0.00527842 0.0561854 0.00387748 0.0784714 0
 192 192 -9.09214e-08

 60 0.00881173 0.0793481 0.0103957 0.137981 0 -0 0.00549082
 0.0390627 0.00303543 0.0411486 0.00529781 0.0548621 0.00394195 0.0795662 0
 188 188 7.83264e-07

 61 0.00877648 0.0824395 0.010476 0.136368 0 -0 0.00542282
 0.0371367 0.00293955 0.0317121 0.00519495 0.0587276 0.00392139 0.0792477 0
 158 158 2.90491e-06

 62 0.00899813 0.10274 0.0106103 0.121437 0 -0 0.00564365
 0.0370059 0.00295737 0.0333654 0.00532176 0.0640309 0.00390206 0.0741604 0
 206 206 5.36396e-06

 63 0.00889096 0.0855854 0.0106041 0.111855 0 -0 0.00569955
 0.0377511 0.00301038 0.0333981 0.00538809 0.0670265 0.00391369 0.0711928 0
 178 178 7.60201e-06

 64 0.00906578 0.0907477 0.0111895 0.172476 0 -0 0.0059109
 0.044011 0.0032928 0.0435467 0.00559703 0.0686001 0.0043409 0.0998958 0
 176 176 5.80485e-06

 65 0.00908141 0.0962857 0.0113943 0.165092 0 -0 0.00596128
 0.0462059 0.00299031 0.0325361 0.00544086 0.0727575 0.00407226 0.0757018 0
 172 172 -4.70011e-07

 66 0.00912951 0.0870244 0.0112533 0.124614 0 -0 0.00624669
 0.0416336 0.00302154 0.0341329 0.00542178 0.0727097 0.00400751 0.0734667 0
 190 190 -4.34287e-06

 67 0.00929601 0.12669 0.0111899 0.1245 0 -0 0.00682546
 0.0403446 0.00305293 0.0349426 0.00542248 0.0698872 0.0040106 0.0815647 0
 186 186 -9.61337e-06

 68 0.00940845 0.0872242 0.0116024 0.177108 0 -0 0.0063974
 0.0404102 0.00309981 0.0391733 0.00554822 0.0697875 0.00434761 0.0823497 0
 192 192 -7.06748e-06

 69 0.00944554 0.0856964 0.0118185 0.172547 0 -0 0.0066617
 0.0425552 0.00306305 0.0388819 0.0055678 0.0757097 0.00425516 0.0793258 0
 182 182 2.21662e-06

 70 0.00958548 0.0911273 0.0120328 0.148746 0 -0 0.00719193
 0.0564351 0.00304611 0.037801 0.00555309 0.0841973 0.00415466 0.0759194 0
 172 172 6.94439e-06

 71 0.00973932 0.126685 0.0118127 0.138141 0 -0 0.00749244
 0.0506147 0.00303618 0.0381292 0.00548084 0.0848358 0.00408847 0.073983 0
 154 154 1.24599e-05

 72 0.00995733 0.0926653 0.0119971 0.165439 0 -0 0.00678097
 0.042992 0.00292223 0.0364534 0.00551186 0.0763237 0.00436437 0.0898785 0
 194 194 1.19011e-05

 73 0.0100176 0.0881596 0.01213 0.164758 0 -0 0.00713746
 0.0463089 0.00288959 0.0365883 0.00552351 0.0704945 0.00436797 0.0910967 0
 188 188 1.05342e-05

 74 0.010111 0.0907041 0.0125521 0.165043 0 -0 0.00770739
 0.0506459 0.00294916 0.0381244 0.00563442 0.0925771 0.00442981 0.0916759 0
 192 192 9.05006e-06

 75 0.0101954 0.120644 0.0123209 0.153647 0 -0 0.00736701
 0.0504638 0.00292957 0.0387802 0.005546 0.0943181 0.00434364 0.0894447 0
 174 174 5.37797e-06

 76 0.0103144 0.100262 0.0123103 0.159967 0 -0 0.00701089
 0.0566076 0.00279267 0.0356281 0.00565673 0.091706 0.00448761 0.0940945 0
 170 170 3.30134e-06

 77 0.0104376 0.100199 0.0124784 0.15988 0 -0 0.00696241
 0.05016 0.00276029 0.0338361 0.00558792 0.0833476 0.00452049 0.0951179 0
 212 212 -1.82478e-06

 78 0.0105439 0.103785 0.0129742 0.174454 0 -0 0.00725273
 0.054889 0.00284959 0.0393508 0.00569956 0.0857648 0.00462174 0.101957 0
 176 176 -1.40571e-06

 79 0.0103067 0.100662 0.0126009 0.161439 0 -0 0.00722864
 0.0545247 0.00280898 0.0389007 0.00562429 0.0951149 0.00458488 0.100919 0
 184 184 3.97746e-06

 80 0.0107086 0.142441 0.0126277 0.168962 0 -0 0.00724309
 0.0535609 0.00265586 0.0337384 0.00576924 0.0972507 0.00476122 0.0961915 0
 198 198 7.25257e-06

 81 0.0105884 0.10157 0.0127355 0.168832 0 -0 0.00742571
 0.0510655 0.00265283 0.0315002 0.00578875 0.0903242 0.00473601 0.101406 0
 194 194 7.42018e-06

 82 0.0106501 0.102366 0.0132649 0.180269 0 -0 0.00732857
 0.0545821 0.00276393 0.0394289 0.0058096 0.0791894 0.00484731 0.111537 0
 184 184 -1.98855e-06

 83 0.010532 0.103962 0.0129357 0.167305 0 -0 0.00745964
 0.0547953 0.00271575 0.0382914 0.00576256 0.0909059 0.00480335 0.104494 0
 190 190 -1.41014e-05

 84 0.0107143 0.0992231 0.0128954 0.17515 0 -0 0.00765991
 0.0510641 0.00254327 0.0307612 0.00586065 0.0943792 0.00497372 0.100253 0
 182 182 -1.38827e-05

 85 0.0107708 0.102064 0.0129793 0.172536 0 -0 0.00753221
 0.0574469 0.00256267 0.0314369 0.00585495 0.0850713 0.00498263 0.109974 0
 176 176 -1.25921e-05

 86 0.0108218 0.103198 0.0134987 0.185928 0 -0 0.00758269
 0.0538536 0.00269598 0.0387708 0.00584499 0.0807262 0.00503812 0.1132 0
 188 188 -1.07234e-05

 87 0.0109945 0.131172 0.0133109 0.171712 0 -0 0.00753492
 0.0545263 0.00261778 0.0365992 0.00583533 0.0909699 0.00501799 0.107536 0
 194 194 -6.12097e-06

 88 0.0111318 0.105325 0.0131285 0.175393 0 -0 0.00759986
 0.0665689 0.00247799 0.0297972 0.00602439 0.0849345 0.0052733 0.108952 0
 188 188 -3.85707e-06

 89 0.011036 0.104224 0.0131264 0.168697 0 -0 0.00743321
 0.0535261 0.00252124 0.0314677 0.00580243 0.0704702 0.00523183 0.113005 0
 192 192 -4.76912e-07

 90 0.0113844 0.143776 0.0138606 0.190546 0 -0 0.00742986
 0.0547404 0.00262206 0.0377502 0.00598851 0.0890102 0.00520963 0.108515 0
 214 214 1.8558e-07

 91 0.0112944 0.10711 0.01363 0.172141 0 -0 0.00775504
 0.067833 0.00251122 0.0344186 0.0059526 0.0856533 0.0051409 0.106937 0
 178 178 1.09542e-06

 92 0.0113202 0.107586 0.0132754 0.166046 0 -0 0.00741967
 0.0560382 0.00246555 0.0291495 0.00590131 0.0631876 0.00540747 0.121649 0
 190 190 1.06839e-06

 93 0.0113017 0.105654 0.0134686 0.17211 0 -0 0.0073021
 0.0539861 0.00251984 0.032376 0.00580124 0.0764851 0.00522998 0.109648 0
 170 170 6.86976e-07

 94 0.0116731 0.111005 0.0142026 0.188515 0 -0 0.0075233
 0.0825043 0.00251243 0.0357383 0.00611408 0.0868319 0.00509107 0.102201 0
 140 140 4.83855e-07

 95 0.0116128 0.112428 0.0136991 0.167617 0 -0 0.00738071
 0.0615832 0.00242838 0.0316834 0.00587699 0.0721415 0.00509145 0.109524 0
 152 152 7.14797e-08

 96 0.0115736 0.105818 0.0137149 0.170619 0 -0 0.00722196
 0.0562173 0.00249897 0.030639 0.00592409 0.0841656 0.00529089 0.103961 0
 192 192 -1.47623e-07

 97 0.0117832 0.114177 0.0143089 0.191678 0 -0 0.00739514
 0.0741298 0.00248113 0.03328 0.00598028 0.0842476 0.00503234 0.098544 0
 162 162 -5.94732e-07

 98 0.0118841 0.113975 0.013982 0.164427 0 -0 0.0075024
 0.0572942 0.00241734 0.0313101 0.00588695 0.0640476 0.00516394 0.123903 0
 172 172 -6.54254e-07

 99 0.0117801 0.11279 0.0137267 0.151325 0 -0 0.00734193
 0.0548842 0.00239388 0.0271305 0.00578027 0.0737405 0.00513013 0.109093 0
 156 156 -7.61668e-06

 100 0.0120556 0.119332 0.014759 0.201263 0 -0 0.00746931
 0.0848645 0.00244092 0.0326878 0.00610634 0.0841013 0.00513637 0.0995854 0
 170 170 -3.42705e-06

 101 0.0120875 0.116111 0.0146513 0.197492 0 -0 0.00746679
 0.0635923 0.00239178 0.0321636 0.00583297 0.066044 0.00502214 0.110423 0
 162 162 6.02999e-06

 102 0.012048 0.116462 0.0141575 0.162922 0 -0 0.00745756
 0.0658109 0.0023868 0.026013 0.00600379 0.0816248 0.00515661 0.0905115 0
 170 170 1.03081e-05

 103 0.0121732 0.122054 0.0145104 0.178117 0 -0 0.00745431
 0.0724463 0.00240517 0.0285954 0.00600434 0.0819751 0.00513298 0.0906258 0
 168 168 2.79078e-06

 104 0.0123265 0.116685 0.0148532 0.195113 0 -0 0.00743381
 0.0588975 0.00236801 0.0308855 0.00573455 0.0645669 0.00520886 0.113075 0
 190 190 1.61282e-06

 105 0.0122409 0.11912 0.0143926 0.1575 0 -0 0.00735319
 0.0573621 0.0023234 0.0276266 0.00573812 0.073246 0.0050449 0.0929428 0
 186 186 1.79972e-05

 106 0.0124749 0.121217 0.0150788 0.196551 0 -0 0.00738933
 0.0770511 0.00235763 0.0288694 0.00593271 0.0709851 0.00518792 0.109156 0
 194 194 1.40959e-05

 107 0.0124538 0.120668 0.0153129 0.213036 0 -0 0.0074361
 0.0561045 0.00231437 0.029897 0.0057124 0.0719048 0.00504602 0.106008 0
 160 160 1.63457e-05

 108 0.0124762 0.128795 0.014767 0.156782 0 -0 0.00746384
 0.0838008 0.00229205 0.023963 0.00594324 0.0838437 0.00525573 0.0819308 0
 168 168 1.4635e-05

 109 0.0124503 0.122945 0.0149436 0.178074 0 -0 0.00741674
 0.0670485 0.00227527 0.0255956 0.0056542 0.0681872 0.00520308 0.0955477 0
 148 148 8.22744e-07

 110 0.0126707 0.12169 0.0154626 0.207298 0 -0 0.00746665
 0.0628642 0.00227521 0.0279897 0.00572836 0.0731035 0.00509313 0.095446 0
 178 178 -9.00254e-07

 111 0.012796 0.126958 0.0150778 0.167378 0 -0 0.00740322
 0.074781 0.0022324 0.0239234 0.00568206 0.0761378 0.00507598 0.0779926 0
 176 176 -3.57938e-06

 112 0.0128192 0.121877 0.0155887 0.205097 0 -0 0.0072607
 0.0598077 0.00222753 0.0244075 0.00559922 0.0629699 0.00540394 0.100737 0
 172 172 -3.50125e-06

 113 0.0128807 0.12679 0.0158373 0.221475 0 -0 0.00748054
 0.0621841 0.0022007 0.0257551 0.00556015 0.0661978 0.00511057 0.0891448 0
 150 150 -1.6996e-06

 114 0.0129341 0.12162 0.0154093 0.16423 0 -0 0.00731256
 0.0705826 0.00219364 0.0214641 0.00557843 0.0735088 0.00542893 0.0951685 0
 184 184 -1.85849e-06

 115 0.0128645 0.125457 0.0155508 0.193232 0 -0 0.0073337
 0.0580758 0.0021779 0.0231626 0.00540292 0.0693392 0.00533405 0.100208 0
 170 170 -2.51858e-06

 116 0.0130843 0.128797 0.0159187 0.204167 0 -0 0.00742405
 0.0834565 0.00220424 0.0235875 0.0056777 0.0719515 0.00524349 0.0834572 0
 168 168 -2.28011e-06

 117 0.0131511 0.122835 0.0155846 0.158047 0 -0 0.00728009
 0.0580112 0.0021519 0.0197958 0.00533552 0.0683019 0.00528793 0.0859948 0
 172 172 -1.64182e-06

 118 0.0132843 0.130944 0.0163851 0.231115 0 -0 0.00757511
 0.0835893 0.00218816 0.021162 0.00566646 0.0709585 0.00549028 0.101545 0
 180 180 9.05859e-07

 119 0.0132803 0.125209 0.0162289 0.217168 0 -0 0.00731448
 0.0689828 0.00216474 0.0211945 0.00538593 0.0640062 0.00527825 0.0796946 0
 164 164 4.43892e-06

 120 0.0132102 0.126233 0.0159097 0.17996 0 -0 0.00731101
 0.0620243 0.00218201 0.0191947 0.00553422 0.0709772 0.00561082 0.104178 0
 186 186 4.72397e-07

 121 0.0133679 0.129446 0.0163604 0.223449 0 -0 0.00745375
 0.0747391 0.00218117 0.0197803 0.00549012 0.0631925 0.00545035 0.0995 0
 202 202 -6.77583e-06

 122 0.0134666 0.124035 0.0161658 0.175929 0 -0 0.00707904
 0.0579357 0.0021889 0.0182142 0.0054139 0.0646877 0.0055489 0.0859062 0
 194 194 -1.54807e-05

 123 0.0136163 0.164997 0.0160376 0.173482 0 -0 0.00736325
 0.0793618 0.00217989 0.0183422 0.00540358 0.0636531 0.00552436 0.0993527 0
 184 184 -6.50794e-06

 124 0.0138011 0.127649 0.0169048 0.234974 0 -0 0.00707342
 0.0596439 0.00222337 0.0174782 0.00550563 0.0685707 0.0056324 0.0841578 0
 198 198 -3.80061e-06

 125 0.0136734 0.128771 0.0163002 0.184742 0 -0 0.0071554
 0.0567018 0.00218753 0.0172976 0.00529812 0.0644561 0.0054482 0.0778923 0
 202 202 -2.81162e-06

 126 0.0138268 0.128531 0.0169572 0.231078 0 -0 0.00738283
 0.0796096 0.0022609 0.0175003 0.00559088 0.0796124 0.00576906 0.115035 0
 162 162 -1.9278e-06

 127 0.0137955 0.127175 0.0169841 0.231869 0 -0 0.00719793
 0.0577317 0.00222329 0.0170001 0.00533086 0.0726213 0.00550331 0.0847501 0
 168 168 3.84586e-06

 128 0.0136775 0.127757 0.0165839 0.188591 0 -0 0.0076205
 0.0789953 0.00227032 0.0178644 0.00558532 0.0754468 0.00585355 0.107737 0
 174 174 3.33477e-06

 129 0.0138231 0.128164 0.0170472 0.231803 0 -0 0.00719039
 0.0571973 0.00223991 0.0177939 0.0052709 0.0687388 0.00560862 0.102821 0
 194 194 -1.41294e-06

 130 0.0140233 0.155773 0.0166312 0.172847 0 -0 0.00785759
 0.0824623 0.00229186 0.0178015 0.00557727 0.0666945 0.00558663 0.0859395 0
 170 170 -3.34386e-07

 131 0.0138869 0.128616 0.01662 0.1914 0 -0 0.00719241
 0.0640799 0.00225842 0.0179804 0.00529008 0.062289 0.00563283 0.105586 0
 190 190 1.30036e-06

 132 0.0141324 0.126712 0.0172878 0.227432 0 -0 0.00724258
 0.0748685 0.00229715 0.0175799 0.00570724 0.0669517 0.00554534 0.0816405 0
 200 200 -4.6663e-07

 133 0.013966 0.129142 0.0166594 0.166127 0 -0 0.00730796
 0.0672069 0.00227281 0.0179573 0.00538177 0.0623333 0.00547679 0.0795966 0
 156 156 -2.30894e-07

 134 0.0142166 0.122909 0.0176511 0.251584 0 -0 0.00700684
 0.0587724 0.00227893 0.0188279 0.00538474 0.0686991 0.0056053 0.105923 0
 226 226 1.91703e-06

 135 0.0141813 0.126144 0.0170856 0.214348 0 -0 0.007269
 0.0770289 0.0022847 0.0181612 0.00542504 0.0685012 0.00547975 0.0823386 0
 180 180 5.45619e-06

 136 0.0145428 0.15952 0.0173206 0.223858 0 -0 0.00703585
 0.0580389 0.00229352 0.0193439 0.0053346 0.0671666 0.00577699 0.11554 0
 186 186 1.87732e-06

 137 0.0144866 0.126798 0.0174259 0.243432 0 -0 0.00741084
 0.0780893 0.00229489 0.0186566 0.00547811 0.0673394 0.00550093 0.0910691 0
 172 172 -3.92009e-06

 138 0.0144137 0.129932 0.016881 0.195322 0 -0 0.00706279
 0.0528761 0.00234005 0.0196956 0.00544891 0.0643941 0.00582122 0.103416 0
 168 168 -3.34947e-06

 139 0.0146993 0.152673 0.0172057 0.233906 0 -0 0.00738185
 0.0763088 0.00231287 0.0195801 0.00544774 0.0651522 0.00554522 0.0987081 0
 192 192 -1.44232e-06

 140 0.0146968 0.1305 0.0167297 0.173845 0 -0 0.00743146
 0.0543384 0.00238925 0.0215437 0.00547835 0.0655484 0.00564425 0.0866325 0
 186 186 -6.57792e-07

 141 0.0146192 0.127725 0.0167962 0.202941 0 -0 0.00722274
 0.0593763 0.00233414 0.0199501 0.00537587 0.0652105 0.00551621 0.100915 0
 166 166 2.03916e-07

 142 0.0146585 0.131455 0.0169781 0.212734 0 -0 0.00738164
 0.0549167 0.00241779 0.023129 0.0054639 0.0750951 0.00552129 0.078765 0
 194 194 2.18793e-07

 143 0.0144738 0.124665 0.0165051 0.177762 0 -0 0.00707328
 0.0549475 0.00234433 0.0200192 0.00533722 0.0686533 0.00552713 0.0845218 0
 160 160 -3.89761e-08

 144 0.0146107 0.127467 0.0173911 0.244707 0 -0 0.00759154
 0.0756826 0.00240394 0.0236495 0.00530216 0.0750943 0.0054851 0.0939347 0
 188 188 -3.15857e-07

 145 0.0145291 0.122881 0.0166135 0.182008 0 -0 0.00722693
 0.0528451 0.00234317 0.0199773 0.00511226 0.0681788 0.00543796 0.0759676 0
 194 194 -4.48893e-07

 146 0.0145979 0.131916 0.0174023 0.249108 0 -0 0.00725998
 0.0760534 0.00239829 0.0233417 0.00545834 0.0724946 0.00553112 0.102202 0
 190 190 -5.30836e-07

 147 0.014462 0.126615 0.0168452 0.211108 0 -0 0.00715561
 0.0626228 0.00234565 0.0204084 0.00505519 0.0681117 0.0053672 0.0830677 0
 172 172 -5.08929e-07

 148 0.0144878 0.125724 0.0172097 0.237166 0 -0 0.00693803
 0.0654907 0.00237229 0.0207749 0.00532421 0.0754543 0.00552463 0.10981 0
 186 186 -1.49349e-07

 149 0.0144763 0.128547 0.0170174 0.23242 0 -0 0.00706654
 0.0686567 0.00234899 0.0214671 0.0050928 0.0653183 0.00532038 0.0854995 0
 210 210 7.44801e-07

 150 0.0144399 0.126366 0.016985 0.227282 0 -0 0.00680022
 0.0609317 0.00233933 0.0209722 0.00510415 0.060886 0.00552684 0.105366 0
 202 202 9.45975e-07

 151 0.0145032 0.12774 0.0170883 0.241163 0 -0 0.00709889
 0.077651 0.00232788 0.0202674 0.00511203 0.0674987 0.00524552 0.0848669 0
 174 174 1.36993e-06

 152 0.014375 0.128321 0.0166777 0.213186 0 -0 0.00710718
 0.0596429 0.00230957 0.0212216 0.00492436 0.0617 0.00550279 0.10179 0
 208 208 1.61116e-06

 153 0.0146346 0.144722 0.0169687 0.240325 0 -0 0.00694785
 0.0785263 0.00228892 0.0203458 0.00500812 0.0606389 0.0052147 0.0864631 0
 218 218 1.56391e-06

 154 0.0143932 0.134486 0.0160995 0.18443 0 -0 0.00721979
 0.0588917 0.00233398 0.0231189 0.00509557 0.0643305 0.0054113 0.0939585 0
 204 204 1.07453e-06

 155 0.0145042 0.129547 0.0162132 0.214194 0 -0 0.00666545
 0.0561535 0.00227847 0.0206247 0.00488917 0.0593674 0.00520584 0.0870766 0
 188 188 2.84966e-07

 156 0.0146015 0.133882 0.0157865 0.166601 0 -0 0.00762611
 0.0758184 0.00238017 0.0253613 0.00514464 0.0824426 0.00522426 0.0777329 0
 182 182 1.57345e-07

 157 0.0146285 0.129402 0.015591 0.185415 0 -0 0.00693048
 0.0545428 0.00231384 0.0207503 0.00493334 0.0723958 0.00522477 0.0860504 0
 186 186 -8.77462e-08

 158 0.0148524 0.146227 0.015827 0.19555 0 -0 0.00780397
 0.0793104 0.0023991 0.026296 0.00519038 0.0805482 0.00515331 0.074099 0
 200 200 -2.34276e-07

 159 0.0145504 0.133134 0.0152928 0.15961 0 -0 0.00719442
 0.0562857 0.0023407 0.0226481 0.00491137 0.0714611 0.00509694 0.0720296 0
 178 178 -5.20818e-07

 160 0.0146519 0.136885 0.0160715 0.22311 0 -0 0.00746588
 0.0764427 0.00240501 0.0256421 0.00517295 0.0735503 0.00517655 0.0827345 0
 186 186 -6.8939e-07

 161 0.0150074 0.241951 0.0153406 0.164753 0 -0 0.00809198
 0.0629287 0.00236351 0.0230067 0.00487487 0.0646077 0.00507142 0.0723193 0
 192 192 -1.06022e-06

 162 0.0147717 0.13271 0.015985 0.223756 0 -0 0.00755357
 0.0755387 0.00243206 0.0220638 0.00558459 0.0813202 0.00525209 0.0890735 0
 178 178 -1.08129e-06

 163 0.014433 0.133383 0.0154251 0.193686 0 -0 0.00755245
 0.0731859 0.00239266 0.0229161 0.0049341 0.0685385 0.00498948 0.0703061 0
 176 176 -8.84805e-07

 164 0.0144749 0.16166 0.0155732 0.212386 0 -0 0.00818812
 0.0590733 0.00240474 0.0209804 0.00520139 0.0763037 0.00519103 0.0906728 0
 192 192 -6.44895e-07

 165 0.0142815 0.133977 0.0155494 0.212543 0 -0 0.00751133
 0.074313 0.00241157 0.0198799 0.00515403 0.0698725 0.00508161 0.0721796 0
 198 198 -2.76509e-07

 166 0.0141253 0.131259 0.0152859 0.19798 0 -0 0.00891086
 0.0599251 0.00241587 0.0209295 0.00484494 0.0661914 0.00530571 0.0878279 0
 190 190 -2.30154e-07

 167 0.014645 0.242843 0.0154319 0.215706 0 -0 0.00851393
 0.0594091 0.00240383 0.0203065 0.0048439 0.0559724 0.00503069 0.0746715 0
 164 164 -1.5622e-07

 168 0.0142579 0.136513 0.015103 0.183518 0 -0 0.00837634
 0.0877013 0.00253412 0.0230114 0.00532545 0.0832778 0.00527424 0.0809503 0
 194 194 -1.18577e-07

 169 0.0141105 0.135689 0.0151599 0.207082 0 -0 0.00839711
 0.0573391 0.00245321 0.0204415 0.00496653 0.0696781 0.00499873 0.0770092 0
 178 178 -8.82744e-08

 170 0.0140405 0.142358 0.014805 0.170677 0 -0 0.00898641
 0.071265 0.0025665 0.0242569 0.00533452 0.076452 0.00515061 0.074039 0
 172 172 -4.80928e-08

 171 0.0142507 0.15951 0.0149544 0.20183 0 -0 0.0106481
 0.0660788 0.00249844 0.0215609 0.00505343 0.0668005 0.00502427 0.0753177 0
 180 180 -6.72553e-09

 172 0.0142601 0.14162 0.0145661 0.154825 0 -0 0.0302822
 0.0965136 0.0026442 0.0254746 0.00556346 0.0773973 0.00526813 0.0757778 0
 172 172 -3.58644e-08

 173 0.0142852 0.141491 0.0145319 0.182003 0 -0 0.0253909
 0.0939516 0.00258734 0.0232515 0.00517561 0.0698758 0.00511661 0.0773543 0
 156 156 -4.72675e-08

 174 0.0278062 1.26216 0.0177426 0.253859 0 -0 0.0558759
 0.199541 0.00274428 0.0251919 0.00596925 0.127591 0.00509703 0.0791147 0
 184 184 -1.66465e-08

 175 0.0186594 0.709564 0.0163784 0.156839 0 -0 0.0577599
 0.139142 0.00278153 0.0251298 0.0057175 0.0694622 0.0055648 0.112745 0
 194 194 4.27282e-08

 176 0.0149836 0.297984 0.0162764 0.171769 0 -0 0.0397606
 0.120971 0.00321372 0.0449904 0.00651973 0.0800404 0.00566022 0.0919073 0
 196 196 -2.00273e-08

 177 0.0150426 0.303283 0.0158625 0.134517 0 -0 0.042534
 0.117608 0.00339017 0.0513252 0.00677136 0.0791261 0.00541511 0.0845254 0
 174 174 -1.17446e-07

 178 0.0154144 0.328042 0.0161157 0.183554 0 -0 0.0491377
 0.12057 0.00377358 0.0606218 0.00770241 0.0850458 0.00534711 0.0848514 0
 202 202 -2.23099e-07

 179 0.0149314 0.353434 0.0150734 0.142997 0 -0 0.0370737
 0.111926 0.00361746 0.0494482 0.00723583 0.0776334 0.00506857 0.0653721 0
 152 152 1.13062e-07

 180 0.017101 0.299767 0.0188356 0.362355 0 -0 0.451322
 5.22481 0.00333896 0.0422765 0.00682658 0.0859382 0.00493231 0.0748517 0
 186 186 6.63596e-09

 181 0.0282935 0.521722 0.0345503 0.625164 0 -0 1.85561
 18.5488 0.0031553 0.0339865 0.00692459 0.169101 0.00492141 0.196501 0
 166 166 -9.04287e-08

 182 0.0171583 0.219393 0.024467 0.484715 0 -0 6.95684
 9.15904 0.00529563 0.0972397 0.0147652 0.323049 0.00620548 0.1459 0
 170 170 2.97478e-08

 183 0.0152984 0.17448 0.017441 0.199926 0 -0 4.34028
 4.75458 0.00370404 0.0472973 0.0117313 0.257833 0.00554932 0.0659364 0
 158 158 5.14556e-07

 184 0.0153694 0.232781 0.0151003 0.180481 0 -0 1.67595
 9.00913 0.00344106 0.0298939 0.0105181 0.179951 0.00540605 0.0628425 0
 174 174 5.62198e-07

 185 0.0158738 0.256685 0.0149706 0.161376 0 -0 2.88128
 7.65952 0.0034266 0.0403715 0.0084025 0.181457 0.00513446 0.0642953 0
 188 188 4.7219e-07

 186 0.0164255 0.418598 0.0184334 0.42459 0 -0 4.16465
 4.54812 0.00387324 0.0464332 0.00936045 0.215224 0.00535467 0.0793637 0
 166 166 2.57722e-07

 187 0.0147137 0.311342 0.0173197 0.193692 0 -0 3.11058
 4.53952 0.0035105 0.0389577 0.00905035 0.182768 0.00504767 0.100311 0
 176 176 1.33582e-07

 188 0.0140646 0.425698 0.0124608 0.148984 0 -0 0.44278
 0.961772 0.00283038 0.0441563 0.0100921 0.137255 0.00491287 0.0743314 0
 204 204 2.06852e-07

 189 0.0129324 0.323947 0.011572 0.124275 0 -0 0.644315
 1.56394 0.00274147 0.0387988 0.00908956 0.134373 0.00463767 0.0694894 0
 154 154 1.98954e-07

 190 0.0117002 0.139475 0.0111408 0.140953 0 -0 1.24235
 1.62677 0.0027905 0.0367616 0.00823129 0.230215 0.00471338 0.0747608 0
 200 200 1.38571e-07

 191 0.0114836 0.141247 0.0103121 0.099748 0 -0 0.652316
 0.884447 0.00285337 0.0428728 0.00773816 0.262147 0.00454409 0.0661964 0
 188 188 -2.97637e-08

 192 0.0108455 0.142824 0.00971238 0.0923396 0 -0 0.0349894
 0.0581529 0.00285262 0.0347535 0.00685325 0.209412 0.00460462 0.0729859 0
 174 174 -8.62894e-08

 193 0.0104261 0.141514 0.00945708 0.0893106 0 -0 0.0197854
 0.0440434 0.00262879 0.0297001 0.00618449 0.165691 0.00443495 0.0686605 0
 174 174 -1.69544e-07

 194 0.0108953 0.284528 0.00961614 0.0995814 0 -0 0.00474738
 0.0275239 0.00242434 0.0188488 0.00566355 0.103143 0.00434221 0.0676796 0
 160 160 -1.91077e-07

 195 0.0099022 0.117062 0.00939572 0.0947079 0 -0 0.00561958
 0.030638 0.00235096 0.0161466 0.00533711 0.0915213 0.00425995 0.0679276 0
 180 180 -2.40947e-07

 196 0.0099003 0.10948 0.00961273 0.103651 0 -0 0.00650835
 0.0367124 0.00231535 0.0151646 0.00528761 0.0795855 0.00439275 0.0739642 0
 192 192 -2.59214e-07

 197 0.0097515 0.128944 0.0096134 0.0977629 0 -0 0.00769745
 0.0355953 0.00224596 0.0174432 0.00481776 0.0891886 0.0041316 0.0658779 0
 162 162 -2.73678e-07

 198 0.00979907 0.121296 0.00996794 0.106102 0 -0 0.00714885
 0.0328461 0.00221799 0.0196923 0.00443715 0.0729462 0.00418937 0.0665376 0
 174 174 -2.67314e-07

 199 0.0098796 0.10955 0.0100098 0.102118 0 -0 0.00717943
 0.0327795 0.00216002 0.0187006 0.00429635 0.083199 0.00410899 0.0668937 0
 180 180 -2.56192e-07

 200 0.0100522 0.156998 0.0101207 0.104299 0 -0 0.00550716
 0.0302598 0.00217173 0.0156221 0.00429828 0.0808517 0.00429571 0.0679684 0
 186 186 -2.53864e-07

 201 0.00985495 0.081495 0.0100401 0.103814 0 -0 0.00486911
 0.0304917 0.00212598 0.0146583 0.00414913 0.0766044 0.0041912 0.0656148 0
 192 192 -2.28829e-07

 202 0.00981243 0.0836542 0.0100805 0.0997448 0 -0 0.00477175
 0.0342393 0.00221878 0.0163025 0.004246 0.0853439 0.00440456 0.0681906 0
 178 178 -1.92217e-07

 203 0.0097883 0.114992 0.00989371 0.103305 0 -0 0.00418657
 0.0317144 0.00218966 0.0157706 0.00419381 0.0702571 0.00436481 0.0655625 0
 170 170 -1.01816e-07

 204 0.00977572 0.0878636 0.0101179 0.10102 0 -0 0.00403397
 0.0364545 0.00225384 0.0174261 0.00415724 0.0866133 0.00445155 0.0729211 0
 188 188 -4.66675e-08

 205 0.00970311 0.0854411 0.00988825 0.0987644 0 -0 0.00383272
 0.0345519 0.00222854 0.0170735 0.00404226 0.0693425 0.00443805 0.0690294 0
 168 168 6.38798e-08

 206 0.0107945 0.291479 0.0102355 0.104706 0 -0 0.00436067
 0.0408212 0.00227701 0.0176331 0.00406993 0.0834489 0.00456109 0.074325 0
 198 198 1.2313e-07

 207 0.00987983 0.124779 0.00994589 0.0933339 0 -0 0.00399431
 0.0381868 0.00225371 0.0181141 0.00403994 0.0728675 0.00458242 0.0710731 0
 184 184 2.43242e-07

 208 0.00997384 0.13478 0.0100979 0.106415 0 -0 0.00417211
 0.0438061 0.00235492 0.0194382 0.00477878 0.0881409 0.00480886 0.0838699 0
 160 160 2.8208e-07

 209 0.0100642 0.170121 0.0101753 0.0968456 0 -0 0.00414949
 0.0400621 0.00232019 0.0187364 0.00437152 0.0809151 0.00463742 0.0736155 0
 188 188 3.46313e-07

 210 0.0099111 0.0983018 0.0100861 0.105021 0 -0 0.00397236
 0.0433531 0.00232804 0.0196458 0.00440946 0.101172 0.00479429 0.0903534 0
 186 186 3.74355e-07

 211 0.0100448 0.135642 0.0100396 0.0977233 0 -0 0.00398212
 0.0407126 0.00229392 0.0187831 0.00421269 0.092207 0.00469375 0.0816494 0
 152 152 4.28359e-07

 212 0.00999197 0.102785 0.0100439 0.103134 0 -0 0.00382534
 0.0436326 0.00233835 0.0219269 0.00440028 0.102821 0.00479444 0.0761992 0
 174 174 4.45802e-07

 213 0.00999837 0.094762 0.00993032 0.0991402 0 -0 0.00382198
 0.0413953 0.00229858 0.0193371 0.00429464 0.101686 0.00474539 0.0774766 0
 174 174 4.7049e-07

 214 0.0102613 0.147253 0.0102005 0.099068 0 -0 0.00402198
 0.0434653 0.00233635 0.0229532 0.00420374 0.0854122 0.00485955 0.076274 0
 196 196 4.7269e-07

 215 0.0100239 0.0945378 0.00988648 0.0969999 0 -0 0.00371767
 0.0398138 0.00229528 0.0198451 0.00416965 0.0990141 0.00475349 0.0715932 0
 152 152 4.65168e-07

 216 0.0114267 0.344773 0.0100909 0.0942382 0 -0 0.00399864
 0.0450749 0.00237857 0.024046 0.00442419 0.0900573 0.00493901 0.0834049 0
 214 214 4.49041e-07

 217 0.0102634 0.138361 0.00983456 0.0941402 0 -0 0.00385748
 0.0393212 0.00231132 0.0206819 0.00431599 0.0873115 0.00483855 0.0739053 0
 166 166 4.04393e-07

 218 0.010271 0.103176 0.00990902 0.0884353 0 -0 0.00387549
 0.0457708 0.00240983 0.0234865 0.00482094 0.098758 0.005111 0.0990548 0
 174 174 3.71159e-07

 219 0.0105534 0.193191 0.00973216 0.0895239 0 -0 0.00372041
 0.0388349 0.0023297 0.0220559 0.00434818 0.0882106 0.00496178 0.0818973 0
 190 190 2.95891e-07

 220 0.0104233 0.10467 0.00982135 0.0813806 0 -0 0.00379974
 0.0460152 0.00238566 0.0242957 0.00433643 0.104108 0.00501989 0.079117 0
 198 198 2.49827e-07

 221 0.0103191 0.105263 0.00957511 0.0838023 0 -0 0.00372322
 0.0368633 0.00233035 0.0232021 0.00417615 0.0962451 0.00501086 0.0857915 0
 180 180 1.51612e-07

 222 0.0105212 0.101056 0.00978551 0.0834275 0 -0 0.00368257
 0.043197 0.00240376 0.0261374 0.00441114 0.105458 0.00499724 0.0714613 0
 160 160 9.96521e-08

 223 0.0103283 0.104852 0.00947364 0.0787907 0 -0 0.00363927
 0.0358999 0.00234846 0.0249263 0.00422021 0.0981208 0.0050075 0.0883347 0
 170 170 -1.31734e-09

 224 0.0115278 0.314034 0.00980379 0.0834107 0 -0 0.00357512
 0.0425958 0.00238409 0.025922 0.00437276 0.103209 0.005024 0.0938481 0
 178 178 -4.6341e-08

 225 0.010454 0.122919 0.00942185 0.0723504 0 -0 0.00335152
 0.0331211 0.00234447 0.0246394 0.00427 0.0951465 0.00503868 0.0811123 0
 192 192 -1.22572e-07

 226 0.0105172 0.111312 0.00954905 0.0826225 0 -0 0.00379541
 0.0445202 0.0023895 0.0248324 0.00479716 0.101414 0.0051285 0.102053 0
 172 172 -1.59129e-07

 227 0.0105214 0.1291 0.0095643 0.0708942 0 -0 0.0036552
 0.0394821 0.00232475 0.024818 0.00431211 0.0938256 0.00498116 0.085589 0
 168 168 -2.09295e-07

 228 0.0103928 0.096627 0.00946178 0.0807257 0 -0 0.00363906
 0.037667 0.00233463 0.0231622 0.00426724 0.101665 0.00509517 0.1088 0
 180 180 -2.11411e-07

 229 0.0105419 0.164699 0.00927296 0.0713285 0 -0 0.00329663
 0.0360548 0.00230183 0.023911 0.00428119 0.0940309 0.00505196 0.0995025 0
 158 158 -1.92831e-07

 230 0.0103392 0.0955199 0.00938375 0.0785482 0 -0 0.00364606
 0.0352473 0.00231594 0.0219645 0.00444497 0.0941611 0.00498112 0.0849233 0
 170 170 -1.62493e-07

 231 0.0101914 0.106389 0.00911927 0.069358 0 -0 0.00364203
 0.0308456 0.00227702 0.0226454 0.00442043 0.0917746 0.00487319 0.0883307 0
 152 152 -8.53978e-08

 232 0.0103263 0.113285 0.00922685 0.0746677 0 -0 0.00339717
 0.0318377 0.00227363 0.0217672 0.00438916 0.0915881 0.00491196 0.0763902 0
 170 170 -3.42836e-08

 233 0.0101095 0.0989254 0.00892158 0.0679112 0 -0 0.00339836
 0.0266946 0.00220912 0.0203082 0.00412768 0.0846053 0.00477503 0.0790562 0
 182 182 8.42816e-08

 234 0.0101301 0.119418 0.00885358 0.0710937 0 -0 0.0042581
 0.028503 0.00224505 0.0197304 0.00431639 0.0901113 0.00486649 0.0741214 0
 176 176 1.55436e-07

 235 0.0100808 0.0986327 0.00867411 0.0667884 0 -0 0.00429489
 0.0255661 0.0021842 0.018368 0.00425484 0.0826994 0.00472031 0.0777848 0
 168 168 2.99962e-07

 236 0.0100474 0.0919512 0.00867067 0.0703864 0 -0 0.00555289
 0.0244885 0.00225838 0.0172475 0.00461822 0.093489 0.00470092 0.0743732 0
 186 186 3.40171e-07

 237 0.00984293 0.0865576 0.00855137 0.0687244 0 -0 0.00573303
 0.0211641 0.00216564 0.015692 0.0044624 0.0771861 0.00449465 0.0664386 0
 174 174 4.06372e-07

 238 0.00970619 0.0798366 0.00886816 0.0765507 0 -0 0.00455046
 0.0203268 0.00211068 0.0155365 0.00423863 0.0811116 0.00447015 0.0696703 0
 176 176 4.23692e-07

 239 0.00941662 0.0781565 0.00879135 0.0761677 0 -0 0.00556211
 0.0216687 0.00200255 0.0133796 0.00396112 0.0715119 0.00431829 0.0626773 0
 174 174 4.38242e-07

 240 0.00933576 0.0686835 0.00879907 0.0847116 0 -0 0.00399423
 0.0201918 0.0019346 0.0131521 0.00384758 0.0637043 0.0042549 0.0669338 0
 180 180 4.29992e-07

 241 0.00919194 0.0641748 0.00837905 0.0814832 0 -0 0.00375963
 0.018081 0.00186956 0.012713 0.00369287 0.0621549 0.00404153 0.0558129 0
 188 188 4.04606e-07

 242 0.00925285 0.0687776 0.00766416 0.065599 0 -0 0.00250132
 0.0125188 0.00183485 0.0118438 0.00362166 0.0620048 0.00391461 0.0548964 0
 190 190 3.87077e-07

 243 0.00898544 0.0623301 0.00710084 0.0593293 0 -0 0.00219584
 0.00934767 0.0017693 0.0118771 0.00347647 0.0602254 0.00373363 0.051809 0
 200 200 3.50745e-07

 244 0.0087629 0.0671395 0.00675977 0.0609739 0 -0 0.00351989
 0.0109336 0.00172893 0.0120132 0.00335611 0.0591219 0.00366239 0.0531881 0
 184 184 3.31543e-07

 245 0.00849861 0.0620668 0.00658036 0.0571047 0 -0 0.00283248
 0.0111999 0.00168812 0.011786 0.00323109 0.0558958 0.00353429 0.050816 0
 180 180 2.90209e-07

 246 0.00836971 0.063817 0.00663729 0.0591056 0 -0 0.00366998
 0.0108155 0.00169104 0.012551 0.00315844 0.0571379 0.00350065 0.0518089 0
 194 194 2.67233e-07

 247 0.00820705 0.0650204 0.006513 0.0572487 0 -0 0.0026804
 0.0111633 0.00166662 0.0120111 0.00306827 0.0557159 0.00338257 0.0490323 0
 178 178 2.18643e-07

 248 0.00826796 0.0639299 0.00651551 0.0585118 0 -0 0.00298228
 0.0098894 0.00167744 0.0129964 0.00309698 0.0568784 0.00334758 0.0477604 0
 182 182 1.92339e-07

 249 0.00816297 0.0661541 0.00635758 0.0569429 0 -0 0.00195564
 0.0101702 0.00164868 0.0128435 0.00301488 0.05858 0.00322674 0.0473759 0
 168 168 1.37971e-07

 250 0.00832189 0.066737 0.00641001 0.0579612 0 -0 0.0020071
 0.00875315 0.00164928 0.0132498 0.00305845 0.0573756 0.00319179 0.0463619 0
 186 186 1.11696e-07

 251 0.00824699 0.0644723 0.00627813 0.0563512 0 -0 0.00140922
 0.00919881 0.00162427 0.0132199 0.00300182 0.0598588 0.00309321 0.0451157 0
 190 190 6.35783e-08

 252 0.00838319 0.0671789 0.00635992 0.0582327 0 -0 0.0014484
 0.00842141 0.00162777 0.0135217 0.00303185 0.0582205 0.00308609 0.0457806 0
 180 180 4.59869e-08

 253 0.00826118 0.0611548 0.00622064 0.0558755 0 -0 0.00152374
 0.00878091 0.00160391 0.0131633 0.0029581 0.0595692 0.0030021 0.0444313 0
 198 198 1.87876e-08

 254 0.0083301 0.066013 0.00629057 0.0569772 0 -0 0.0015047
 0.00944734 0.00160797 0.0134312 0.00294951 0.0560318 0.00303361 0.0444069 0
 164 164 1.55112e-08

 255 0.00817635 0.0594512 0.00612285 0.0534637 0 -0 0.00192405
 0.00931342 0.00158337 0.0129507 0.00287186 0.0575615 0.00296767 0.0442281 0
 176 176 1.43941e-08

 256 0.00824741 0.0622318 0.00616207 0.0548909 0 -0 0.00169627
 0.008501 0.00157916 0.0131934 0.00282928 0.0562797 0.00301419 0.0433337 0
 188 188 1.68232e-08

 257 0.00807591 0.0583822 0.00598781 0.0515844 0 -0 0.00244275
 0.00900139 0.00154498 0.012902 0.00274758 0.0573272 0.00296481 0.0438793 0
 186 186 3.10388e-08

 258 0.00807364 0.0595488 0.00617037 0.0556358 0 -0 0.00230949
 0.0095384 0.00152988 0.0129076 0.00276178 0.0574913 0.00300293 0.0430322 0
 170 170 4.51768e-08

 259 0.00788628 0.0574293 0.00609519 0.0529343 0 -0 0.00320769
 0.0100292 0.00149995 0.0129118 0.00270325 0.0572285 0.00293194 0.0436893 0
 170 170 7.82774e-08

 260 0.00792505 0.0586499 0.00625123 0.0576559 0 -0 0.00236133
 0.00944376 0.00151016 0.0125221 0.00267305 0.0580305 0.00289309 0.0440772 0
 188 188 1.0161e-07

 261 0.00779532 0.0571546 0.0060555 0.0571945 0 -0 0.00254384
 0.00893045 0.00149397 0.0128311 0.00262904 0.0567059 0.0027619 0.0436488 0
 190 190 1.34007e-07

 262 0.00789029 0.0597565 0.00586649 0.0590477 0 -0 0.00134385
 0.0077744 0.00150228 0.0121107 0.00256834 0.0588637 0.00264344 0.0439197 0
 198 198 1.49569e-07

 263 0.00769738 0.0594725 0.00547968 0.0521129 0 -0 0.00130268
 0.00702109 0.00147603 0.0126554 0.00248975 0.0560437 0.00255032 0.0434701 0
 172 172 1.8045e-07

 264 0.00744442 0.0623047 0.00501397 0.0449903 0 -0 0.00148043
 0.00820502 0.00146629 0.0122962 0.0024405 0.0587676 0.00255954 0.0444391 0
 194 194 1.95703e-07

 265 0.00718897 0.061229 0.00477878 0.0441531 0 -0 0.00135573
 0.00843444 0.00143529 0.0124922 0.00237806 0.0548083 0.00251076 0.042883 0
 186 186 2.24733e-07

 266 0.0070553 0.0608052 0.00475182 0.0452493 0 -0 0.0019676
 0.00864139 0.00142819 0.0121807 0.00234512 0.0577163 0.00251493 0.0437306 0
 188 188 2.37386e-07

 267 0.00689427 0.0619777 0.00465594 0.044628 0 -0 0.00185798
 0.00910447 0.00140602 0.0121953 0.00231187 0.0528773 0.0024568 0.0408799 0
 170 170 2.59862e-07

 268 0.00688118 0.0637373 0.00468558 0.0463031 0 -0 0.002477
 0.00926237 0.00140648 0.0117575 0.00231064 0.0578406 0.00245367 0.0418211 0
 164 164 2.6774e-07

 269 0.00678578 0.0617082 0.00454499 0.0437831 0 -0 0.0021154
 0.00964457 0.00138122 0.011804 0.00226573 0.0511817 0.00238857 0.0395956 0
 186 186 2.79157e-07

 270 0.00689378 0.0655454 0.0044761 0.0460016 0 -0 0.0023101
 0.00904465 0.00137513 0.0113164 0.00227468 0.0544206 0.00237718 0.0413961 0
 202 202 2.7951e-07

 271 0.00682706 0.0598754 0.0043445 0.0431649 0 -0 0.00169265
 0.00908733 0.00135239 0.0113396 0.00222909 0.049959 0.00231601 0.0388187 0
 180 180 2.74733e-07

 272 0.0069137 0.0660594 0.0043637 0.0453411 0 -0 0.00159138
 0.00812172 0.00135715 0.0110606 0.00224602 0.0522898 0.00229454 0.040945 0
 224 224 2.6727e-07

 273 0.00683024 0.0587927 0.00428773 0.0438356 0 -0 0.00113246
 0.00813142 0.00134019 0.0108219 0.00220722 0.0493076 0.00224071 0.0380231 0
 194 194 2.4786e-07

 274 0.00691052 0.066116 0.00441453 0.0459408 0 -0 0.00110943
 0.0073944 0.0013514 0.0107786 0.00222911 0.0496261 0.00224742 0.0403518 0
 188 188 2.34468e-07

 275 0.00681251 0.0600069 0.0043336 0.0445545 0 -0 0.000977212
 0.00738898 0.00133549 0.0102115 0.00220402 0.0486839 0.00220813 0.0375446 0
 182 182 2.05104e-07

 276 0.00690478 0.0627168 0.00446644 0.0461304 0 -0 0.000952532
 0.00712032 0.00134535 0.0103712 0.00223088 0.0468264 0.00222399 0.0397067 0
 206 206 1.88812e-07

 277 0.00680123 0.0608835 0.00439348 0.0446605 0 -0 0.00111551
 0.00699028 0.00132688 0.00950649 0.00219116 0.0475163 0.00218129 0.0369606 0
 158 158 1.56409e-07

 278 0.00687812 0.0610621 0.00449972 0.0455784 0 -0 0.00104335
 0.00741067 0.00133357 0.00981073 0.00221278 0.0457112 0.00219905 0.0387043 0
 200 200 1.4147e-07

 279 0.00675659 0.0618722 0.00442089 0.0438307 0 -0 0.00143716
 0.00736756 0.00131335 0.00892384 0.00216814 0.0455834 0.00215342 0.0358519 0
 200 200 1.14179e-07

 280 0.00678187 0.0618208 0.00449047 0.0458224 0 -0 0.00126814
 0.00832386 0.00131539 0.00918654 0.00216232 0.0443808 0.00217866 0.0379665 0
 192 192 1.03817e-07

 281 0.00664696 0.0622632 0.00438018 0.0435762 0 -0 0.0017591
 0.0080506 0.00129224 0.00889557 0.00209729 0.042087 0.002132 0.0342784 0
 188 188 8.69641e-08

 282 0.00666154 0.0615618 0.00439906 0.0450159 0 -0 0.00143689
 0.00748085 0.00128091 0.00866298 0.00205528 0.0433207 0.0021707 0.0364474 0
 198 198 8.23966e-08

 283 0.00652376 0.060931 0.00428745 0.0429745 0 -0 0.00200758
 0.00690308 0.00124538 0.00884601 0.0019757 0.0386629 0.00213592 0.0340561 0
 178 178 7.74545e-08

 284 0.00651394 0.0627417 0.0044312 0.0453462 0 -0 0.00188107
 0.00699509 0.00121178 0.00828322 0.00193174 0.034723 0.00217867 0.0344746 0
 184 184 7.89866e-08

 285 0.00636713 0.058316 0.00437998 0.0445013 0 -0 0.0025365
 0.007821 0.00118133 0.00818628 0.00189255 0.0341065 0.00213264 0.0367185 0
 206 206 8.5173e-08

 286 0.0063955 0.0633198 0.00449416 0.0484326 0 -0 0.00200741
 0.00732856 0.00118026 0.00816207 0.00187881 0.0357404 0.00209089 0.0377759 0
 172 172 9.10803e-08

 287 0.00628452 0.0552305 0.00436633 0.0469774 0 -0 0.00213699
 0.00732819 0.00116597 0.00840939 0.00183313 0.0341988 0.00199755 0.0300616 0
 158 158 1.0449e-07

 288 0.00634793 0.0637084 0.00427051 0.0498323 0 -0 0.00121096
 0.00636014 0.0011732 0.0083832 0.00178642 0.0364126 0.00191051 0.0281369 0
 180 180 1.12858e-07

 289 0.00620967 0.0575544 0.00402213 0.0461249 0 -0 0.00117543
 0.0059775 0.00115429 0.00851535 0.00174023 0.0353522 0.00183503 0.0278546 0
 178 178 1.30462e-07

 290 0.00605527 0.0594662 0.0036495 0.040809 0 -0 0.000834235
 0.00515234 0.00114925 0.00867149 0.00170597 0.0365855 0.00181827 0.0290766 0
 192 192 1.3973e-07

 291 0.0057725 0.0572248 0.00336575 0.0330752 0 -0 0.000820583
 0.00454441 0.00112495 0.00851073 0.00166557 0.036111 0.00178445 0.0277822 0
 166 166 1.58314e-07

 292 0.00547172 0.0552159 0.00315219 0.0246078 0 -0 0.00128384
 0.00501955 0.00111932 0.00876261 0.00165118 0.0360243 0.00180213 0.0289855 0
 188 188 1.67213e-07

 293 0.00529349 0.047601 0.00307069 0.0239428 0 -0 0.00123974
 0.00492787 0.00110501 0.00846123 0.00162789 0.0368418 0.00176965 0.0267301 0
 194 194 1.83483e-07

 294 0.00522547 0.0457413 0.00307226 0.0248146 0 -0 0.0017101
 0.00563482 0.00111122 0.00875496 0.00164109 0.0363967 0.00176844 0.0283651 0
 168 168 1.90375e-07

 295 0.0051479 0.0434982 0.00298004 0.0247659 0 -0 0.00155885
 0.005501 0.00109537 0.0084043 0.00160699 0.0365413 0.00173151 0.0261327 0
 174 174 2.02717e-07

 296 0.00524832 0.0454554 0.00290909 0.0253906 0 -0 0.00171689
 0.00571819 0.00109413 0.0086464 0.00161266 0.0366818 0.00171144 0.0281677 0
 186 186 2.07116e-07

 297 0.00521731 0.0466659 0.00283191 0.0245124 0 -0 0.00135337
 0.00545874 0.00107862 0.00833357 0.00158936 0.0363608 0.00166581 0.0267826 0
 186 186 2.13973e-07

 298 0.00532879 0.0479434 0.00282991 0.0257084 0 -0 0.00120183
 0.00511252 0.00108126 0.00855197 0.00159703 0.0366024 0.00163914 0.0276851 0
 182 182 2.15338e-07

 299 0.00527883 0.0481717 0.00279447 0.0255035 0 -0 0.000881131
 0.00501898 0.00106843 0.00814386 0.0015735 0.035498 0.00160336 0.0273601 0
 184 184 2.1591e-07

 300 0.00538299 0.0518318 0.002873 0.0264218 0 -0 0.00077856
 0.00448842 0.00107492 0.0084859 0.0015866 0.0365379 0.00160215 0.026948 0
 200 200 2.13926e-07

 301 0.00530666 0.0478175 0.00284237 0.0262554 0 -0 0.000675546
 0.00474071 0.0010633 0.00814892 0.00157966 0.034512 0.00158409 0.0276778 0
 178 178 2.0826e-07

 302 0.00535973 0.0525562 0.00292941 0.0275295 0 -0 0.000681671
 0.00449536 0.00106931 0.0082547 0.00159853 0.0357505 0.0015997 0.0269725 0
 178 178 2.03546e-07

 303 0.00529105 0.0477903 0.00293163 0.0264979 0 -0 0.000813099
 0.00480291 0.0010554 0.00809347 0.0015577 0.0334984 0.00156388 0.0276124 0
 194 194 1.92316e-07

 304 0.00533882 0.0510646 0.00299194 0.0283924 0 -0 0.000823403
 0.00498503 0.00106021 0.00796994 0.00157748 0.0344975 0.00158367 0.0273928 0
 184 184 1.85193e-07

 305 0.00524177 0.0487719 0.0029301 0.0274895 0 -0 0.00106104
 0.00500777 0.00104294 0.00804015 0.00152171 0.0331138 0.00155055 0.0271433 0
 190 190 1.69982e-07

 306 0.00526007 0.0495096 0.00298282 0.0284733 0 -0 0.000994471
 0.00510447 0.00103637 0.00789962 0.00149169 0.0329643 0.00157017 0.0271909 0
 182 182 1.62102e-07

 307 0.005154 0.0506796 0.00290597 0.0277835 0 -0 0.00130499
 0.00452016 0.00101054 0.00788749 0.00142252 0.0329179 0.00155191 0.0262421 0
 194 194 1.46861e-07

 308 0.00517442 0.0499768 0.00295768 0.0290741 0 -0 0.00123079
 0.00470454 0.000980413 0.0079853 0.00135475 0.0289202 0.00158404 0.0267106 0
 180 180 1.39919e-07

 309 0.00506588 0.050615 0.00292687 0.0281327 0 -0 0.00157402
 0.00497125 0.00094536 0.00746923 0.00130167 0.0230864 0.00156711 0.0255128 0
 194 194 1.27303e-07

 310 0.00508356 0.0524413 0.00303615 0.0312394 0 -0 0.0015124
 0.00514837 0.000912241 0.00582444 0.00127775 0.0221357 0.00157575 0.0292033 0
 196 196 1.22484e-07

 311 0.00498963 0.049262 0.00299707 0.0309127 0 -0 0.00168262
 0.00535533 0.000888666 0.00555783 0.00125291 0.0216453 0.00152533 0.0282017 0
 194 194 1.14775e-07

 312 0.00503634 0.0535686 0.00302861 0.0328011 0 -0 0.00126991
 0.00484286 0.00087837 0.00547824 0.0012321 0.0228511 0.00146408 0.022429 0
 174 174 1.13004e-07

 313 0.00494478 0.047506 0.00293565 0.032492 0 -0 0.00126366
 0.00495172 0.000861735 0.00530463 0.00120642 0.022198 0.00140249 0.0196966 0
 196 196 1.11588e-07

 314 0.00495525 0.0531779 0.00284789 0.0337527 0 -0 0.000742158
 0.00428217 0.000852796 0.00521304 0.00117852 0.0232982 0.00134863 0.0196877 0
 214 214 1.13013e-07

 315 0.00480931 0.0505071 0.0026884 0.0313517 0 -0 0.000700058
 0.00420937 0.000834571 0.00520926 0.00114982 0.0232937 0.00130705 0.019041 0
 206 206 1.17595e-07

 316 0.00457932 0.0510036 0.00244044 0.0272502 0 -0 0.000592171
 0.00358464 0.000820919 0.00539188 0.00112034 0.0233457 0.00129431 0.0194418 0
 206 206 1.21572e-07

 317 0.0043086 0.0506063 0.00225221 0.0224912 0 -0 0.00062887
 0.00330252 0.000802195 0.00521588 0.00109232 0.0237782 0.0012698 0.0188141 0
 174 174 1.3086e-07

 318 0.00397268 0.0488554 0.00209464 0.017946 0 -0 0.000930243
 0.00338875 0.000794784 0.00547809 0.00107329 0.0238277 0.00127612 0.0193516 0
 156 156 1.36489e-07

 319 0.00378714 0.0395567 0.00203401 0.0158084 0 -0 0.000986211
 0.00349939 0.000782754 0.00524036 0.00105327 0.0241152 0.00125526 0.0187381 0
 170 170 1.48099e-07

 320 0.00364728 0.0294287 0.00201435 0.0146651 0 -0 0.00126291
 0.00384482 0.000778876 0.00548481 0.00104402 0.0242693 0.00125643 0.0195019 0
 208 208 1.54039e-07

 321 0.00357743 0.0270122 0.00194691 0.0145254 0 -0 0.00123088
 0.00391915 0.000764371 0.00527099 0.00102385 0.0239032 0.00123053 0.0191933 0
 190 190 1.65428e-07

 322 0.00361567 0.0284586 0.00186271 0.0147004 0 -0 0.00128452
 0.00389526 0.000755417 0.00548065 0.00101919 0.0243351 0.00120405 0.0198847 0
 188 188 1.70583e-07

 323 0.003591 0.028391 0.00179814 0.0145635 0 -0 0.00109268
 0.00389228 0.000741368 0.00532516 0.000997383 0.0235463 0.00116329 0.0203185 0
 192 192 1.79121e-07

 324 0.00365377 0.0296327 0.00175581 0.0152069 0 -0 0.000911748
 0.00361108 0.000737201 0.00550487 0.000991598 0.0241064 0.00111808 0.0206358 0
 198 198 1.85068e-07

 325 0.00361768 0.0297525 0.00172481 0.0147998 0 -0 0.000706599
 0.00353514 0.000726398 0.0053965 0.000973269 0.022882 0.00108298 0.0196585 0
 200 200 1.90824e-07

 326 0.00364456 0.0319005 0.00173989 0.0158351 0 -0 0.00053562
 0.00334807 0.000726794 0.00542652 0.000970966 0.0237612 0.00105387 0.018874 0
 178 178 1.91045e-07

 327 0.00359895 0.0303501 0.00173394 0.0153686 0 -0 0.000450469
 0.00322166 0.000717136 0.00539125 0.000951143 0.0227537 0.00102483 0.0190291 0
 194 194 1.91561e-07

 328 0.00362027 0.0328818 0.00176826 0.0161486 0 -0 0.000474321
 0.00326718 0.000720183 0.00540963 0.000976417 0.0230184 0.00101854 0.0191386 0
 194 194 1.90831e-07

 329 0.0035256 0.0313995 0.00173822 0.0158037 0 -0 0.000564507
 0.00309582 0.000708888 0.00545308 0.000936692 0.0228493 0.000987988 0.0188686 0
 172 172 1.87445e-07

 330 0.00350625 0.0325064 0.00175724 0.0163342 0 -0 0.000639255
 0.00312925 0.000707554 0.00546416 0.000924069 0.0223775 0.00099003 0.0191181 0
 216 216 1.8444e-07

 331 0.00342296 0.0317335 0.00174863 0.0160472 0 -0 0.000785818
 0.00302005 0.000693713 0.0053836 0.000886566 0.0220766 0.0009673 0.0185176 0
 188 188 1.78113e-07

 332 0.00339536 0.0330302 0.00175681 0.0168231 0 -0 0.000869494
 0.00363232 0.000682292 0.00546965 0.000862691 0.0224641 0.000988203 0.0188816 0
 196 196 1.74431e-07

 333 0.00329679 0.0329368 0.0016972 0.0165938 0 -0 0.000997174
 0.00279536 0.000659373 0.00518262 0.000789991 0.0213866 0.000966516 0.018044 0
 204 204 1.66571e-07

 334 0.00327718 0.0335153 0.0017359 0.0173119 0 -0 0.00104919
 0.00303206 0.000630868 0.0053121 0.000735183 0.0175645 0.000980444 0.0187991 0
 166 166 1.62312e-07

 335 0.00319587 0.0329326 0.00170839 0.0174058 0 -0 0.00116408
 0.00312414 0.000605154 0.00480329 0.000687388 0.0140795 0.000956936 0.0188731 0
 198 198 1.54003e-07

 336 0.00320305 0.0347529 0.00175284 0.0189282 0 -0 0.00108713
 0.00315913 0.000578376 0.00410134 0.000653492 0.00987199 0.000930736 0.020249 0
 206 206 1.49879e-07

 337 0.00314126 0.0321565 0.00171286 0.0185567 0 -0 0.00110772
 0.00319186 0.000559361 0.00400315 0.000632935 0.00972348 0.000886075 0.0190764 0
 182 182 1.42267e-07

 338 0.00316943 0.0351318 0.00169276 0.0198202 0 -0 0.000840144
 0.00290679 0.00054189 0.00397794 0.000611531 0.00937845 0.000824665 0.0162309 0
 184 184 1.39332e-07

 339 0.0031073 0.0334414 0.00162043 0.0194496 0 -0 0.000764166
 0.00287862 0.000524858 0.00384555 0.000596534 0.00928332 0.000782831 0.0143888 0
 194 194 1.34416e-07

 340 0.0030658 0.0351857 0.00152952 0.0191097 0 -0 0.000454269
 0.00252082 0.000505709 0.00391786 0.000582818 0.0091731 0.000740492 0.0109891 0
 174 174 1.33005e-07

 341 0.00293453 0.034765 0.00141728 0.0175341 0 -0 0.00036892
 0.00239125 0.000486935 0.00366445 0.000565035 0.00911171 0.000714981 0.0106817 0
 202 202 1.31536e-07

 342 0.00269604 0.036174 0.00124703 0.0140416 0 -0 0.000339198
 0.0020547 0.000466502 0.00341231 0.000551035 0.00945783 0.000700551 0.0110049 0
 176 176 1.31951e-07

 343 0.00248587 0.0352593 0.00114743 0.0121194 0 -0 0.000403188
 0.00185214 0.000451668 0.00334428 0.000536677 0.00923726 0.000687081 0.0107724 0
 200 200 1.33738e-07

 344 0.00217112 0.0315682 0.00105929 0.0100105 0 -0 0.000613128
 0.0016978 0.000443132 0.00323303 0.000524349 0.00964621 0.000688035 0.0110514 0
 188 188 1.3567e-07

 345 0.00201515 0.0260748 0.00101661 0.00917358 0 -0 0.000673381
 0.00169672 0.000434473 0.00309298 0.000510549 0.00945093 0.000675747 0.0109684 0
 196 196 1.40188e-07

 346 0.00186636 0.0179784 0.000978482 0.00744409 0 -0 0.000802139
 0.00188688 0.000425887 0.00297718 0.000502552 0.00975814 0.000670403 0.0111816 0
 194 194 1.42991e-07

 347 0.0018175 0.0127058 0.000931446 0.00725211 0 -0 0.00078985
 0.00186193 0.00041407 0.00286891 0.000489655 0.00965553 0.000651712 0.0113091 0
 166 166 1.48942e-07

 348 0.00181841 0.0122245 0.000863687 0.00656301 0 -0 0.000735622
 0.00186051 0.000400012 0.00280537 0.00047853 0.0095971 0.000622357 0.0118281 0
 178 178 1.52162e-07

 349 0.00180744 0.0123188 0.000823548 0.00592783 0 -0 0.000639979
 0.00176181 0.000389202 0.00268136 0.000466744 0.00967403 0.000597365 0.0120219 0
 158 158 1.58431e-07

 350 0.00182197 0.0125497 0.000782272 0.0050712 0 -0 0.000486381
 0.00161745 0.000379674 0.00261483 0.000461711 0.00967059 0.000564128 0.0117683 0
 180 180 1.61451e-07

 351 0.00180276 0.012608 0.000764325 0.00502171 0 -0 0.000381234
 0.0015442 0.000372078 0.00253213 0.000449882 0.00957543 0.00054 0.0111108 0
 180 180 1.67092e-07

 352 0.00179349 0.0129812 0.000748139 0.00521911 0 -0 0.00024947
 0.00140208 0.000368666 0.00255722 0.000447864 0.00965359 0.000515331 0.00937316 0
 202 202 1.6926e-07

 353 0.00176384 0.0128934 0.000752839 0.00596208 0 -0 0.000215951
 0.0013352 0.000363763 0.00255822 0.000441904 0.00938183 0.000498681 0.00819921 0
 184 184 1.73051e-07

 354 0.00175361 0.0177537 0.0007577 0.00633455 0 -0 0.000243556
 0.00234717 0.000364394 0.00257113 0.000462795 0.00948472 0.000484241 0.00801403 0
 198 198 1.74188e-07

 355 0.00168339 0.0121561 0.000722954 0.00527623 0 -0 0.000273007
 0.00114372 0.000358841 0.00253383 0.000433874 0.0092041 0.000471451 0.00796016 0
 184 184 1.75602e-07

 356 0.00164637 0.0128706 0.000736171 0.00557504 0 -0 0.00035972
 0.00108947 0.000357707 0.00256722 0.00042594 0.00917264 0.000467963 0.00809679 0
 176 176 1.75474e-07

 357 0.00159096 0.0128371 0.000705884 0.00538271 0 -0 0.000398934
 0.00130455 0.000352077 0.00249851 0.000418027 0.00904563 0.000460692 0.00816692 0
 176 176 1.74668e-07

 358 0.00155825 0.0131183 0.000710334 0.00557032 0 -0 0.000477761
 0.00116892 0.000346443 0.00250304 0.000398809 0.00906844 0.000464268 0.00822899 0
 182 182 1.73385e-07

 359 0.00151274 0.0133664 0.000698897 0.00554207 0 -0 0.000508648
 0.00120143 0.000337896 0.0024627 0.000378518 0.00892362 0.000459538 0.00834891 0
 192 192 1.70139e-07

 360 0.00149204 0.0137782 0.000702503 0.00581238 0 -0 0.000523198
 0.001472 0.000327548 0.00240299 0.000358162 0.00808084 0.000460579 0.00857715 0
 188 188 1.68128e-07

 361 0.00146588 0.0134976 0.000691857 0.00581372 0 -0 0.000545701
 0.00132558 0.000317344 0.0023759 0.000336667 0.00710961 0.000450206 0.00862455 0
 202 202 1.63666e-07

 362 0.00147634 0.0140341 0.000712597 0.00623985 0 -0 0.000514771
 0.00131766 0.000305211 0.00232675 0.000320193 0.00508856 0.000438227 0.00936992 0
 186 186 1.61194e-07

 363 0.0014598 0.0137214 0.000691628 0.00625818 0 -0 0.000484975
 0.00131352 0.000295535 0.00226297 0.000309323 0.00504053 0.000422378 0.00930968 0
 198 198 1.56331e-07

 364 0.00147606 0.0143828 0.000675872 0.00659483 0 -0 0.000393611
 0.00123445 0.000284464 0.00224354 0.000309427 0.0049428 0.000400971 0.00869323 0
 170 170 1.54049e-07

 365 0.00145821 0.014297 0.000656009 0.0064726 0 -0 0.000334106
 0.00117233 0.000274963 0.00219228 0.000295804 0.00492646 0.00038156 0.007951 0
 192 192 1.49735e-07

 366 0.00144331 0.0147086 0.000629282 0.0063642 0 -0 0.000216565
 0.00138524 0.000264208 0.00215039 0.000292555 0.00482974 0.000364616 0.0062767 0
 186 186 1.47976e-07

 367 0.00138801 0.014986 0.000576248 0.00593573 0 -0 0.00016887
 0.000952993 0.000255889 0.00199336 0.000286455 0.00476762 0.000349681 0.00526281 0
 182 182 1.44975e-07

 368 0.00129834 0.0157005 0.000529836 0.00491963 0 -0 0.000157679
 0.000823955 0.000247858 0.00171085 0.000283545 0.00467633 0.000339232 0.00475042 0
 174 174 1.44071e-07

 369 0.00121913 0.0154473 0.000498029 0.00455628 0 -0 0.000191854
 0.000765572 0.000241994 0.00169891 0.000275786 0.00457239 0.000332907 0.00476477 0
 188 188 1.4295e-07

 370 0.00109117 0.0140076 0.000464534 0.004179 0 -0 0.000284871
 0.00159375 0.000239037 0.00167636 0.000276796 0.00449672 0.000332058 0.00481906 0
 186 186 1.42924e-07

 371 0.00102257 0.0125621 0.000461277 0.0040112 0 -0 0.000317047
 0.000974337 0.000234829 0.00162931 0.000268918 0.00438724 0.000326047 0.00485909 0
 174 174 1.43395e-07

 372 0.000941174 0.00922109 0.000458495 0.00360842 0 -0 0.000382525
 0.000846732 0.000231116 0.00159451 0.000267003 0.00431647 0.000328055 0.00488205 0
 168 168 1.44333e-07

 373 0.000907132 0.00774442 0.000427472 0.00318935 0 -0 0.00038433
 0.000966826 0.000225438 0.00155362 0.000254019 0.00430034 0.000318075 0.0049659 0
 200 200 1.46575e-07

 374 0.000901382 0.00597178 0.000424216 0.00368302 0 -0 0.000377097
 0.000946453 0.000218068 0.00150527 0.000250338 0.0043521 0.000311422 0.00503847 0
 178 178 1.4803e-07

 375 0.000889545 0.00598581 0.000400235 0.0024417 0 -0 0.000359671
 0.000849311 0.000211507 0.00146719 0.000242267 0.00426781 0.000303075 0.00508732 0
 174 174 1.51318e-07

 376 0.000906111 0.00604251 0.00039652 0.00321971 0 -0 0.000295462
 0.00120778 0.000203602 0.00140562 0.000235891 0.00433574 0.00029214 0.0053341 0
 188 188 1.53129e-07

 377 0.000901863 0.0060151 0.000387403 0.0022768 0 -0 0.000255003
 0.000753179 0.000198256 0.00135813 0.000229876 0.00422468 0.000283864 0.0053401 0
 194 194 1.56714e-07

 378 0.000906927 0.00608392 0.000381323 0.00295009 0 -0 0.000194495
 0.000983172 0.00019377 0.0012787 0.000236537 0.00424891 0.000276771 0.00516018 0
 176 176 1.58537e-07

 379 0.00089724 0.00606878 0.000369228 0.00228758 0 -0 0.000153593
 0.000654535 0.000189775 0.00124009 0.000222092 0.00422702 0.000263857 0.00489279 0
 182 182 1.6181e-07

 380 0.000894428 0.00621945 0.000369122 0.00248582 0 -0 0.000109805
 0.000597077 0.000188246 0.00124813 0.000223706 0.00419978 0.000258155 0.00418731 0
 164 164 1.63094e-07

 381 0.000874767 0.00629727 0.000365849 0.00327291 0 -0 0.000103173
 0.000787116 0.00018597 0.00125011 0.000221392 0.004173 0.000250015 0.0036818 0
 180 180 1.65414e-07

 382 0.0008773 0.0111194 0.000392678 0.00558843 0 -0 0.000132082
 0.00156048 0.000186467 0.00127156 0.000233443 0.00415772 0.000245486 0.00361831 0
 194 194 1.66126e-07

 383 0.000830125 0.00625734 0.000346914 0.00214476 0 -0 0.000137595
 0.000538375 0.000183902 0.0012524 0.000219601 0.00406771 0.000239415 0.00356687 0
 194 194 1.66988e-07

 384 0.000813698 0.00703728 0.000369356 0.0051499 0 -0 0.000180819
 0.00115964 0.000183818 0.00126442 0.000219915 0.00406651 0.000239634 0.00443945 0
 186 186 1.67085e-07

 385 0.000793183 0.00733437 0.00035446 0.00353296 0 -0 0.000202425
 0.00126397 0.000181508 0.00123975 0.00021915 0.00392813 0.000234844 0.00362535 0
 182 182 1.66674e-07

 386 0.000766314 0.00578043 0.000337588 0.00223125 0 -0 0.00023497
 0.000938736 0.000179797 0.00122447 0.000221735 0.00390443 0.000247103 0.0045357 0
 202 202 1.66062e-07

 387 0.000761869 0.00941295 0.000395699 0.00725939 0 -0 0.000246426
 0.000712307 0.000175828 0.0012148 0.00020131 0.00391671 0.000234723 0.00374464 0
 196 196 1.64471e-07

 388 0.000780935 0.0136937 0.000424443 0.00725887 0 -0 0.000265939
 0.00236231 0.000174057 0.00118749 0.000238991 0.0049797 0.000248211 0.00399224 0
 180 180 1.63432e-07

 389 0.00073035 0.00600229 0.000341213 0.00341311 0 -0 0.000254336
 0.000696494 0.000167859 0.00116362 0.000192984 0.00346621 0.000233652 0.00390474 0
 180 180 1.6109e-07

 390 0.000753182 0.00927886 0.000376302 0.00586207 0 -0 0.000246224
 0.000783542 0.000163199 0.00113707 0.000194214 0.00298082 0.000233231 0.00414763 0
 168 168 1.59767e-07

 391 0.00073036 0.00607918 0.000330257 0.00245942 0 -0 0.000226038
 0.00110274 0.000158358 0.00109414 0.000178695 0.00295548 0.000223011 0.0042301 0
 172 172 1.57397e-07

 392 0.000748945 0.00630599 0.000338229 0.00370576 0 -0 0.000194689
 0.00119696 0.000153788 0.00107553 0.000178614 0.00293639 0.000218644 0.00418453 0
 232 232 1.56105e-07

 393 0.000737021 0.00636659 0.00033353 0.00298533 0 -0 0.000163656
 0.000579495 0.000149842 0.0010572 0.00017324 0.00288114 0.000208151 0.00396688 0
 194 194 1.53614e-07

 394 0.000732225 0.00654451 0.000322176 0.00343181 0 -0 0.000106928
 0.00108761 0.00014622 0.00101712 0.000176378 0.00286951 0.000203329 0.00338653 0
 206 206 1.52665e-07

 395 0.000711917 0.00658242 0.000292326 0.00234956 0 -0 8.77291e-05
 0.000455377 0.000142861 0.000958864 0.000163441 0.00280798 0.000193224 0.0029752 0
 184 184 1.50946e-07

 396 0.00069052 0.00687955 0.000315151 0.00523606 0 -0 8.34438e-05
 0.000822802 0.000141206 0.000923997 0.000168923 0.00277517 0.000189437 0.0026505 0
 210 210 1.50307e-07

 397 0.000655401 0.00673387 0.000282594 0.0029686 0 -0 0.000101868
 0.000649784 0.000138855 0.000920285 0.000163891 0.00275579 0.000186767 0.002683 0
 178 178 1.49557e-07

 398 0.000614177 0.00631033 0.000262645 0.00216295 0 -0 0.000141835
 0.00163167 0.000138793 0.000909895 0.00017613 0.00278228 0.000189867 0.00314784 0
 186 186 1.49473e-07

 399 0.000589141 0.00581862 0.000279343 0.00337423 0 -0 0.000157596
 0.000815292 0.000136546 0.000896273 0.000164235 0.00267669 0.000183248 0.00274599 0
 188 188 1.49533e-07

 400 0.000559953 0.00455243 0.00028088 0.00350164 0 -0 0.000197633
 0.000856411 0.00013545 0.000878643 0.000170348 0.00262317 0.000189036 0.00361528 0
 174 174 1.49983e-07

 401 0.000537971 0.00399705 0.000245056 0.00174752 0 -0 0.000196424
 0.000628088 0.000132384 0.000851571 0.000150723 0.00256342 0.000179816 0.0027975 0
 206 206 1.51044e-07

 402 0.000543 0.00609965 0.000275387 0.00451821 0 -0 0.000197037
 0.00080046 0.000129581 0.000827277 0.000151302 0.00256273 0.000180243 0.00286631 0
 168 168 1.51738e-07

 403 0.000528031 0.00373565 0.000247441 0.00248022 0 -0 0.000197696
 0.000618107 0.000126254 0.000811769 0.000147206 0.00249243 0.000177852 0.00284779 0
 192 192 1.53459e-07

 404 0.000540024 0.00380114 0.00024685 0.00272977 0 -0 0.000176154
 0.00141851 0.000122484 0.00078065 0.000148054 0.00250868 0.000177593 0.00294549 0
 176 176 1.54365e-07

 405 0.000540319 0.00463611 0.000260651 0.00323315 0 -0 0.000157981
 0.000714875 0.000119182 0.000762279 0.000139402 0.00244939 0.000171813 0.00298381 0
 174 174 1.56139e-07

 406 0.000549748 0.00460008 0.000261667 0.00334238 0 -0 0.000138119
 0.000987632 0.000116679 0.000742995 0.00015559 0.00321029 0.000173531 0.00396204 0
 194 194 1.57139e-07

 407 0.000537488 0.0038381 0.000228545 0.00165687 0 -0 0.000111989
 0.000518578 0.000113196 0.000747115 0.000129816 0.00240648 0.000160564 0.00305037 0
 194 194 1.5892e-07

 408 0.000550965 0.00677146 0.000262112 0.00466155 0 -0 7.82576e-05
 0.000552056 0.000111627 0.000753082 0.000131743 0.00239739 0.000158017 0.00279182 0
 186 186 1.59633e-07

 409 0.000528747 0.00391731 0.000228943 0.00252872 0 -0 7.21786e-05
 0.000865199 0.000110164 0.00075419 0.000136964 0.00240499 0.000154398 0.00300865 0
 184 184 1.61105e-07

 410 0.000524966 0.00414009 0.000229055 0.00306389 0 -0 7.38262e-05
 0.0013502 0.00010958 0.000767832 0.000141015 0.00235477 0.000154859 0.0032398 0
 178 178 1.61558e-07

 411 0.000508974 0.00434215 0.000239415 0.00300025 0 -0 7.4008e-05
 0.000534374 0.000108095 0.000757639 0.000130774 0.00233124 0.000146921 0.00236505 0
 166 166 1.62151e-07

 412 0.000488791 0.00395342 0.000227343 0.00313953 0 -0 9.50424e-05
 0.00122787 0.000108726 0.000765182 0.000150089 0.00331834 0.000150318 0.00408293 0
 192 192 1.62327e-07

 413 0.000468746 0.00379983 0.000202546 0.0016788 0 -0 0.000111143
 0.00030397 0.00010619 0.000749172 0.000123465 0.00224911 0.000138834 0.00213797 0
 180 180 1.62356e-07

 414 0.000466601 0.0071796 0.00024681 0.00504808 0 -0 0.000139769
 0.000555368 0.000105242 0.000740654 0.000123557 0.00222273 0.000142437 0.00238693 0
 178 178 1.62058e-07

 415 0.000436878 0.00328205 0.000207926 0.00262587 0 -0 0.000141963
 0.000902978 0.000103439 0.000735187 0.000124433 0.00218514 0.000140616 0.002274 0
 188 188 1.61494e-07

 416 0.000432623 0.00349803 0.000204567 0.00253772 0 -0 0.000165372
 0.00124962 0.000101365 0.000719169 0.000129932 0.00224647 0.000147227 0.00331364 0
 208 208 1.6098e-07

 417 0.000425902 0.00452836 0.000228961 0.00338835 0 -0 0.000159038
 0.000525518 9.8567e-05 0.000703 0.000115484 0.00202089 0.000138709 0.0022489 0
 154 154 1.59734e-07

 418 0.000431102 0.00467748 0.000230325 0.0033401 0 -0 0.000143779
 0.00112014 9.6127e-05 0.000686614 0.000130242 0.00296494 0.000142537 0.00358339 0
 202 202 1.59146e-07

 419 0.000416933 0.00344123 0.000186701 0.00138468 0 -0 0.000138225
 0.000350657 9.23852e-05 0.000658692 0.000100974 0.0017286 0.000130113 0.0024225 0
 194 194 1.57795e-07

 420 0.000430361 0.00458204 0.000205535 0.00342279 0 -0 0.000116776
 0.000359818 8.92452e-05 0.000644042 0.00010066 0.0017144 0.000125792 0.00243288 0
 190 190 1.57083e-07

 421 0.00042203 0.00356147 0.000189276 0.00173153 0 -0 9.85823e-05
 0.000589735 8.67874e-05 0.000632836 9.87869e-05 0.0016909 0.00012241 0.00232982 0
 198 198 1.55787e-07

 422 0.000418168 0.0036676 0.00017283 0.00134498 0 -0 7.32162e-05
 0.00115592 8.49718e-05 0.000601035 0.00011281 0.00253778 0.000123223 0.00262449 0
 182 182 1.55182e-07

 423 0.000416499 0.00504998 0.000197862 0.0035342 0 -0 5.45203e-05
 0.000488596 8.25926e-05 0.000564369 9.7785e-05 0.00163844 0.000113872 0.00181603 0
 176 176 1.54046e-07

 424 0.000419987 0.00840463 0.000235826 0.00481034 0 -0 5.95002e-05
 0.00136012 8.22049e-05 0.000544453 0.000115193 0.0024776 0.000120428 0.00254122 0
 186 186 1.53672e-07

 425 0.000376332 0.00369427 0.000156676 0.00172326 0 -0 5.84291e-05
 0.000827684 8.03249e-05 0.0005338 9.90982e-05 0.00161005 0.000109508 0.00184487 0
 178 178 1.53057e-07

 426 0.000380704 0.00770823 0.000232296 0.00613305 0 -0 7.74903e-05
 0.000728956 8.01399e-05 0.000532544 0.0001034 0.00157963 0.000110484 0.00304273 0
 166 166 1.52909e-07

 427 0.000345184 0.00371704 0.000179623 0.00298397 0 -0 9.63516e-05
 0.0007923 7.89946e-05 0.000527652 0.000104065 0.00206122 0.000110183 0.00235977 0
 178 178 1.52968e-07

 428 0.000328201 0.00396372 0.000151607 0.00167611 0 -0 0.000110709
 0.00171582 7.90381e-05 0.000517405 0.00011871 0.00289092 0.000117949 0.00378654 0
 186 186 1.53101e-07

 429 0.000324375 0.00480285 0.000195044 0.00368571 0 -0 0.000110297
 0.000720759 7.67934e-05 0.000508013 9.6071e-05 0.00150651 0.000105753 0.00159815 0
 190 190 1.53396e-07

 430 0.000325481 0.00545611 0.000201201 0.00360978 0 -0 0.000124763
 0.000955149 7.59588e-05 0.000494618 0.000116763 0.00293284 0.000116248 0.00377664 0
 190 190 1.53813e-07

 431 0.000302816 0.00221118 0.000139425 0.00141949 0 -0 0.000112618
 0.000557629 7.27621e-05 0.000477061 8.25893e-05 0.00145546 0.000101204 0.0016285 0
 178 178 1.54619e-07

 432 0.000326154 0.0060741 0.000192326 0.00464331 0 -0 0.000100823
 0.000592359 7.06232e-05 0.000461904 8.46734e-05 0.00139392 0.000102245 0.00234322 0
 190 190 1.55057e-07

 433 0.000310015 0.00287077 0.000159492 0.00263843 0 -0 0.000102061
 0.000715292 6.88728e-05 0.000451384 8.87093e-05 0.00196466 0.00010184 0.00234987 0
 176 176 1.56173e-07

 434 0.000318497 0.00392189 0.000147238 0.0022431 0 -0 8.448e-05
 0.00154953 6.71958e-05 0.000433131 0.000101729 0.00251862 0.000108491 0.00346777 0
 210 210 1.56676e-07

 435 0.00032135 0.00489192 0.000186821 0.00361259 0 -0 6.75789e-05
 0.000635028 6.50705e-05 0.000427322 8.28788e-05 0.00138117 9.69373e-05 0.00175397 0
 174 174 1.57573e-07

 436 0.000326877 0.00521107 0.000188377 0.00341959 0 -0 6.53193e-05
 0.00102397 6.52692e-05 0.000529617 0.000113599 0.00331665 0.000105273 0.00389774 0
 164 164 1.58085e-07

 437 0.00030279 0.00232974 0.000127616 0.0013224 0 -0 4.28575e-05
 0.000414874 6.21997e-05 0.000422135 7.27266e-05 0.00132018 8.71339e-05 0.00148809 0
 158 158 1.58907e-07

 438 0.000318023 0.00629694 0.000183407 0.00471693 0 -0 3.82467e-05
 0.000447327 6.18888e-05 0.000428678 7.59083e-05 0.00130848 8.76402e-05 0.00258334 0
 198 198 1.59193e-07

 439 0.000294476 0.0032086 0.000149226 0.00267124 0 -0 4.31091e-05
 0.000797352 6.15606e-05 0.000426326 8.60815e-05 0.00225649 8.69601e-05 0.00244701 0
 178 178 1.59817e-07

 440 0.000285079 0.00395716 0.000129545 0.00199595 0 -0 6.75045e-05
 0.00148461 6.18077e-05 0.000443767 0.000102152 0.00277903 9.89622e-05 0.0037026 0
 174 174 1.59927e-07

 441 0.000282143 0.0049371 0.000176832 0.00367841 0 -0 6.54121e-05
 0.000498797 6.02728e-05 0.000418555 7.84967e-05 0.00141852 8.43092e-05 0.00177974 0
 174 174 1.59934e-07

 442 0.00027846 0.00538549 0.000178661 0.00335746 0 -0 7.53921e-05
 0.00109466 6.14511e-05 0.00053871 0.000110708 0.0033736 9.63926e-05 0.00385229 0
 172 172 1.5994e-07

 443 0.000245789 0.00181001 0.000110263 0.0010698 0 -0 8.03719e-05
 0.000308858 5.82798e-05 0.000412424 6.689e-05 0.00120563 7.90686e-05 0.00122451 0
 170 170 1.59673e-07

 444 0.000257216 0.00524098 0.000153729 0.00386442 0 -0 9.3138e-05
 0.000449674 5.71905e-05 0.000403531 6.68359e-05 0.0012074 8.07835e-05 0.00229068 0
 196 196 1.59422e-07

 445 0.000242918 0.00350388 0.000130644 0.00192 0 -0 8.83658e-05
 0.000686485 5.60248e-05 0.000397097 7.05222e-05 0.00157667 7.98312e-05 0.00145368 0
 200 200 1.5892e-07

 446 0.000240618 0.00311278 0.000111654 0.00127781 0 -0 9.31623e-05
 0.00120053 5.49198e-05 0.00042493 8.76713e-05 0.00266107 9.00255e-05 0.00322526 0
 204 204 1.58559e-07

 447 0.000255295 0.00560185 0.00016182 0.00390139 0 -0 8.16195e-05
 0.000423198 5.2405e-05 0.000373439 6.19021e-05 0.000985244 7.6846e-05 0.00202844 0
 188 188 1.57723e-07

 448 0.000294029 0.0091867 0.000215387 0.00507855 0 -0 7.66267e-05
 0.00152442 5.24442e-05 0.000483319 9.67505e-05 0.00302672 8.94004e-05 0.00273684 0
 176 176 1.57337e-07

 449 0.000238471 0.00192827 0.000110925 0.00196124 0 -0 5.96089e-05
 0.000809511 4.92399e-05 0.000355528 6.65129e-05 0.0014669 7.49243e-05 0.00194846 0
 192 192 1.56543e-07

 450 0.000282273 0.0083571 0.000212703 0.00642185 0 -0 4.89908e-05
 0.000628368 4.81996e-05 0.000339623 7.32228e-05 0.00141555 7.66737e-05 0.00349966 0
 192 192 1.56172e-07

 451 0.000240941 0.00371267 0.000139154 0.00283359 0 -0 4.01946e-05
 0.00089424 4.71419e-05 0.000369668 7.67317e-05 0.00231525 7.44325e-05 0.00239893 0
 144 144 1.55669e-07

 452 0.000232129 0.00391381 0.000103716 0.00153101 0 -0 4.81511e-05
 0.0016001 4.74676e-05 0.000464682 9.49658e-05 0.00291001 8.48562e-05 0.00380091 0
 182 182 1.55407e-07

 453 0.000232576 0.00490188 0.000162915 0.00374971 0 -0 3.20491e-05
 0.000624687 4.54156e-05 0.000306775 6.52987e-05 0.00143941 6.55795e-05 0.00138796 0
 182 182 1.54868e-07

 454 0.000233462 0.00585949 0.000173436 0.00381831 0 -0 5.61609e-05
 0.00107493 4.66515e-05 0.000463818 9.50609e-05 0.00290459 8.14673e-05 0.00372612 0
 198 198 1.54826e-07

 455 0.000193311 0.00180396 8.48229e-05 0.00118711 0 -0 4.88675e-05
 0.000480861 4.3926e-05 0.000301208 5.26136e-05 0.00089573 6.00673e-05 0.00109189 0
 196 196 1.54703e-07

 456 0.000205374 0.0050714 0.000135674 0.00382149 0 -0 5.66558e-05
 0.000474455 4.37396e-05 0.000296224 5.70308e-05 0.00104117 6.15014e-05 0.00201354 0
 192 192 1.5472e-07

 457 0.000183704 0.0026877 0.000109086 0.00222841 0 -0 6.77292e-05
 0.000592107 4.29759e-05 0.000293566 5.92016e-05 0.00150576 6.25713e-05 0.00173165 0
 188 188 1.54992e-07

 458 0.00018378 0.00345252 9.40104e-05 0.00180405 0 -0 7.0007e-05
 0.00145282 4.30107e-05 0.000397406 7.92901e-05 0.0024887 7.41356e-05 0.00300107 0
 182 182 1.55147e-07

 459 0.000192912 0.0048709 0.000150641 0.00359998 0 -0 6.29166e-05
 0.000641742 4.11469e-05 0.000278914 5.81001e-05 0.00132718 6.20062e-05 0.00143049 0
 154 154 1.55433e-07

 460 0.000209617 0.00609486 0.000169616 0.00381345 0 -0 7.31436e-05
 0.00107784 4.17692e-05 0.000489795 9.23881e-05 0.00306727 7.81313e-05 0.00368993 0
 214 214 1.55768e-07

 461 0.000170302 0.00128832 8.02061e-05 0.00128588 0 -0 5.9013e-05
 0.000547335 3.80491e-05 0.000261253 4.51625e-05 0.000743824 5.63966e-05 0.00112102 0
 158 158 1.56321e-07

 462 0.000205358 0.006001 0.000151328 0.00453608 0 -0 4.57515e-05
 0.000480235 3.69993e-05 0.000250662 5.01838e-05 0.000985766 5.86846e-05 0.0024695 0
 200 200 1.5659e-07

 463 0.000181373 0.0031295 0.000115441 0.00262145 0 -0 4.93587e-05
 0.000733405 3.6485e-05 0.000325834 6.07988e-05 0.00204056 5.92972e-05 0.00225761 0
 224 224 1.57282e-07

 464 0.000185415 0.00389474 9.31435e-05 0.00202075 0 -0 4.81329e-05
 0.0015386 3.65279e-05 0.00043327 8.23819e-05 0.00271329 7.40415e-05 0.00349534 0
 196 196 1.57525e-07

 465 0.000191969 0.00487561 0.00015223 0.00363089 0 -0 2.8661e-05
 0.000585692 3.4644e-05 0.000228285 5.48457e-05 0.00140249 5.5966e-05 0.00158744 0
 204 204 1.5789e-07

 466 0.000198635 0.00531326 0.000155941 0.00340079 0 -0 3.94854e-05
 0.0010313 3.68717e-05 0.000522124 9.46672e-05 0.00326973 7.23744e-05 0.00383579 0
 190 190 1.58142e-07

 467 0.000159644 0.00137656 7.02311e-05 0.00123286 0 -0 2.19335e-05
 0.000389651 3.29609e-05 0.000231185 4.05953e-05 0.000694678 4.67295e-05 0.000912082 0
 200 200 1.58438e-07

 468 0.000186355 0.00584242 0.000141193 0.00435802 0 -0 3.42921e-05
 0.000407184 3.31041e-05 0.000232551 4.57014e-05 0.000803671 5.0248e-05 0.0024167 0
 176 176 1.58497e-07

 469 0.000158513 0.00316759 0.000105524 0.00245144 0 -0 3.66766e-05
 0.000728427 3.32785e-05 0.000316667 5.7493e-05 0.00198313 5.12494e-05 0.00209136 0
 174 174 1.58707e-07

 470 0.00015385 0.00373197 8.01977e-05 0.00171658 0 -0 5.82621e-05
 0.00143629 3.40605e-05 0.000439479 8.0466e-05 0.00275217 6.95638e-05 0.00345633 0
 190 190 1.5867e-07

 471 0.000163861 0.00501226 0.000147899 0.0037088 0 -0 4.93668e-05
 0.000523439 3.21554e-05 0.000222882 5.09059e-05 0.00134515 5.04812e-05 0.00148999 0
 166 166 1.58446e-07

 472 0.000179375 0.00609509 0.00016229 0.00376686 0 -0 5.3714e-05
 0.00117429 3.44408e-05 0.000521472 9.22042e-05 0.00326564 6.98183e-05 0.00374113 0
 166 166 1.58396e-07

 473 0.00012699 0.00106929 6.15546e-05 0.00106376 0 -0 4.84002e-05
 0.000401092 3.0078e-05 0.000214946 3.70955e-05 0.000629713 4.45444e-05 0.00095893 0
 160 160 1.581e-07

 474 0.000158535 0.00519589 0.000123444 0.00385906 0 -0 5.20222e-05
 0.000444936 2.93206e-05 0.000209224 4.04345e-05 0.00075641 4.65636e-05 0.00227727 0
 196 196 1.57914e-07

 475 0.000140714 0.00350829 9.56747e-05 0.00197165 0 -0 4.63454e-05
 0.000650239 2.88127e-05 0.000246541 4.69407e-05 0.00154396 4.63688e-05 0.00147753 0
 168 168 1.57607e-07

 476 0.000138114 0.00314923 6.60685e-05 0.00120939 0 -0 5.21418e-05
 0.00125627 2.91419e-05 0.000420633 7.15217e-05 0.00263415 6.22324e-05 0.00309737 0
 202 202 1.57397e-07

 477 0.000163213 0.005583 0.000135655 0.00389041 0 -0 3.64511e-05
 0.000476003 2.6549e-05 0.000190525 3.86044e-05 0.000777534 4.367e-05 0.00200318 0
 190 190 1.56889e-07

 478 0.000214546 0.00913059 0.000197692 0.0050488 0 -0 4.56287e-05
 0.00148072 2.94005e-05 0.000487683 8.50147e-05 0.00305405 6.50273e-05 0.00278049 0
 166 166 1.567e-07

 479 0.000131886 0.00202633 7.31409e-05 0.00207029 0 -0 2.70674e-05
 0.000852899 2.55191e-05 0.000233645 4.8175e-05 0.00146019 4.55719e-05 0.00198369 0
 186 186 1.56299e-07

 480 0.000198669 0.00829162 0.000190679 0.00618595 0 -0 2.61587e-05
 0.000632375 2.607e-05 0.000236496 5.84455e-05 0.00148102 5.23583e-05 0.00350222 0
 174 174 1.56129e-07

 481 0.000134653 0.00315996 0.000103728 0.00266891 0 -0 3.03213e-05
 0.00088863 2.56202e-05 0.000373123 6.25323e-05 0.00233686 5.02492e-05 0.00250368 0
 164 164 1.56031e-07

 482 0.000133285 0.00388053 7.51086e-05 0.00196002 0 -0 4.35304e-05
 0.00154873 2.67612e-05 0.000418099 7.88628e-05 0.00261829 6.43019e-05 0.00362089 0
 170 170 1.55935e-07

 483 0.000140684 0.00484086 0.000144158 0.0036871 0 -0 2.73396e-05
 0.000629344 2.46339e-05 0.000233394 4.88999e-05 0.0014594 4.18591e-05 0.0014603 0
 196 196 1.55717e-07

 484 0.000151029 0.00544745 0.00015203 0.00352735 0 -0 4.95525e-05
 0.00103465 2.72838e-05 0.00047216 8.56549e-05 0.00295684 6.39752e-05 0.00379762 0
 198 198 1.55786e-07

 485 9.75193e-05 0.00102807 5.05281e-05 0.00121041 0 -0 3.40978e-05
 0.000426957 2.28842e-05 0.000156035 2.99047e-05 0.000530544 3.36798e-05 0.00101599 0
 178 178 1.55849e-07

 486 0.000135335 0.00527184 0.00012187 0.00394971 0 -0 3.24179e-05
 0.000459189 2.29069e-05 0.000152091 3.77189e-05 0.000922406 3.74066e-05 0.00207925 0
 200 200 1.55904e-07

 487 0.000105645 0.00269989 8.95203e-05 0.00236962 0 -0 4.20631e-05
 0.000654008 2.27051e-05 0.000265109 4.49046e-05 0.0016603 4.01772e-05 0.00188063 0
 164 164 1.56197e-07

 488 0.000115568 0.00358443 7.24369e-05 0.0020268 0 -0 4.77303e-05
 0.00146498 2.38327e-05 0.000408999 7.12e-05 0.0025613 5.85412e-05 0.00311293 0
 170 170 1.56299e-07

 489 0.000129237 0.00477836 0.000137293 0.00354349 0 -0 3.29387e-05
 0.000616633 2.17271e-05 0.000229207 4.52251e-05 0.00143327 4.04173e-05 0.00144947 0
 202 202 1.56461e-07

 490 0.000146721 0.00548972 0.000149152 0.00346472 0 -0 4.7681e-05
 0.00103353 2.45966e-05 0.000494453 8.56251e-05 0.00309644 6.18839e-05 0.00373901 0
 188 188 1.56672e-07

 491 9.37868e-05 0.00109438 4.90356e-05 0.00125811 0 -0 2.71939e-05
 0.00045665 1.92183e-05 0.000131939 2.6175e-05 0.000570301 3.13131e-05 0.00102204 0
 186 186 1.56975e-07

 492 0.000142745 0.0058135 0.000133422 0.00439702 0 -0 2.05857e-05
 0.000469861 1.92932e-05 0.000136111 3.52389e-05 0.000852374 3.63912e-05 0.00235628 0
 194 194 1.57096e-07

 493 0.000109355 0.0030556 9.56449e-05 0.00255156 0 -0 2.7768e-05
 0.000726275 1.97579e-05 0.000312122 4.87288e-05 0.00195469 3.87878e-05 0.00212151 0
 178 178 1.5748e-07

 494 0.000114528 0.00379281 6.96154e-05 0.00194494 0 -0 3.99498e-05
 0.00149523 2.13644e-05 0.000432595 7.48011e-05 0.00270907 6.0072e-05 0.0033993 0
 184 184 1.57576e-07

 495 0.000127908 0.00488503 0.000139924 0.00363619 0 -0 2.02896e-05
 0.000574965 1.90437e-05 0.000225929 4.40578e-05 0.00141249 3.78076e-05 0.00154715 0
 182 182 1.57658e-07

 496 0.000143064 0.0055438 0.000148613 0.00348243 0 -0 3.51499e-05
 0.0010741 2.32765e-05 0.000513907 8.77925e-05 0.00321827 6.05773e-05 0.00379507 0
 182 182 1.57785e-07

 497 8.24549e-05 0.000993761 4.31255e-05 0.00116965 0 -0 1.81551e-05
 0.000400904 1.7392e-05 0.000119809 2.53072e-05 0.000569162 2.76437e-05 0.000935171 0
 204 204 1.57867e-07

 498 0.000128266 0.00551738 0.000123309 0.00411631 0 -0 2.7588e-05
 0.000389328 1.78553e-05 0.000121105 3.28244e-05 0.000758406 3.31194e-05 0.00230797 0
 210 210 1.57852e-07

 499 9.62626e-05 0.0031566 8.84049e-05 0.00225286 0 -0 2.88132e-05
 0.000666971 1.84178e-05 0.000286199 4.48401e-05 0.00179233 3.50027e-05 0.00185695 0
 198 198 1.57932e-07

 500 9.54571e-05 0.00354558 5.68004e-05 0.00138121 0 -0 4.53863e-05
 0.00139741 2.0135e-05 0.000426324 7.11918e-05 0.0026698 5.68548e-05 0.00324631 0
 192 192 1.57865e-07

