 keyword from out/converge
 15
 ITER dU1rms dU1max dU2rms dU2max dU3rms dU3max dprmsd dpmax dqrms dqmax domrms dommax dbijrms dbijmax
 50 0.1671 0.970569 0.0617572 0.519473 0 -0 0.271462
 0.562854 0.0600641 0.260479 0.150565 0.647259 0.127942 0.88972

 100 0.146088 0.814554 0.11047 0.659049 0 -0 0.0800749
 0.397765 0.0220854 0.126112 0.0568443 0.359843 0.0516174 0.597403

 150 0.147967 0.872931 0.117642 0.565107 0 -0 0.0758354
 0.337559 0.0249398 0.123545 0.0527393 0.41395 0.0505518 0.545932

 200 0.118537 0.756677 0.0995739 0.640207 0 -0 19.6747
 21.0989 0.0234505 0.12517 0.0478657 0.46546 0.0366964 0.41803

 250 0.0619203 0.353848 0.0424739 0.217426 0 -0 0.0206266
 0.125554 0.0139947 0.0849882 0.0267508 0.277405 0.0195755 0.337901

 300 0.0181676 0.15654 0.0119263 0.0840256 0 -0 0.00678659
 0.0210482 0.00497787 0.0278391 0.00695278 0.104713 0.00796063 0.162452

 350 0.0133764 0.0889662 0.00681331 0.0442104 0 -0 0.00667698
 0.013111 0.00326111 0.0175393 0.0043653 0.0757593 0.00467007 0.0703917

 400 0.00586766 0.0400241 0.00261198 0.0159681 0 -0 0.00230213
 0.00509452 0.00150328 0.0105119 0.00171378 0.0333126 0.00191238 0.0333913

 450 0.00214411 0.0180563 0.000865837 0.00598925 0 -0 0.0002702
 0.00138325 0.000456485 0.0030197 0.0005253 0.00955115 0.000613293 0.00959145

 500 0.00071749 0.00540677 0.00033686 0.00305136 0 -0 0.000271792
 0.00062208 0.000172317 0.00119403 0.000192288 0.00352076 0.000235939 0.00375781

