 keyword from out/converge
 15
 ITER dU1rms dU1max dU2rms dU2max dU3rms dU3max dprmsd dpmax dqrms dqmax domrms dommax dbijrms dbijmax
 10 0.104094 0.554916 0.0110541 0.0800806 0 -0 0.186093
 0.42469 0.0263938 0.110127 0.169965 0.438182 0.0700295 0.838436

 20 0.0716248 0.347741 0.0151412 0.145159 0 -0 0.0533751
 0.13242 0.0139121 0.0699738 0.037616 0.244407 0.0477411 0.506217

 30 0.0530835 0.401265 0.0298516 0.263802 0 -0 0.0518114
 0.24718 0.019204 0.134882 0.0471866 0.464216 0.0448027 0.427368

 40 0.0515116 0.410401 0.0362212 0.268975 0 -0 0.0203499
 0.20745 0.0200975 0.181206 0.0531507 0.467879 0.0400082 0.569716

 50 0.0573314 0.491967 0.0425349 0.364557 0 -0 0.0234679
 0.160411 0.0188497 0.162619 0.0455068 0.386057 0.0300074 0.620013

 60 0.0593816 0.526269 0.0578797 0.566589 0 -0 0.0319214
 0.195988 0.0174683 0.161901 0.03437 0.332619 0.0252999 0.515457

 70 0.0626906 0.560045 0.0721296 0.678641 0 -0 0.0419753
 0.260855 0.0171623 0.164533 0.0326551 0.351474 0.0250353 0.502994

 80 0.0696233 0.602574 0.0785284 0.690068 0 -0 0.0496694
 0.337454 0.016026 0.166507 0.032432 0.414514 0.0262694 0.500094

 90 0.0735777 0.660793 0.081761 0.754227 0 -0 0.052284
 0.330918 0.0145911 0.158912 0.0323856 0.337428 0.0290594 0.524936

 100 0.0773356 0.678856 0.0836268 0.683032 0 -0 0.0503039
 0.319397 0.0136725 0.1379 0.0316791 0.297191 0.0289095 0.48241

 110 0.0806086 0.706761 0.0867689 0.663924 0 -0 0.0494835
 0.325241 0.0134364 0.124502 0.0307385 0.312824 0.0278134 0.438884

 120 0.0833892 0.697351 0.0906938 0.667857 0 -0 0.0479917
 0.303709 0.0129561 0.0996119 0.0289274 0.278099 0.0283003 0.330231

 130 0.0859912 0.704028 0.0940408 0.653344 0 -0 0.046542
 0.286976 0.0129076 0.0808242 0.0284262 0.269309 0.0295683 0.339163

 140 0.0888707 0.721728 0.0955888 0.638023 0 -0 0.0453415
 0.253171 0.0129922 0.0729785 0.0286085 0.270036 0.0289784 0.339371

 150 0.0895712 0.742351 0.0927856 0.609812 0 -0 0.0443308
 0.232654 0.0131724 0.082287 0.0287186 0.287677 0.0284518 0.339893

 160 0.0895261 0.748833 0.087855 0.559941 0 -0 0.0429997
 0.228667 0.0131326 0.0824536 0.0276613 0.263765 0.0276136 0.338091

 170 0.0858626 0.759229 0.0814892 0.519044 0 -0 0.0532421
 0.233545 0.0138166 0.0826167 0.0277553 0.301597 0.0269417 0.349037

 180 0.0834678 1.06692 0.0819296 0.486175 0 -0 0.300874
 2.60118 0.0164493 0.166772 0.0324317 0.358446 0.027078 0.33062

 190 0.0761334 0.955114 0.0621612 0.369134 0 -0 19.2123
 20.5687 0.0170938 0.139187 0.0390137 0.419733 0.0245499 0.297281

 200 0.0600377 0.647805 0.0532783 0.44077 0 -0 0.710181
 0.89274 0.0142786 0.104291 0.0279654 0.647026 0.0237682 0.307429

 210 0.0591107 0.49692 0.0551232 0.429702 0 -0 0.0232459
 0.150674 0.0127577 0.0694397 0.0217863 0.377933 0.0244882 0.336937

 220 0.0580946 0.523576 0.0528671 0.389834 0 -0 0.0207535
 0.126534 0.012684 0.0654014 0.0213794 0.357592 0.0254296 0.3571

 230 0.0574868 0.52699 0.0486759 0.298291 0 -0 0.0186019
 0.112503 0.0122653 0.0618495 0.02057 0.352402 0.0252641 0.37377

 240 0.0510093 0.498789 0.0417027 0.225968 0 -0 0.0266082
 0.0995767 0.0109703 0.0514353 0.0188246 0.283232 0.0219738 0.274892

 250 0.0428956 0.27262 0.031844 0.1618 0 -0 0.0139818
 0.0437588 0.00908339 0.0512537 0.0165235 0.258539 0.0176829 0.217472

 260 0.0413302 0.268881 0.0279109 0.142102 0 -0 0.0109985
 0.0410935 0.0084569 0.0513881 0.0150164 0.260785 0.0152756 0.209605

 270 0.0381491 0.243546 0.023819 0.143312 0 -0 0.00819446
 0.0356233 0.00792429 0.0437416 0.0132572 0.253227 0.013562 0.181753

 280 0.0357559 0.230987 0.0212893 0.127966 0 -0 0.00584684
 0.0330772 0.00731753 0.0369388 0.0119966 0.206098 0.0119268 0.166219

 290 0.032567 0.203088 0.0198032 0.123432 0 -0 0.0114775
 0.0346776 0.00661817 0.036268 0.0103432 0.172036 0.0109798 0.152536

 300 0.0286428 0.171844 0.0159817 0.0934279 0 -0 0.00828089
 0.0273367 0.00616056 0.0355421 0.00920828 0.172622 0.00973308 0.132825

 310 0.0272237 0.178571 0.0145874 0.0918969 0 -0 0.0066349
 0.0206051 0.00571126 0.0321877 0.00815625 0.147911 0.00856209 0.131085

 320 0.0246855 0.17699 0.0128204 0.0934609 0 -0 0.00375403
 0.0200088 0.00476606 0.0284535 0.00666859 0.120441 0.0072876 0.109324

 330 0.0203733 0.126459 0.00995608 0.0621383 0 -0 0.00425975
 0.0184836 0.00415576 0.0287073 0.00558187 0.114231 0.00618062 0.112791

 340 0.0165559 0.132569 0.00845154 0.0662132 0 -0 0.00658264
 0.0166294 0.0033993 0.0237748 0.00394602 0.0769359 0.0052452 0.100377

 350 0.0119102 0.104731 0.00574921 0.0439728 0 -0 0.00369713
 0.0093932 0.00253305 0.0172331 0.00304407 0.0538547 0.00391219 0.0633946

 360 0.00982144 0.0814784 0.00415997 0.0268033 0 -0 0.0017472
 0.00622768 0.00213053 0.0152542 0.00254342 0.050763 0.00277787 0.0462158

 370 0.00824542 0.0715968 0.00353099 0.0301634 0 -0 0.00181373
 0.00644308 0.00160058 0.0126029 0.0017719 0.031182 0.0022598 0.0466827

 380 0.00550424 0.0397658 0.002501 0.0161558 0 -0 0.00205233
 0.00495533 0.0012837 0.00864456 0.00144672 0.0251097 0.00183382 0.0313285

 390 0.00462454 0.0349549 0.00199404 0.0130087 0 -0 0.00131679
 0.0033466 0.00109289 0.00750776 0.00126128 0.0230643 0.00141179 0.0220649

 400 0.00419897 0.03643 0.00170392 0.0121389 0 -0 0.000498836
 0.00265311 0.000856627 0.00566552 0.000987247 0.0175059 0.00115813 0.0174739

 410 0.00324354 0.0240478 0.00140987 0.00899549 0 -0 0.00096184
 0.00269345 0.000717297 0.00469835 0.000803636 0.0144673 0.0010165 0.018625

 420 0.0025579 0.0190157 0.00114217 0.00729168 0 -0 0.000893972
 0.00206468 0.000617701 0.00431496 0.000689561 0.012939 0.000824402 0.0131054

 430 0.0022441 0.0208142 0.00090914 0.00623488 0 -0 0.000346289
 0.00122519 0.000483236 0.00328577 0.000556538 0.00989849 0.000640453 0.00936646

 440 0.00185707 0.0143138 0.000776415 0.00525383 0 -0 0.000398359
 0.00138767 0.000389055 0.00262968 0.000437361 0.00800969 0.000548558 0.0104821

 450 0.00139427 0.0108635 0.000636489 0.00405331 0 -0 0.000525801
 0.00120913 0.000332485 0.00233022 0.000363771 0.00682402 0.000457448 0.00753649

 460 0.00115125 0.0106067 0.000483328 0.00347777 0 -0 0.00029386
 0.000768224 0.000264389 0.0018377 0.000300556 0.00543643 0.000349487 0.00536257

 470 0.000998852 0.00826406 0.000406426 0.00280402 0 -0 0.000137035
 0.000667414 0.000203965 0.00137969 0.000231073 0.00423855 0.000282106 0.00488666

 480 0.000746055 0.00588567 0.000341124 0.00292997 0 -0 0.000258459
 0.000635673 0.00016834 0.00119667 0.00018467 0.00317965 0.000237114 0.00430945

 490 0.000566805 0.0044101 0.000249409 0.00172733 0 -0 0.000196661
 0.00045291 0.000137613 0.000952251 0.000156156 0.00279399 0.000183698 0.00286041

 500 0.000506154 0.00446052 0.000209346 0.00163871 0 -0 6.20432e-05
 0.000347075 0.000106401 0.000730334 0.0001235 0.00220208 0.00014304 0.00199374

