fluxfac 1 d 1
rmsmm 20 d
 81.9861 293.202 81.9861 293.202 0 0 0 0 0 0
 0 0 0 0 0 0 0 0 0 0
rmsmm 20 d
 26.7479 139.856 107.543 424.241 0 0 0 0 0 0
 0 0 0 0 0 0 0 0 0 0
rmsmm 20 d
 9.05406 59.9961 115.891 483.89 0 0 0 0 0 0
 0 0 0 0 0 0 0 0 0 0
rmsmm 20 d
 3.11844 24.295 118.657 507.514 0 0 0 0 0 0
 0 0 0 0 0 0 0 0 0 0
rmsmm 20 d
 1.07528 9.45266 119.572 516.575 0 0 0 0 0 0
 0 0 0 0 0 0 0 0 0 0
rmsmm 20 d
 0.367048 3.58862 119.872 519.986 0 0 0 0 0 0
 0 0 0 0 0 0 0 0 0 0
rmsmm 20 d
 0.123127 1.33516 119.968 521.246 0 0 0 0 0 0
 0 0 0 0 0 0 0 0 0 0
rmsmm 20 d
 0.0404233 0.486358 119.998 521.702 0 0 0 0 0 0
 0 0 0 0 0 0 0 0 0 0
rmsmm 20 d
 0.012968 0.173008 120.008 521.862 0 0 0 0 0 0
 0 0 0 0 0 0 0 0 0 0
rmsmm 20 d
 0.00406687 0.0599606 120.01 521.917 0 0 0 0 0 0
 0 0 0 0 0 0 0 0 0 0
rmsmm 20 d
 85.6063 519.508 192.414 714.722 0 0 0 0 0 0
 0 0 0 0 0 0 0 0 0 0
rmsmm 20 d
 40.0596 200.215 229.301 914.937 0 0 0 0 0 0
 0 0 0 0 0 0 0 0 0 0
rmsmm 20 d
 20.9466 141.759 248.322 1056.7 0 0 0 0 0 0
 0 0 0 0 0 0 0 0 0 0
rmsmm 20 d
 10.5507 86.9915 257.702 1143.69 0 0 0 0 0 0
 0 0 0 0 0 0 0 0 0 0
rmsmm 20 d
 5.17672 49.0559 262.183 1192.74 0 0 0 0 0 0
 0 0 0 0 0 0 0 0 0 0
rmsmm 20 d
 2.48115 26.1536 264.265 1218.9 0 0 0 0 0 0
 0 0 0 0 0 0 0 0 0 0
rmsmm 20 d
 1.16249 13.3687 265.207 1232.27 0 0 0 0 0 0
 0 0 0 0 0 0 0 0 0 0
rmsmm 20 d
 0.532995 6.59979 265.623 1238.87 0 0 0 0 0 0
 0 0 0 0 0 0 0 0 0 0
rmsmm 20 d
 0.239612 3.16078 265.803 1242.03 0 0 0 0 0 0
 0 0 0 0 0 0 0 0 0 0
rmsmm 20 d
 0.105901 1.4738 265.879 1243.5 0 0 0 0 0 0
 0 0 0 0 0 0 0 0 0 0
