 keyword from out/converge
 19
 ITER dU1rms dU1max dU2rms dU2max dU3rms dU3max dprmsd dpmax dqrms dqmax domrms dommax dbijrms dbijmax facmin pts.5 pts0 flowmdif
 1 0.197889 0.86459 0.230123 0.857446 0 -0 3.35224
 18.1392 0.0274192 0.0840016 58.9712 817.496 0.018245 0.33333 1
 0 0 -0.162661

 2 0.0677548 0.272432 0.0896778 0.341824 0 -0 1.88196
 14.2684 0.00394794 0.0357221 37.1558 291.298 0.00994042 0.112076 0
 22 22 -0.143452

 3 0.0568383 0.208544 0.0759324 0.322929 0 -0 1.33075
 7.57624 0.00607669 0.0325034 64.7333 347.301 0.0137485 0.115934 0
 26 26 -0.10681

 4 0.0452304 0.169385 0.0579632 0.289854 0 -0 1.04977
 2.24441 0.00550293 0.0358921 33.0338 292.684 0.0147412 0.103285 0
 12 12 -0.0888315

 5 0.0403378 0.146908 0.050772 0.260907 0 -0 0.936315
 2.2364 0.0043834 0.0316685 20.0895 250.788 0.0125996 0.0988754 0
 10 10 -0.0535345

 6 0.032683 0.121601 0.039329 0.237313 0 -0 0.690823
 1.81079 0.00324294 0.024869 14.3933 171.333 0.0104904 0.0857546 0
 4 4 -0.0367247

 7 0.0282839 0.0987347 0.0339747 0.221529 0 -0 0.559139
 1.50196 0.00307443 0.023384 12.4642 120.701 0.00946621 0.0665841 0
 6 6 -0.00611212

 8 0.0212545 0.0975494 0.0260081 0.205451 0 -0 0.359896
 1.02864 0.00338111 0.0295457 9.44145 63.3718 0.00821977 0.0670246 0
 24 24 0.00578384

 9 0.0184296 0.0893975 0.0230233 0.199621 0 -0 0.303182
 0.826025 0.00339837 0.0280432 8.06203 54.3113 0.00770011 0.0579315 0
 30 30 0.0262128

 10 0.0146813 0.0865564 0.0192332 0.189915 0 -0 0.285811
 0.645682 0.00337029 0.0248185 6.18944 43.5998 0.00695755 0.0604401 0
 28 28 0.0332311

 11 0.013726 0.1026 0.0180495 0.187677 0 -0 0.301446
 0.691361 0.00320569 0.0231799 5.4926 42.8335 0.00656834 0.0718966 0
 36 36 0.0442206

 12 0.0141115 0.132273 0.0173478 0.186265 0 -0 0.350654
 0.749227 0.00301901 0.0230192 4.64111 36.4558 0.00621247 0.122021 0
 26 26 0.0470367

 13 0.0145456 0.142646 0.0171544 0.183545 0 -0 0.367201
 0.747642 0.00288148 0.0228272 4.32775 33.0924 0.00606661 0.137529 0
 46 46 0.0505785

 14 0.0159404 0.167809 0.0175408 0.186919 0 -0 0.395131
 0.722417 0.00275283 0.0256383 3.91554 27.1215 0.00600841 0.1896 0
 44 44 0.0505154

 15 0.0163395 0.175343 0.0176022 0.179612 0 -0 0.397645
 0.692868 0.00265677 0.0241906 3.71173 25.2869 0.0058386 0.172834 0
 56 56 0.048953

 16 0.0172146 0.203246 0.0181522 0.184217 0 -0 0.394597
 0.662872 0.00257234 0.0216355 3.42135 22.683 0.00586657 0.202952 0
 60 60 0.0469833

 17 0.0172594 0.214926 0.0181815 0.181916 0 -0 0.383667
 0.657423 0.00247467 0.0224021 3.25373 23.0804 0.00580903 0.174347 0
 42 42 0.0423508

 18 0.0171779 0.217843 0.0183769 0.18144 0 -0 0.354543
 0.617133 0.00234247 0.026548 2.99418 20.3876 0.00607639 0.206599 0
 54 54 0.0394769

 19 0.0168437 0.221954 0.0180272 0.178912 0 -0 0.334248
 0.591412 0.00224397 0.0268365 2.8354 21.4784 0.00600849 0.174404 0
 62 62 0.0334101

 20 0.0161918 0.209308 0.0177512 0.179021 0 -0 0.29023
 0.523678 0.0021552 0.0274033 2.60048 24.793 0.0057923 0.162365 0
 64 64 0.0302244

 21 0.0158485 0.204153 0.0174011 0.174276 0 -0 0.265419
 0.483733 0.0020946 0.0274594 2.46313 24.0166 0.00548683 0.14425 0
 74 74 0.0239358

 22 0.0152259 0.194225 0.0172512 0.171916 0 -0 0.215689
 0.399862 0.00204839 0.0242483 2.29426 25.9912 0.00508245 0.169624 0
 42 42 0.0209631

 23 0.0148312 0.194589 0.0172616 0.170405 0 -0 0.191551
 0.358316 0.00199363 0.0211782 2.21279 27.8645 0.00479302 0.145905 0
 70 70 0.0153471

 24 0.0144748 0.186435 0.0171986 0.167275 0 -0 0.145333
 0.278499 0.00191846 0.0206443 2.12065 25.9334 0.00445849 0.11808 0
 48 48 0.0129041

 25 0.0141113 0.18536 0.017152 0.159831 0 -0 0.124411
 0.241376 0.00186456 0.0199925 2.04431 23.7778 0.00437353 0.124592 0
 66 66 0.00843902

 26 0.013443 0.177113 0.017729 0.156517 0 -0 0.085774
 0.171372 0.00180338 0.0163804 1.92894 20.7506 0.00431344 0.158078 0
 66 66 0.00662762

 27 0.0130632 0.172049 0.0181506 0.153548 0 -0 0.0698973
 0.144243 0.00175253 0.0158059 1.84724 19.4728 0.00418358 0.127487 0
 82 82 0.00340875

 28 0.0123107 0.140724 0.0195459 0.150442 0 -0 0.0423694
 0.097972 0.00167985 0.0168993 1.73872 20.6632 0.00397942 0.118396 0
 52 52 0.00218216

 29 0.0119479 0.133522 0.0201428 0.149406 0 -0 0.0320844
 0.0799204 0.00161876 0.0158475 1.67787 21.5884 0.0039245 0.102896 0
 64 64 8.1131e-05

 30 0.0116823 0.13735 0.0214087 0.147799 0 -0 0.0183066
 0.0532089 0.00152372 0.0144276 1.60086 20.3953 0.00391769 0.0722777 0
 68 68 -0.000641706

 31 0.0116187 0.138133 0.0217833 0.14305 0 -0 0.0163596
 0.0436727 0.00145969 0.0127896 1.54908 20.8887 0.00390587 0.0767445 0
 68 68 -0.00181207

 32 0.0116918 0.129732 0.0223827 0.142074 0 -0 0.019391
 0.0437032 0.00136987 0.0120905 1.4887 20.8812 0.00398521 0.113762 0
 48 48 -0.00214815

 33 0.0116693 0.120372 0.0222074 0.141945 0 -0 0.0213184
 0.0459831 0.00131417 0.0108005 1.44582 21.4274 0.00399237 0.127417 0
 66 66 -0.00262276

 34 0.0116693 0.123034 0.0216586 0.140208 0 -0 0.0248463
 0.0535692 0.001253 0.00868981 1.38185 22.7373 0.00397927 0.123731 0
 50 50 -0.00268611

 35 0.0116325 0.126494 0.0210061 0.137513 0 -0 0.0254511
 0.0550194 0.00122211 0.00784251 1.33833 22.4193 0.00393668 0.10282 0
 60 60 -0.00268445

 36 0.0116917 0.134178 0.019774 0.136361 0 -0 0.0255923
 0.0571095 0.00120595 0.00920943 1.29079 23.8869 0.00393443 0.07075 0
 44 44 -0.00257419

 37 0.0117105 0.135816 0.0190482 0.135819 0 -0 0.0246588
 0.0559651 0.00119334 0.0110273 1.25566 22.0402 0.00392026 0.0593876 0
 44 44 -0.00228423

 38 0.0118999 0.134248 0.017987 0.136504 0 -0 0.0222996
 0.0525339 0.00121086 0.0153763 1.22665 26.4179 0.00395225 0.0476236 0
 42 42 -0.00208556

 39 0.0120174 0.133054 0.0174933 0.135207 0 -0 0.0205893
 0.0503146 0.00120895 0.0172786 1.18275 25.0564 0.00392773 0.0603214 0
 54 54 -0.00166419

 40 0.0123337 0.12907 0.0169652 0.136145 0 -0 0.01727
 0.0452871 0.00123123 0.0203183 1.13244 23.6687 0.00397627 0.0940294 0
 68 68 -0.00143767

 41 0.0123511 0.129196 0.016752 0.141368 0 -0 0.0153431
 0.0445278 0.00121961 0.0216359 1.12584 22.7602 0.00399072 0.109299 0
 48 48 -0.000993185

 42 0.0124296 0.136489 0.016644 0.148467 0 -0 0.0120117
 0.0591214 0.00122141 0.019756 1.16325 26.9619 0.00404614 0.0946865 0
 40 40 -0.000786301

 43 0.0124321 0.135943 0.0165734 0.146441 0 -0 0.010891
 0.0635712 0.00121306 0.0208835 1.15408 26.3651 0.00401617 0.086987 0
 56 56 -0.000404054

 44 0.0125581 0.145604 0.0167296 0.155112 0 -0 0.00969481
 0.0823599 0.00124517 0.0216702 1.17437 21.5744 0.00396984 0.0623775 0
 52 52 -0.00024777

 45 0.0127085 0.139545 0.0166732 0.151507 0 -0 0.0100038
 0.0771011 0.00125046 0.0226979 1.17941 19.4471 0.00394415 0.0595239 0
 36 36 2.05328e-05

 46 0.013048 0.153404 0.01665 0.158892 0 -0 0.0113368
 0.100225 0.00131039 0.0229554 1.2173 22.362 0.00394259 0.0575594 0
 46 46 0.000109747

 47 0.012991 0.150093 0.0164632 0.152877 0 -0 0.0120216
 0.103805 0.00131671 0.0233885 1.2365 23.3234 0.00390002 0.0561664 0
 46 46 0.000241124

 48 0.0129344 0.141739 0.0163749 0.156627 0 -0 0.0124168
 0.101646 0.00136905 0.0232059 1.23358 21.2304 0.0039029 0.054653 0
 46 46 0.000263941

 49 0.012772 0.13866 0.0161544 0.156604 0 -0 0.0126794
 0.115015 0.00136122 0.0219061 1.2296 19.7007 0.00386674 0.0532902 0
 42 42 0.000269121

 50 0.01258 0.140922 0.0158152 0.150766 0 -0 0.0123427
 0.125976 0.00137753 0.0222197 1.22178 16.7672 0.00386582 0.0653194 0
 34 34 0.000237726

 51 0.0123968 0.144719 0.0156577 0.148453 0 -0 0.0123446
 0.109044 0.00136005 0.01957 1.22273 17.9409 0.00383124 0.0749296 0
 38 38 0.000143352

 52 0.0122794 0.157465 0.0158119 0.167323 0 -0 0.0118741
 0.108317 0.00137723 0.0187908 1.19896 19.4002 0.00378559 0.087261 0
 46 46 6.96228e-05

 53 0.0120486 0.150273 0.0157963 0.148022 0 -0 0.011359
 0.112718 0.00137255 0.01835 1.16532 18.2526 0.00371723 0.0775329 0
 30 30 -9.35324e-05

 54 0.0118574 0.153463 0.0160976 0.15808 0 -0 0.0100862
 0.107069 0.00139518 0.0191054 1.1209 16.4 0.00369329 0.0462443 0
 50 50 -0.00018005

 55 0.0117883 0.153367 0.0161536 0.155932 0 -0 0.00954264
 0.0953452 0.00137289 0.0155197 1.10075 15.1524 0.00365515 0.0504163 0
 38 38 -0.000354131

 56 0.0117515 0.159939 0.0164831 0.14112 0 -0 0.00909576
 0.0966003 0.00137832 0.0143452 1.11013 14.7158 0.003651 0.056355 0
 38 38 -0.00044212

 57 0.0115764 0.159989 0.0165293 0.146012 0 -0 0.00861424
 0.100053 0.0013678 0.0137434 1.08428 15.3672 0.00360896 0.0559663 0
 38 38 -0.000611125

 58 0.0115976 0.161768 0.0168508 0.170645 0 -0 0.00834841
 0.113872 0.00138379 0.0129267 1.03095 14.999 0.00359445 0.0573296 0
 38 38 -0.000686216

 59 0.0114522 0.157964 0.0167583 0.150406 0 -0 0.00833738
 0.0846266 0.00138004 0.0125249 0.991333 13.5949 0.00357231 0.0551654 0
 32 32 -0.000827628

 60 0.0114275 0.161774 0.0171241 0.17986 0 -0 0.00853083
 0.0708329 0.00139798 0.012414 0.941522 11.8779 0.00356833 0.052524 0
 34 34 -0.000887353

 61 0.0112282 0.153153 0.0171077 0.166244 0 -0 0.00861786
 0.0671139 0.0013933 0.0121329 0.93431 10.2117 0.00351879 0.0549348 0
 36 36 -0.000994755

 62 0.0112971 0.158246 0.017229 0.178778 0 -0 0.00889321
 0.0646369 0.00142824 0.0119747 0.951346 12.5368 0.00350364 0.083743 0
 38 38 -0.00103541

 63 0.0110641 0.144213 0.0172022 0.174768 0 -0 0.00898136
 0.0599673 0.00143317 0.0116023 0.952383 11.976 0.00342742 0.0706446 0
 30 30 -0.00110168

 64 0.0110324 0.14971 0.0173582 0.184903 0 -0 0.00928048
 0.0594483 0.00148673 0.0150464 0.931111 11.5039 0.00333427 0.0616206 0
 38 38 -0.00111873

 65 0.0107832 0.135567 0.0172846 0.180593 0 -0 0.00929134
 0.051956 0.00148589 0.0136387 0.895484 10.464 0.00327825 0.0631328 0
 34 34 -0.00113703

 66 0.0107761 0.136767 0.0174995 0.19313 0 -0 0.00939313
 0.0580722 0.00151233 0.0108201 0.815692 8.07729 0.00322702 0.0683196 0
 26 26 -0.00112906

 67 0.0105624 0.134128 0.0173984 0.180947 0 -0 0.00927117
 0.0490996 0.00150205 0.0104327 0.792582 7.96541 0.00318354 0.0617739 0
 28 28 -0.00109761

 68 0.0106372 0.148667 0.0175579 0.195955 0 -0 0.00921151
 0.0509434 0.00151367 0.0105249 0.775369 8.89586 0.00314302 0.0506342 0
 40 40 -0.00106494

 69 0.0103915 0.142158 0.0174137 0.182079 0 -0 0.00881133
 0.0477333 0.00148633 0.0106374 0.779249 9.44297 0.00310912 0.0547563 0
 34 34 -0.00098815

 70 0.0102893 0.142592 0.0175883 0.205299 0 -0 0.00832058
 0.0481232 0.00146469 0.010444 0.791274 10.5523 0.00310904 0.0569493 0
 46 46 -0.000937279

 71 0.010021 0.146608 0.0174139 0.188946 0 -0 0.00796059
 0.0566423 0.00145594 0.0100002 0.79015 10.7252 0.00308601 0.0666914 0
 36 36 -0.000826412

 72 0.0100482 0.135518 0.0176577 0.201615 0 -0 0.00754075
 0.0548633 0.00149476 0.00925393 0.784227 10.8163 0.0031033 0.0761897 0
 26 26 -0.000762422

 73 0.00985499 0.127509 0.0175163 0.199088 0 -0 0.00707409
 0.0485504 0.00152358 0.00955286 0.779323 10.9795 0.00307373 0.0713955 0
 36 36 -0.000631611

 74 0.009708 0.137404 0.017687 0.192765 0 -0 0.0065205
 0.0391847 0.00160993 0.0128897 0.772653 10.7858 0.0030817 0.0541294 0
 34 34 -0.00056353

 75 0.00940297 0.126699 0.0175172 0.20247 0 -0 0.0060578
 0.0344107 0.00161754 0.0130773 0.76619 10.7975 0.00301748 0.0560211 0
 36 36 -0.000428935

 76 0.00925832 0.125244 0.0175553 0.201154 0 -0 0.00542923
 0.0327649 0.00160502 0.0141879 0.755981 10.4295 0.00297425 0.0634593 0
 30 30 -0.000361324

 77 0.00898065 0.108042 0.017285 0.203973 0 -0 0.00495509
 0.0314902 0.00155839 0.0144021 0.751433 10.4283 0.00291283 0.0640658 0
 46 46 -0.000230697

 78 0.00899476 0.115865 0.0171901 0.205926 0 -0 0.00436969
 0.028301 0.0015016 0.0147026 0.752125 10.0446 0.00288664 0.0525664 0
 30 30 -0.000166823

 79 0.0087501 0.102738 0.0168868 0.201486 0 -0 0.00412763
 0.031195 0.00145939 0.0138171 0.746681 9.70199 0.00284647 0.0489806 0
 36 36 -4.41874e-05

 80 0.00882508 0.105237 0.0165873 0.207539 0 -0 0.00379389
 0.0307676 0.00141122 0.0120834 0.733025 8.69886 0.0028368 0.0521191 0
 30 30 1.40185e-05

 81 0.00865749 0.0999053 0.0163435 0.195933 0 -0 0.00361835
 0.0311002 0.00141046 0.0126147 0.717712 8.1766 0.00277845 0.0492765 0
 30 30 0.000125504

 82 0.00881198 0.0961286 0.0160945 0.205662 0 -0 0.00349502
 0.0289954 0.00145114 0.0143233 0.691295 6.91245 0.00273383 0.0534066 0
 32 32 0.000176444

 83 0.00866484 0.0937005 0.0156861 0.191831 0 -0 0.00340701
 0.0293947 0.00139024 0.0147784 0.668092 6.60926 0.00267159 0.0515858 0
 44 44 0.000268833

 84 0.00874542 0.0932183 0.0156177 0.201101 0 -0 0.00338555
 0.0323581 0.00129123 0.0152343 0.630678 6.89831 0.00266093 0.0535162 0
 24 24 0.000306452

 85 0.00854422 0.0943736 0.0150419 0.185682 0 -0 0.003453
 0.0279435 0.00125383 0.0146932 0.614002 7.23848 0.00263278 0.0533376 0
 26 26 0.0003706

 86 0.00860383 0.0956473 0.0150561 0.198448 0 -0 0.0035464
 0.0329874 0.00125073 0.0134338 0.599864 7.78488 0.00267091 0.0551977 0
 34 34 0.000392283

 87 0.00841549 0.0965829 0.0143716 0.177767 0 -0 0.00360372
 0.0320774 0.00125457 0.0129995 0.596078 7.87405 0.00262746 0.0537437 0
 26 26 0.000423707

 88 0.0085935 0.100017 0.0142357 0.200118 0 -0 0.00368791
 0.0282581 0.00126765 0.010809 0.59929 7.51834 0.00260633 0.0562886 0
 32 32 0.000428667

 89 0.00846778 0.10221 0.013481 0.177735 0 -0 0.00373453
 0.0266382 0.00123224 0.00944461 0.596525 6.81 0.00255583 0.0533099 0
 22 22 0.00042784

 90 0.00849122 0.104783 0.0129036 0.197542 0 -0 0.0039874
 0.0322095 0.00116286 0.0107971 0.592285 6.12282 0.00253452 0.056989 0
 32 32 0.00041771

 91 0.00827655 0.104421 0.0120413 0.161913 0 -0 0.00403641
 0.0254804 0.0011116 0.00914114 0.583465 6.20292 0.00247428 0.0534111 0
 30 30 0.000387588

 92 0.00825834 0.105708 0.0111711 0.177382 0 -0 0.00415012
 0.0276222 0.00114986 0.0105981 0.580252 6.54246 0.00254774 0.054776 0
 36 36 0.000364577

 93 0.00796939 0.10935 0.0103013 0.148483 0 -0 0.00412184
 0.0274907 0.00121801 0.0112352 0.581026 6.70368 0.00256125 0.0506929 0
 42 42 0.000312777

 94 0.00784926 0.117526 0.00931561 0.128695 0 -0 0.00381306
 0.0271926 0.00143561 0.0152382 0.602614 7.32065 0.0026285 0.0426657 0
 38 38 0.000281634

 95 0.00772221 0.119393 0.00865367 0.103341 0 -0 0.00365791
 0.0308377 0.00150149 0.0152554 0.612618 7.52505 0.00256492 0.0365328 0
 38 38 0.000214606

 96 0.00734344 0.107982 0.00774067 0.100715 0 -0 0.00322173
 0.0318421 0.00159418 0.0173 0.656249 11.4729 0.00242003 0.0560675 0
 16 16 0.000177373

 97 0.00685395 0.0999778 0.00747956 0.0940522 0 -0 0.00304524
 0.0296955 0.00154769 0.0164243 0.682519 13.3963 0.00229136 0.0468786 0
 28 28 0.000100174

 98 0.0058717 0.0840746 0.00697959 0.0879842 0 -0 0.00293652
 0.0258734 0.00144718 0.0158979 0.772926 16.459 0.00213133 0.0391766 0
 40 40 5.96399e-05

 99 0.00540264 0.0822998 0.0067437 0.0842434 0 -0 0.00286644
 0.0239974 0.00134596 0.0177997 0.80777 17.5127 0.00205796 0.039074 0
 26 26 -2.29097e-05

 100 0.00480336 0.0835125 0.00628284 0.0824594 0 -0 0.00280327
 0.0219255 0.00120141 0.0161225 0.866993 18.9013 0.00194734 0.0340976 0
 28 28 -6.55352e-05

 101 0.0046124 0.0845388 0.0060549 0.0836978 0 -0 0.00276885
 0.0215052 0.00114561 0.014874 0.870878 18.1083 0.00189228 0.0313474 0
 34 34 -0.000151442

 102 0.00445802 0.0845439 0.00570904 0.0842575 0 -0 0.00287749
 0.0223252 0.00107453 0.0123189 0.871855 14.9096 0.00183117 0.0272797 0
 20 20 -0.000194902

 103 0.00435626 0.0830359 0.00558961 0.0831605 0 -0 0.00302635
 0.020581 0.00102957 0.0113984 0.852003 13.4657 0.00181695 0.0268197 0
 30 30 -0.000282697

 104 0.00429687 0.0795589 0.00544477 0.0818905 0 -0 0.00338426
 0.0231073 0.000940197 0.0098294 0.790124 11.8117 0.00183149 0.0250578 0
 38 38 -0.000326925

 105 0.004235 0.0775116 0.00536378 0.0816159 0 -0 0.00358894
 0.0192763 0.000901436 0.00983626 0.741471 10.824 0.00183068 0.0215878 0
 34 34 -0.000414899

 106 0.00413498 0.0738169 0.00524227 0.0813995 0 -0 0.00401955
 0.0185412 0.000853876 0.00956249 0.647498 8.58934 0.00181116 0.0226972 0
 28 28 -0.000457735

 107 0.00407678 0.0712402 0.00517294 0.0811009 0 -0 0.00422665
 0.018277 0.000839611 0.00948753 0.59712 7.69856 0.00177299 0.0240618 0
 22 22 -0.000540996

 108 0.00398624 0.0689915 0.00508343 0.0797792 0 -0 0.00468923
 0.0159888 0.000840264 0.0103736 0.516583 6.81142 0.0017162 0.0254123 0
 44 44 -0.000579389

 109 0.00399005 0.0688347 0.0049498 0.0784826 0 -0 0.00486761
 0.0158114 0.0008536 0.0105145 0.480078 6.8983 0.00166513 0.0253527 0
 32 32 -0.000651336

 110 0.00379675 0.0664816 0.00477498 0.0764671 0 -0 0.00523381
 0.0154231 0.000871147 0.0102665 0.4395 8.30071 0.00162854 0.0305689 0
 30 30 -0.000681453

 111 0.00369776 0.0637352 0.00471675 0.0748154 0 -0 0.00539657
 0.0165202 0.000873644 0.00965426 0.433164 8.30177 0.00161657 0.0364011 0
 28 28 -0.000734725

 112 0.00355478 0.0617693 0.00463909 0.075211 0 -0 0.00570448
 0.0191257 0.000888286 0.0092898 0.439247 8.51345 0.00158851 0.0278571 0
 24 24 -0.000753913

 113 0.00349982 0.060142 0.00459364 0.0742315 0 -0 0.0058101
 0.0193275 0.000891358 0.00907421 0.442856 8.5177 0.00157068 0.0258411 0
 26 26 -0.000784353

 114 0.00343216 0.0573581 0.00455813 0.0705458 0 -0 0.00598747
 0.0205974 0.000895401 0.00907824 0.451059 7.78355 0.00156051 0.0261648 0
 40 40 -0.000791637

 115 0.00339125 0.0561007 0.00452161 0.0704856 0 -0 0.00602128
 0.0208831 0.000888164 0.00877902 0.451404 7.10307 0.00155462 0.0270017 0
 28 28 -0.000798578

 116 0.00333767 0.0521628 0.00448218 0.0685965 0 -0 0.0060478
 0.0207483 0.000868777 0.00903121 0.454904 5.98182 0.00155955 0.0273635 0
 30 30 -0.000794753

 117 0.00330134 0.050873 0.00444591 0.0660613 0 -0 0.00601582
 0.0201651 0.00085526 0.00899521 0.455807 6.25462 0.00155311 0.0265965 0
 16 16 -0.000780777

 118 0.00327876 0.0508035 0.00441422 0.0638258 0 -0 0.0059368
 0.0186933 0.0008385 0.00865201 0.462596 7.68806 0.00155378 0.0244006 0
 28 28 -0.000767875

 119 0.00326034 0.0576818 0.00438489 0.061344 0 -0 0.00586564
 0.0194257 0.000834665 0.00866737 0.463263 7.65305 0.0015547 0.0230502 0
 24 24 -0.000737193

 120 0.00327349 0.0818898 0.00435359 0.0594519 0 -0 0.00574393
 0.0191986 0.00084462 0.00849206 0.466875 6.58965 0.00157162 0.02436 0
 26 26 -0.000717203

 121 0.00341593 0.125922 0.00433293 0.073413 0 -0 0.00560523
 0.0174531 0.000852386 0.00826218 0.463888 7.53709 0.00157674 0.0233077 0
 30 30 -0.00067305

 122 0.00307664 0.0480059 0.00414518 0.0580972 0 -0 0.00549049
 0.0529191 0.000868081 0.00802931 0.459744 9.45319 0.00162883 0.0308321 0
 28 28 -0.000647651

 123 0.00300613 0.0433144 0.00407895 0.055641 0 -0 0.0053103
 0.0350973 0.000878231 0.00815286 0.458005 10.1221 0.00161109 0.0220856 0
 22 22 -0.000594309

 124 0.00291864 0.0411175 0.00399691 0.0499227 0 -0 0.00501902
 0.0840367 0.000968107 0.0153974 0.48075 11.2227 0.00159733 0.022348 0
 30 30 -0.000564519

 125 0.00285907 0.041261 0.00392144 0.0497483 0 -0 0.00476877
 0.0549614 0.00101633 0.00911994 0.500831 11.2557 0.00158229 0.0221584 0
 24 24 -0.00050293

 126 0.0027913 0.0419453 0.00383759 0.0494756 0 -0 0.00439879
 0.0179519 0.00113161 0.00984969 0.553394 11.3547 0.00156379 0.0220607 0
 26 26 -0.000469979

 127 0.00275397 0.0424873 0.0037969 0.0467473 0 -0 0.00419914
 0.0194874 0.00118204 0.0104706 0.577484 11.1118 0.0015486 0.0225342 0
 48 48 -0.000402456

 128 0.00286887 0.0499583 0.00400418 0.0426269 0 -0 0.00378395
 0.0217798 0.00125965 0.0112304 0.626519 10.937 0.00153051 0.0225395 0
 20 20 -0.000367498

 129 0.00303678 0.0990082 0.00430817 0.0551356 0 -0 0.00358135
 0.0213086 0.00124751 0.0109556 0.645279 11.6096 0.0015303 0.0216294 0
 34 34 -0.000297467

 130 0.00267636 0.0458255 0.00383548 0.0413208 0 -0 0.00314705
 0.0204655 0.00113358 0.0107464 0.677578 12.7846 0.00161249 0.0234278 0
 50 50 -0.000261328

 131 0.00252304 0.0446363 0.00362831 0.0426031 0 -0 0.00312166
 0.027053 0.0010361 0.0102707 0.684771 12.6487 0.0015653 0.0224662 0
 30 30 -0.000190521

 132 0.00243991 0.0421607 0.00352419 0.0434357 0 -0 0.00267503
 0.017914 0.000916021 0.00917948 0.68423 11.8195 0.00150352 0.0225598 0
 26 26 -0.00015643

 133 0.00247068 0.0519625 0.00361142 0.0431932 0 -0 0.00258742
 0.0170618 0.00088275 0.00985934 0.664436 10.2184 0.00146565 0.0214595 0
 30 30 -9.10455e-05

 134 0.00256521 0.0394115 0.00386554 0.0439642 0 -0 0.00253346
 0.0249629 0.000852838 0.012319 0.608214 8.63804 0.00144378 0.0203141 0
 24 24 -6.19567e-05

 135 0.00251433 0.0383404 0.00380987 0.0421749 0 -0 0.00250658
 0.025665 0.000815195 0.01167 0.563178 7.75246 0.0014332 0.0189411 0
 28 28 -7.5781e-06

 136 0.00263517 0.0679962 0.00378431 0.0444389 0 -0 0.00210227
 0.0235915 0.000768555 0.0103215 0.477103 7.94763 0.00140828 0.0178667 0
 24 24 1.56377e-05

 137 0.00249184 0.0392202 0.00366275 0.0378985 0 -0 0.0022563
 0.0248722 0.00073378 0.0111682 0.435591 8.31671 0.00141345 0.0173831 0
 32 32 5.70631e-05

 138 0.00246635 0.0462869 0.0035684 0.0349427 0 -0 0.00202748
 0.0288114 0.000759357 0.0107067 0.391804 8.87301 0.00132424 0.0175109 0
 30 30 7.34634e-05

 139 0.00239172 0.0384701 0.00351224 0.0350333 0 -0 0.001934
 0.0181257 0.000743624 0.00881072 0.383003 8.87685 0.00130297 0.0161018 0
 14 14 0.000101238

 140 0.00232083 0.0369438 0.00343318 0.0342374 0 -0 0.00196115
 0.0167054 0.000743917 0.0105677 0.381747 8.65694 0.00127081 0.0215579 0
 26 26 0.000110558

 141 0.00233047 0.0356125 0.00339511 0.0335692 0 -0 0.00196153
 0.0157916 0.00075381 0.0106106 0.385271 8.3769 0.00124249 0.0221246 0
 38 38 0.000125845

 142 0.00245114 0.0609114 0.00335325 0.0426717 0 -0 0.00202922
 0.0177713 0.000817996 0.0113722 0.401868 8.21672 0.00121539 0.0179807 0
 14 14 0.00013092

 143 0.00240543 0.0545015 0.00329173 0.0416928 0 -0 0.00199953
 0.0186745 0.00088345 0.0119252 0.419186 8.06569 0.00122333 0.0176404 0
 28 28 0.000139531

 144 0.00231124 0.0310686 0.00323133 0.039478 0 -0 0.00188306
 0.0117353 0.00103325 0.013895 0.465833 7.74356 0.00129985 0.0216874 0
 22 22 0.000142365

 145 0.00227095 0.0270134 0.0032424 0.0343419 0 -0 0.00191243
 0.0115504 0.00109019 0.0137556 0.489358 7.43814 0.00135021 0.022045 0
 22 22 0.00014701

 146 0.00338853 0.04245 0.00345847 0.0365754 0 -0 0.00207428
 0.0154215 0.00110579 0.0153862 0.525845 8.81806 0.00154143 0.0224701 0
 24 24 0.000147668

 147 0.0028934 0.0337577 0.00324369 0.0739503 0 -0 0.00191389
 0.0141104 0.00113108 0.0219626 0.547455 9.70296 0.0014842 0.0243537 0
 18 18 0.000148229

 148 0.00228709 0.0319412 0.00313755 0.0660033 0 -0 0.00185304
 0.0156482 0.00117067 0.0226177 0.597236 10.9833 0.00153116 0.0241655 0
 18 18 0.000147638

 149 0.00214529 0.0298999 0.00303257 0.0430249 0 -0 0.00180482
 0.0111562 0.00118126 0.0206426 0.612465 10.9754 0.0014815 0.024066 0
 24 24 0.000145814

 150 0.00202535 0.0373868 0.0029869 0.0340001 0 -0 0.00184206
 0.0105583 0.00120056 0.0236342 0.643594 10.9109 0.00145728 0.0313368 0
 30 30 0.000143538

 151 0.00200276 0.0379133 0.00296379 0.0389883 0 -0 0.0018418
 0.0105132 0.00119569 0.0241316 0.655881 10.4814 0.00144585 0.0244079 0
 22 22 0.000138157

 152 0.00199855 0.0386689 0.00287328 0.0409423 0 -0 0.00180524
 0.012409 0.00117231 0.0245135 0.674771 10.0621 0.00143802 0.0362834 0
 34 34 0.00013502

 153 0.00193666 0.0392467 0.00278918 0.0423088 0 -0 0.00183368
 0.00985959 0.00114471 0.0251082 0.677776 9.82887 0.00141462 0.032945 0
 32 32 0.000127754

 154 0.00189141 0.0370753 0.00268482 0.0508209 0 -0 0.00173698
 0.0110138 0.00109168 0.0292577 0.682407 9.64764 0.00138297 0.0251834 0
 32 32 0.000123369

 155 0.00189727 0.046095 0.00265424 0.0587134 0 -0 0.0017031
 0.0140695 0.00106196 0.031199 0.680916 9.35623 0.00135919 0.0297006 0
 22 22 0.00011366

 156 0.00194181 0.0482074 0.00260615 0.0631852 0 -0 0.00169312
 0.0135674 0.00102252 0.0353313 0.670129 8.99502 0.00132975 0.0316259 0
 26 26 0.000107908

 157 0.00191266 0.0423301 0.00252957 0.0487129 0 -0 0.00163605
 0.0123299 0.00101418 0.0346086 0.657895 8.64028 0.00131123 0.0279137 0
 24 24 9.65377e-05

 158 0.00195114 0.0491129 0.00242038 0.0481275 0 -0 0.00157257
 0.0130233 0.000962898 0.0346382 0.626986 8.13508 0.00128136 0.0232363 0
 20 20 9.05725e-05

 159 0.00196054 0.059241 0.00241087 0.0605436 0 -0 0.00159903
 0.0149042 0.000919005 0.0312282 0.604838 7.67194 0.00124709 0.0235598 0
 26 26 7.77299e-05

 160 0.00182075 0.0508642 0.00235835 0.0461676 0 -0 0.0012868
 0.0096947 0.000842787 0.033101 0.557039 7.07989 0.00120335 0.0251549 0
 36 36 7.14792e-05

 161 0.00177387 0.0375438 0.00227924 0.0460384 0 -0 0.00111114
 0.00815023 0.000769705 0.0283132 0.529282 6.7449 0.00117459 0.022892 0
 18 18 5.87433e-05

 162 0.00175331 0.0347235 0.00220732 0.0334711 0 -0 0.00103635
 0.00748086 0.000644316 0.0207475 0.473467 5.98245 0.00113727 0.0254544 0
 24 24 5.23078e-05

 163 0.00175563 0.0464443 0.00218435 0.0345132 0 -0 0.00106611
 0.0176495 0.000596128 0.0169004 0.444159 5.5887 0.00112375 0.0173073 0
 30 30 3.88547e-05

 164 0.0019616 0.0568156 0.00219496 0.0461812 0 -0 0.00115485
 0.0217995 0.000530509 0.0114772 0.385787 4.73379 0.00113732 0.0183131 0
 28 28 3.14972e-05

 165 0.00193974 0.0736679 0.00227237 0.0640916 0 -0 0.000997286
 0.0165827 0.00050722 0.00952245 0.354301 4.34159 0.00114913 0.0254799 0
 40 40 1.88868e-05

 166 0.00185615 0.0546286 0.00238982 0.115215 0 -0 0.00102391
 0.0153272 0.00051997 0.0157406 0.29445 3.65951 0.00116881 0.0376102 0
 32 32 1.17193e-05

 167 0.00435852 0.252704 0.0030891 0.174238 0 -0 0.00181818
 0.0456582 0.000516492 0.016112 0.264455 3.36059 0.00115056 0.0241243 0
 28 28 -7.51399e-06

 168 0.00225276 0.102017 0.00218592 0.0583623 0 -0 0.00191315
 0.0353266 0.000615839 0.032571 0.216561 4.35148 0.00114689 0.0363847 0
 32 32 -1.16794e-05

 169 0.00200907 0.0883877 0.00207319 0.0344146 0 -0 0.00121811
 0.0251696 0.000533645 0.0202695 0.190028 2.79184 0.00108936 0.0314066 0
 28 28 -1.75995e-05

 170 0.0017931 0.0690304 0.00218262 0.0767841 0 -0 0.000722693
 0.0217833 0.000523239 0.0110802 0.164562 2.69846 0.00102391 0.0286797 0
 20 20 -2.03263e-05

 171 0.00173776 0.0670916 0.00219484 0.0836359 0 -0 0.00072469
 0.0216579 0.000518847 0.0110703 0.161204 2.82983 0.000980539 0.021065 0
 24 24 -2.75598e-05

 172 0.00156246 0.0339951 0.0019787 0.0571088 0 -0 0.000821836
 0.0427391 0.000559307 0.0191 0.179531 3.37641 0.000946598 0.0313268 0
 30 30 -3.17698e-05

 173 0.00150357 0.0334248 0.00196245 0.0511291 0 -0 0.000763405
 0.0396351 0.000504848 0.0114402 0.184247 3.55953 0.000904593 0.0241625 0
 28 28 -4.11997e-05

 174 0.00146328 0.0334611 0.00195723 0.0357392 0 -0 0.000739086
 0.00636233 0.000474473 0.0113227 0.206128 3.80501 0.000842158 0.020684 0
 22 22 -4.7269e-05

 175 0.00142526 0.0351756 0.00189592 0.0277108 0 -0 0.000773908
 0.00636896 0.000453342 0.0117729 0.212318 3.74116 0.000803426 0.0170625 0
 12 12 -5.93124e-05

 176 0.00138676 0.0403381 0.00185561 0.0477093 0 -0 0.000858879
 0.0059911 0.000408404 0.0117608 0.219318 3.33765 0.000739546 0.0156439 0
 32 32 -6.55378e-05

 177 0.00133213 0.036796 0.00181763 0.0461154 0 -0 0.000871229
 0.00563499 0.000377026 0.0106186 0.213698 3.19057 0.000707942 0.0169063 0
 18 18 -7.84517e-05

 178 0.00124149 0.0233913 0.0017631 0.0304557 0 -0 0.000922236
 0.00472853 0.000332551 0.0083711 0.196779 2.76566 0.000665732 0.0163885 0
 26 26 -8.52314e-05

 179 0.00120672 0.0236745 0.00172539 0.0271996 0 -0 0.000953096
 0.00425489 0.00031412 0.00913673 0.180857 2.42572 0.000641908 0.0143404 0
 22 22 -9.8497e-05

 180 0.00117262 0.0269713 0.0017028 0.0367921 0 -0 0.00102584
 0.00386558 0.000310253 0.0101612 0.146579 1.97054 0.000611927 0.0121107 0
 20 20 -0.000104259

 181 0.00115198 0.0257267 0.00168317 0.0375049 0 -0 0.00103221
 0.00373484 0.000315125 0.00906244 0.126727 1.67639 0.000598217 0.0113991 0
 30 30 -0.00011554

 182 0.00110203 0.0201882 0.00160687 0.0256906 0 -0 0.0010479
 0.00469988 0.000344331 0.00742534 0.0997229 1.48274 0.000594192 0.00963745 0
 34 34 -0.000121245

 183 0.00105798 0.0161137 0.00159019 0.0201807 0 -0 0.00110172
 0.00538984 0.000349347 0.00735599 0.0951413 1.88747 0.000591044 0.00879924 0
 36 36 -0.000131625

 184 0.00100494 0.0169099 0.00154726 0.0245033 0 -0 0.00112703
 0.0058516 0.000359268 0.00634191 0.106874 2.49594 0.000600758 0.0118306 0
 26 26 -0.000136309

 185 0.000981832 0.0190889 0.00150551 0.023113 0 -0 0.00114462
 0.00612509 0.000353527 0.00553395 0.116348 2.63 0.000602349 0.0140378 0
 26 26 -0.000144934

 186 0.00111491 0.0441296 0.00147284 0.0313013 0 -0 0.00129775
 0.0101665 0.000344237 0.00636134 0.138971 2.80464 0.000620625 0.0224272 0
 22 22 -0.000148499

 187 0.00117485 0.0551063 0.00146479 0.039311 0 -0 0.00132923
 0.010128 0.000334923 0.00478194 0.148023 2.81018 0.000619828 0.0186995 0
 26 26 -0.000154093

 188 0.00099869 0.0356293 0.00136939 0.0224786 0 -0 0.00117412
 0.00856588 0.00034041 0.00658348 0.165329 2.83918 0.000634053 0.0103485 0
 32 32 -0.000154944

 189 0.00088979 0.0190286 0.00131247 0.0216159 0 -0 0.0012064
 0.0106661 0.000349116 0.0059195 0.171606 2.79277 0.000645794 0.00925979 0
 20 20 -0.000154309

 190 0.000826365 0.0217557 0.00124349 0.0278304 0 -0 0.00129944
 0.0135148 0.000368861 0.00625574 0.18254 2.72665 0.000673565 0.00931923 0
 30 30 -0.00015177

 191 0.000806317 0.0224965 0.00120991 0.0284682 0 -0 0.00130075
 0.0128685 0.000373239 0.00686019 0.185552 2.65952 0.000680764 0.00985206 0
 30 30 -0.000145229

 192 0.000784151 0.0227014 0.0011551 0.0261836 0 -0 0.00126743
 0.0105348 0.000379134 0.00781485 0.18892 2.55527 0.000692305 0.0106376 0
 22 22 -0.000140904

 193 0.000767403 0.0216461 0.00112261 0.023544 0 -0 0.00126418
 0.00905569 0.000371422 0.00714047 0.187375 2.47793 0.00068313 0.0106417 0
 26 26 -0.000131378

 194 0.000764045 0.0195683 0.0010743 0.0260502 0 -0 0.00119673
 0.00626632 0.000351334 0.00614505 0.181876 2.41332 0.000660369 0.0106211 0
 28 28 -0.000126041

 195 0.000735449 0.0198381 0.00104337 0.025061 0 -0 0.00115517
 0.00552285 0.000332999 0.00551659 0.176355 2.32018 0.000630454 0.0103827 0
 18 18 -0.00011488

 196 0.000667514 0.0153395 0.000994667 0.017489 0 -0 0.00107699
 0.00636387 0.00029599 0.00428303 0.164194 2.21817 0.000581132 0.0113124 0
 30 30 -0.000108738

 197 0.000670877 0.0154618 0.000982356 0.0201787 0 -0 0.00101606
 0.00684288 0.000276917 0.00363 0.156832 2.1344 0.00055269 0.00966878 0
 18 18 -9.61405e-05

 198 0.00079929 0.034962 0.00100559 0.0247544 0 -0 0.000938409
 0.00851517 0.000245097 0.00316422 0.143615 2.10521 0.000518346 0.0110853 0
 34 34 -8.95287e-05

 199 0.000953232 0.0516927 0.00103091 0.0222165 0 -0 0.000906
 0.0172 0.000229162 0.00417064 0.135863 2.62992 0.000525715 0.0168471 0
 22 22 -7.59726e-05

 200 0.00118984 0.0583488 0.00110893 0.0284705 0 -0 0.000791584
 0.020718 0.000219882 0.00615736 0.124132 2.8205 0.00064987 0.0246105 0
 30 30 -6.93079e-05

 201 0.00111514 0.0445346 0.00109759 0.0344586 0 -0 0.000686804
 0.0122696 0.000238392 0.00742231 0.123321 3.36363 0.00070422 0.0263502 0
 44 44 -5.54631e-05

 202 0.00107118 0.0436742 0.00107623 0.0493251 0 -0 0.00060635
 0.00591803 0.000283988 0.00894667 0.126823 4.04597 0.000808788 0.035251 0
 40 40 -4.94412e-05

 203 0.00117444 0.0473914 0.00119384 0.0693433 0 -0 0.000551242
 0.00660954 0.00032018 0.00942433 0.134623 4.35576 0.000869236 0.0402114 0
 26 26 -3.82853e-05

 204 0.00170751 0.0747108 0.0016576 0.106116 0 -0 0.000641572
 0.0122066 0.00045316 0.0114064 0.177185 4.86537 0.00104961 0.0354302 0
 26 26 -3.42685e-05

 205 0.00196369 0.085983 0.00200264 0.149514 0 -0 0.00073586
 0.0121966 0.000586033 0.0145594 0.225386 5.97298 0.0011837 0.0434382 0
 28 28 -2.72932e-05

 206 0.00143055 0.0743459 0.00133809 0.0441261 0 -0 0.00168037
 0.0437855 0.000935491 0.0222143 0.358587 8.46418 0.00146418 0.0545911 0
 20 20 -2.01537e-05

 207 0.00159544 0.0982234 0.00137982 0.0588431 0 -0 0.00129468
 0.0232235 0.000962371 0.0213532 0.381123 8.07741 0.00134164 0.0524458 0
 22 22 -2.90808e-06

 208 0.00120348 0.0541324 0.00119499 0.0479194 0 -0 0.000938473
 0.02803 0.00103525 0.0171452 0.45684 9.49533 0.00115874 0.0502012 0
 26 26 6.15669e-06

 209 0.00105885 0.0395036 0.00110264 0.0440714 0 -0 0.000772718
 0.0192875 0.00101034 0.0155278 0.496446 11.395 0.00107384 0.0397057 0
 26 26 2.25167e-05

 210 0.00101885 0.0301324 0.00106282 0.0325068 0 -0 0.00076826
 0.0157787 0.000955996 0.0145028 0.597888 15.2172 0.000983909 0.0302762 0
 24 24 2.85164e-05

 211 0.000990267 0.0292826 0.00105154 0.042256 0 -0 0.000639855
 0.0101305 0.000918338 0.0129334 0.6426 16.6813 0.000964004 0.0300088 0
 20 20 3.84946e-05

 212 0.00115256 0.0382612 0.00122814 0.0569558 0 -0 0.000875798
 0.0234457 0.000833201 0.0169916 0.719457 17.8088 0.00094189 0.0272519 0
 32 32 4.1776e-05

 213 0.0010677 0.0346316 0.0012444 0.0507873 0 -0 0.000714591
 0.010174 0.00079792 0.0137322 0.733551 18.0121 0.000971103 0.025713 0
 30 30 4.64054e-05

 214 0.00117291 0.0297398 0.00140863 0.0407673 0 -0 0.000651215
 0.0122061 0.000710537 0.00874092 0.723851 15.3765 0.000993292 0.0272865 0
 22 22 4.74403e-05

 215 0.00109148 0.0259453 0.00137151 0.0359945 0 -0 0.000778091
 0.0162686 0.000695399 0.00811054 0.693288 14.5074 0.00099996 0.0267767 0
 14 14 4.841e-05

 216 0.00125685 0.047751 0.00154216 0.0674637 0 -0 0.000786925
 0.0349645 0.000727201 0.00901528 0.623014 11.9348 0.00103341 0.0241888 0
 28 28 4.71259e-05

 217 0.00115993 0.0538104 0.00145554 0.0466612 0 -0 0.000697697
 0.020496 0.000696113 0.00950678 0.566878 10.7337 0.00102384 0.0231659 0
 38 38 4.48581e-05

 218 0.00146372 0.0845296 0.00156599 0.0607856 0 -0 0.000822484
 0.0281464 0.000632639 0.0120891 0.446474 8.97846 0.00094109 0.0199693 0
 24 24 4.23502e-05

 219 0.0012147 0.0549193 0.00146519 0.0381136 0 -0 0.000702107
 0.0124147 0.000594129 0.0134883 0.38435 7.40144 0.000889066 0.0209985 0
 28 28 3.78657e-05

 220 0.00095921 0.0248339 0.00135989 0.0296615 0 -0 0.000616561
 0.0117028 0.000528579 0.0132756 0.284243 5.10224 0.000812173 0.0213746 0
 36 36 3.65653e-05

 221 0.000913413 0.0310748 0.00130878 0.0312405 0 -0 0.000601819
 0.0118657 0.00049171 0.0107691 0.252519 5.21393 0.000772291 0.0209471 0
 24 24 3.36485e-05

 222 0.000982724 0.0346354 0.00126228 0.035717 0 -0 0.000857839
 0.0146387 0.000460861 0.0124057 0.234245 6.16881 0.000703133 0.0199925 0
 26 26 3.15563e-05

 223 0.0011024 0.0487765 0.0011633 0.0302344 0 -0 0.000836062
 0.0126462 0.000431612 0.00989181 0.240641 6.52622 0.000667262 0.0192779 0
 20 20 2.43163e-05

 224 0.0018592 0.0960457 0.00137122 0.0776551 0 -0 0.000888527
 0.018269 0.000394464 0.0110844 0.269674 7.01805 0.000603531 0.0171492 0
 28 28 1.83371e-05

 225 0.00120315 0.0874493 0.00133268 0.0625261 0 -0 0.000588641
 0.0170329 0.00038636 0.0128357 0.283005 7.08831 0.000586285 0.016115 0
 18 18 1.36434e-05

 226 0.00115022 0.0723925 0.00132689 0.0486878 0 -0 0.000934909
 0.0384029 0.000418053 0.0164277 0.30582 6.82552 0.000563774 0.0162306 0
 26 26 1.14145e-05

 227 0.00112303 0.0618549 0.00122328 0.0411279 0 -0 0.000662629
 0.0279772 0.000380296 0.0174038 0.299384 6.46028 0.000521754 0.0130379 0
 28 28 4.96367e-06

 228 0.00101684 0.0502262 0.00125738 0.046727 0 -0 0.000929131
 0.0229882 0.000367366 0.0158584 0.292592 5.73522 0.000522633 0.0134863 0
 24 24 3.20546e-07

 229 0.000931265 0.0435455 0.00118573 0.0502173 0 -0 0.00061873
 0.0180323 0.000345983 0.0152612 0.274221 5.23822 0.000487465 0.0126893 0
 30 30 -1.03491e-05

 230 0.000985693 0.0418647 0.00119124 0.0393437 0 -0 0.00102147
 0.0171227 0.000391637 0.0240663 0.251226 4.4307 0.000514696 0.0295874 0
 28 28 -1.6621e-05

 231 0.000895244 0.0301228 0.00115515 0.0411149 0 -0 0.00067807
 0.0179374 0.000349919 0.0188737 0.231268 4.05921 0.000486476 0.0249057 0
 34 34 -2.98169e-05

 232 0.00081866 0.03086 0.0011222 0.0244886 0 -0 0.000639959
 0.00993476 0.00027552 0.0101202 0.202004 3.3444 0.000472497 0.0129667 0
 26 26 -3.67818e-05

 233 0.00079076 0.0293557 0.00108549 0.0219549 0 -0 0.000583516
 0.0111432 0.000258386 0.00782385 0.18863 3.0347 0.000453463 0.0122106 0
 30 30 -5.04794e-05

 234 0.000752083 0.0258235 0.00107753 0.0216904 0 -0 0.000604497
 0.0144321 0.000257496 0.00912592 0.171897 2.59636 0.000438801 0.0121917 0
 28 28 -5.68568e-05

 235 0.000732076 0.0247866 0.00108051 0.021914 0 -0 0.000622444
 0.0143417 0.000264967 0.00999339 0.167248 2.58053 0.00043433 0.0125092 0
 44 44 -6.88905e-05

 236 0.00070302 0.0208199 0.00110898 0.0289133 0 -0 0.000735517
 0.0300064 0.000293958 0.0136118 0.163634 2.45881 0.000442625 0.0150426 0
 24 24 -7.41887e-05

 237 0.000725766 0.0327467 0.00116725 0.0529488 0 -0 0.000870336
 0.0327121 0.000299608 0.0123038 0.16301 2.35122 0.000445386 0.0178799 0
 28 28 -8.39893e-05

 238 0.00068964 0.0196627 0.00113005 0.0373289 0 -0 0.000814197
 0.00583642 0.000318386 0.00865695 0.163239 2.34785 0.000448688 0.0178769 0
 28 28 -8.69325e-05

 239 0.000681982 0.0199762 0.00107903 0.0296583 0 -0 0.000759354
 0.00302788 0.000309557 0.00750721 0.163998 2.42271 0.000448209 0.0173828 0
 24 24 -9.33854e-05

 240 0.00065942 0.0162582 0.00105838 0.0177676 0 -0 0.000776876
 0.00259292 0.000315144 0.00580844 0.166454 2.61405 0.000450971 0.0175995 0
 16 16 -9.55807e-05

 241 0.00064383 0.0122606 0.001038 0.0138115 0 -0 0.000773462
 0.00259717 0.000314749 0.00472852 0.168355 2.706 0.000443986 0.0151657 0
 28 28 -9.91083e-05

 242 0.000640733 0.0111272 0.000993947 0.014455 0 -0 0.000772317
 0.00280334 0.000313853 0.00368842 0.172137 2.85479 0.000428597 0.013894 0
 38 38 -9.98929e-05

 243 0.00063746 0.013704 0.000964414 0.0148727 0 -0 0.000763675
 0.00297876 0.000308861 0.0036971 0.173212 2.82324 0.000409745 0.012664 0
 22 22 -0.000100657

 244 0.000649685 0.0186404 0.00092431 0.0139714 0 -0 0.000768991
 0.00489262 0.000295789 0.00434727 0.174317 2.7187 0.000376787 0.0103764 0
 36 36 -0.000100259

 245 0.000650489 0.0202977 0.00091991 0.0122995 0 -0 0.000752368
 0.00347748 0.000288802 0.00454749 0.173452 2.73416 0.000360605 0.00908588 0
 34 34 -9.8599e-05

 246 0.000666865 0.0264819 0.000951635 0.0207783 0 -0 0.000712777
 0.00286313 0.000279296 0.00519874 0.17125 2.75595 0.000336893 0.00914743 0
 22 22 -9.71096e-05

 247 0.000631024 0.021024 0.000941382 0.0148277 0 -0 0.000719658
 0.00216921 0.000273123 0.00404442 0.168524 2.7679 0.000311047 0.00774193 0
 24 24 -9.30091e-05

 248 0.000664757 0.0173897 0.00106357 0.0241167 0 -0 0.000703696
 0.00227476 0.00026416 0.00284027 0.163764 2.77551 0.000308508 0.0157649 0
 16 16 -9.03077e-05

 249 0.000729004 0.031063 0.00116944 0.0303009 0 -0 0.000693809
 0.00252541 0.000252689 0.00283182 0.160181 2.72038 0.000314653 0.00841799 0
 34 34 -8.39867e-05

 250 0.000679842 0.0248771 0.000962857 0.03955 0 -0 0.000634252
 0.00891238 0.00022241 0.00344878 0.154454 2.5617 0.000441108 0.0140335 0
 24 24 -7.98767e-05

 251 0.000677907 0.0240109 0.000881446 0.0265061 0 -0 0.000652386
 0.0105659 0.000212392 0.0061244 0.151867 2.37895 0.000381222 0.011277 0
 34 34 -7.15573e-05

 252 0.00080562 0.0329014 0.0010495 0.0659533 0 -0 0.000722169
 0.00949939 0.000218084 0.0110813 0.138003 2.36802 0.000328783 0.0160896 0
 30 30 -6.77519e-05

 253 0.000699202 0.0289051 0.000911871 0.0591413 0 -0 0.000574967
 0.0113054 0.000220933 0.0118628 0.123928 2.18897 0.000319114 0.0140983 0
 28 28 -6.05552e-05

 254 0.000677648 0.0225774 0.000715719 0.020899 0 -0 0.000481678
 0.0189554 0.000220434 0.00834238 0.102862 1.70756 0.000332683 0.0152535 0
 28 28 -5.6761e-05

 255 0.000662611 0.0222906 0.000785642 0.0286839 0 -0 0.000452168
 0.010291 0.000202041 0.005937 0.0967 2.21501 0.000355631 0.012704 0
 38 38 -4.80452e-05

 256 0.000627369 0.0263035 0.000881072 0.0202012 0 -0 0.00047511
 0.00574365 0.000195342 0.00675575 0.0884813 1.41821 0.000422118 0.0133985 0
 24 24 -4.39703e-05

 257 0.000649275 0.0279156 0.000987015 0.0382959 0 -0 0.000488737
 0.00573971 0.00020261 0.00661637 0.0884549 1.48068 0.000432579 0.0106869 0
 40 40 -3.4891e-05

 258 0.000555969 0.0181684 0.000901868 0.0308756 0 -0 0.000387373
 0.00573027 0.000222474 0.00893261 0.0950108 2.11267 0.000492022 0.0226493 0
 38 38 -3.10871e-05

 259 0.000528095 0.0148868 0.00086276 0.0288129 0 -0 0.000341667
 0.00413759 0.000223346 0.0069181 0.0965519 1.61322 0.000464776 0.0182739 0
 34 34 -2.36479e-05

 260 0.000476191 0.0118762 0.000829573 0.0262024 0 -0 0.000311054
 0.00363306 0.000227826 0.00661077 0.100834 1.53589 0.000432066 0.0135405 0
 28 28 -2.02485e-05

 261 0.000456858 0.0103611 0.000779552 0.0223303 0 -0 0.000297062
 0.00343355 0.000226243 0.00661016 0.101365 1.49329 0.00040751 0.0129947 0
 32 32 -1.35467e-05

 262 0.000439353 0.0114839 0.000684345 0.0203633 0 -0 0.000303302
 0.00345337 0.000217784 0.00477949 0.102718 1.44985 0.000365544 0.0104591 0
 32 32 -1.02264e-05

 263 0.000420964 0.0117377 0.000650486 0.0200961 0 -0 0.000289562
 0.00399877 0.000205462 0.00396184 0.101798 1.5021 0.000333069 0.00842634 0
 38 38 -3.86965e-06

 264 0.000428008 0.0109152 0.000647798 0.0186769 0 -0 0.000293184
 0.00622625 0.000187606 0.00402603 0.0993693 1.59083 0.000289151 0.00937716 0
 30 30 -1.06526e-06

 265 0.000411814 0.0123832 0.000626885 0.0205451 0 -0 0.000292762
 0.00634572 0.000180178 0.00415246 0.0964257 1.52085 0.000264626 0.0090832 0
 24 24 4.22367e-06

 266 0.000434034 0.0157726 0.000589135 0.0160543 0 -0 0.000272793
 0.00539512 0.000168929 0.0038991 0.0874369 1.33945 0.000233364 0.00947982 0
 18 18 6.44426e-06

 267 0.000453887 0.0186468 0.000570894 0.0176529 0 -0 0.000256249
 0.00547539 0.000163457 0.00367179 0.0810682 1.24327 0.000220786 0.0106833 0
 14 14 1.03419e-05

 268 0.000559276 0.0279129 0.000613808 0.0216689 0 -0 0.000253852
 0.00563718 0.000155571 0.00376858 0.0672324 0.977661 0.000209004 0.00946238 0
 32 32 1.16414e-05

 269 0.000507584 0.0238865 0.00059814 0.0241701 0 -0 0.000253232
 0.00364388 0.000153749 0.00402288 0.0603218 0.842707 0.000207834 0.00666996 0
 30 30 1.3992e-05

 270 0.000407779 0.0166956 0.000547965 0.022066 0 -0 0.000304973
 0.00333074 0.000158427 0.00430521 0.0510657 0.757998 0.000217096 0.0077213 0
 14 14 1.5017e-05

 271 0.000365428 0.0138673 0.000530452 0.0189462 0 -0 0.000298772
 0.00307481 0.000156982 0.00350751 0.0490812 0.604109 0.000220051 0.00745025 0
 30 30 1.69999e-05

 272 0.000360689 0.0141329 0.000566037 0.0219782 0 -0 0.00028764
 0.00305968 0.0001552 0.00299039 0.0510273 0.84538 0.000235509 0.00758855 0
 30 30 1.77104e-05

 273 0.000355209 0.0135909 0.000543787 0.0159964 0 -0 0.000281943
 0.00271907 0.000152665 0.00304222 0.0530956 0.925899 0.000251282 0.00885402 0
 32 32 1.87123e-05

 274 0.000387734 0.0166481 0.000582559 0.0252999 0 -0 0.000250661
 0.00358269 0.000155203 0.00321831 0.0594481 1.22097 0.000278227 0.0106368 0
 16 16 1.90115e-05

 275 0.000337194 0.0133158 0.000522837 0.0214217 0 -0 0.000311266
 0.00385064 0.000150916 0.00356679 0.0615573 1.02857 0.000258389 0.00796993 0
 22 22 1.81473e-05

 276 0.000442854 0.0224146 0.000597538 0.0273062 0 -0 0.00041282
 0.00825725 0.000158947 0.00421453 0.0664911 1.06773 0.000263744 0.0117047 0
 24 24 1.71735e-05

 277 0.000440415 0.023015 0.000579803 0.0268587 0 -0 0.000394854
 0.00449751 0.000162959 0.00551452 0.0683168 1.07842 0.000268756 0.0117094 0
 26 26 1.38956e-05

 278 0.000453943 0.0218263 0.000602925 0.0237233 0 -0 0.000309456
 0.00400289 0.000171633 0.00790244 0.0707421 1.36587 0.000274221 0.00977518 0
 20 20 1.14732e-05

 279 0.000434197 0.0192059 0.000590961 0.0191238 0 -0 0.00028685
 0.00399071 0.000171114 0.007815 0.0709562 1.26943 0.00026945 0.00891561 0
 24 24 6.2707e-06

 280 0.000388319 0.0130139 0.000557282 0.0176728 0 -0 0.000258637
 0.00335506 0.000161677 0.00591939 0.0699951 1.13921 0.000261985 0.00856756 0
 34 34 3.49689e-06

 281 0.00036711 0.0112929 0.000539559 0.015501 0 -0 0.000249615
 0.00301311 0.000148098 0.00475411 0.0678058 1.11898 0.000250057 0.00867395 0
 28 28 -2.00869e-06

 282 0.00034691 0.00929709 0.000526305 0.0120758 0 -0 0.000231223
 0.00266447 0.000125811 0.00287998 0.063188 1.05336 0.000228943 0.00988683 0
 36 36 -4.643e-06

 283 0.000339448 0.00870919 0.000518559 0.0120851 0 -0 0.00022724
 0.00240204 0.000117127 0.00230209 0.0601191 0.990892 0.000213161 0.00898562 0
 18 18 -9.76033e-06

 284 0.000334793 0.00821743 0.000511315 0.0106055 0 -0 0.000222888
 0.00178541 0.000110611 0.00242648 0.0545946 0.908087 0.00018939 0.0066219 0
 20 20 -1.21281e-05

 285 0.000332353 0.00776434 0.000508381 0.00992184 0 -0 0.000218715
 0.00174326 0.000109714 0.00225395 0.0514347 0.849629 0.000179458 0.00534085 0
 26 26 -1.6674e-05

 286 0.000333968 0.00944017 0.000522462 0.0126496 0 -0 0.000225081
 0.00319325 0.000114625 0.0029952 0.0460145 0.809813 0.000170868 0.00448891 0
 32 32 -1.87317e-05

 287 0.000336103 0.010994 0.000534161 0.0160487 0 -0 0.000225657
 0.00430345 0.000117044 0.00396476 0.0435521 0.991481 0.000167805 0.00507072 0
 28 28 -2.26216e-05

 288 0.000357434 0.0133921 0.00056227 0.023415 0 -0 0.000219429
 0.00657727 0.000124513 0.00512199 0.0397047 1.20019 0.000168833 0.00830926 0
 20 20 -2.43322e-05

 289 0.000371034 0.0134785 0.00056479 0.0240104 0 -0 0.000212269
 0.00719344 0.000125926 0.0052129 0.0379831 1.19555 0.000168501 0.00902219 0
 30 30 -2.74975e-05

 290 0.000455507 0.0194365 0.00056887 0.0207388 0 -0 0.000249369
 0.00716797 0.000129019 0.0048986 0.0353637 1.0773 0.000174698 0.00901866 0
 32 32 -2.88206e-05

 291 0.000590344 0.0324409 0.000601393 0.0208289 0 -0 0.000320613
 0.00975054 0.000126656 0.00476583 0.0340027 1.02364 0.00018158 0.0103548 0
 26 26 -3.12215e-05

 292 0.000879168 0.0587423 0.00072466 0.0420437 0 -0 0.000409503
 0.0164375 0.000119699 0.00606048 0.0314236 0.934416 0.000205341 0.0112597 0
 18 18 -3.25722e-05

 293 0.000664213 0.037719 0.000592233 0.0317004 0 -0 0.000281913
 0.00723904 0.000118468 0.0057015 0.0305023 0.744761 0.000192881 0.0120473 0
 32 32 -3.44019e-05

 294 0.000449414 0.0208733 0.000509081 0.0237431 0 -0 0.000204198
 0.00758112 0.000114501 0.0044115 0.0268522 0.576315 0.000180736 0.00901791 0
 28 28 -3.45507e-05

 295 0.00040986 0.0192845 0.000482209 0.0219546 0 -0 0.000221244
 0.00900935 0.000107302 0.00374499 0.0238344 0.568132 0.000173827 0.00732198 0
 22 22 -3.41839e-05

 296 0.000377227 0.0160402 0.000458384 0.0172842 0 -0 0.000253343
 0.00975658 0.000105015 0.00305015 0.0227676 0.67201 0.000178152 0.00774582 0
 32 32 -3.34918e-05

 297 0.000364534 0.0146132 0.000465267 0.0166733 0 -0 0.000245736
 0.00870016 0.000104129 0.00302524 0.0238607 0.632829 0.000186755 0.00761106 0
 20 20 -3.20931e-05

 298 0.000334856 0.0113738 0.000487107 0.011955 0 -0 0.000217355
 0.00583514 0.000109768 0.00347381 0.0289852 0.457093 0.000217134 0.00698581 0
 24 24 -3.1452e-05

 299 0.00030633 0.00828502 0.00046895 0.010892 0 -0 0.000209112
 0.00343334 0.000112138 0.00308611 0.031603 0.465011 0.000224285 0.00638215 0
 24 24 -3.0182e-05

 300 0.000287769 0.0083586 0.000446148 0.00807409 0 -0 0.000258475
 0.00452012 0.000117898 0.00244901 0.035934 0.564297 0.000238063 0.0057418 0
 14 14 -2.93812e-05

 301 0.000287649 0.00947874 0.000433472 0.00722051 0 -0 0.000243323
 0.00546752 0.000118955 0.00236846 0.0365816 0.600327 0.000238291 0.00527066 0
 22 22 -2.78095e-05

 302 0.000275157 0.00720873 0.000423932 0.00812867 0 -0 0.00019797
 0.00451581 0.000123043 0.00219543 0.0387303 0.647716 0.000239901 0.00540556 0
 24 24 -2.7346e-05

 303 0.000272372 0.00788219 0.000424866 0.00835902 0 -0 0.000193245
 0.00534555 0.000124519 0.00251979 0.0405384 0.655275 0.00023712 0.0055103 0
 20 20 -2.67641e-05

 304 0.000284275 0.0100323 0.000445219 0.0122387 0 -0 0.000174052
 0.00645308 0.000129325 0.00290705 0.0466459 0.823927 0.000233494 0.00559614 0
 26 26 -2.68233e-05

 305 0.000285221 0.0109568 0.000451641 0.0138008 0 -0 0.000170927
 0.00567542 0.000130226 0.00287158 0.0506589 0.940048 0.000229533 0.00503718 0
 30 30 -2.71794e-05

 306 0.000294377 0.0120517 0.000469079 0.0181586 0 -0 0.000170039
 0.00372769 0.000133501 0.00258682 0.0595125 1.12174 0.000225004 0.00388971 0
 26 26 -2.75111e-05

 307 0.00029117 0.0115223 0.000468911 0.0196251 0 -0 0.00017234
 0.00285725 0.000133714 0.00235818 0.0634591 1.17835 0.000221501 0.00470969 0
 34 34 -2.82079e-05

 308 0.000284999 0.0102167 0.000466097 0.0209801 0 -0 0.000189207
 0.00204321 0.000136668 0.00272229 0.0705462 1.21315 0.000216954 0.00576235 0
 14 14 -2.85453e-05

 309 0.000278036 0.0109863 0.000457861 0.0195281 0 -0 0.000216248
 0.00356852 0.000136665 0.00273341 0.0723596 1.24852 0.000214258 0.00585735 0
 24 24 -2.88613e-05

 310 0.000285764 0.0156453 0.000435849 0.0121644 0 -0 0.000249644
 0.00720762 0.000139839 0.00264556 0.0744789 1.30449 0.000214303 0.00545829 0
 24 24 -2.86383e-05

 311 0.000304433 0.0189657 0.00047454 0.0217233 0 -0 0.000286285
 0.0099846 0.000138955 0.0026871 0.073636 1.30432 0.000213986 0.00561553 0
 20 20 -2.83842e-05

 312 0.0004001 0.0269917 0.000528369 0.0363711 0 -0 0.000293984
 0.0136085 0.000141328 0.00453233 0.0712356 1.26415 0.00021991 0.00932123 0
 30 30 -2.80757e-05

 313 0.000443625 0.0289861 0.000554523 0.0389981 0 -0 0.000317664
 0.0158477 0.000141362 0.00554944 0.0686001 1.21775 0.000220884 0.0112269 0
 20 20 -2.71092e-05

 314 0.000400292 0.0243884 0.000550958 0.0355432 0 -0 0.000225229
 0.0128549 0.000153476 0.00672791 0.0637195 1.24541 0.000225537 0.0109562 0
 18 18 -2.63508e-05

 315 0.000454596 0.0233706 0.000433719 0.015758 0 -0 0.000326538
 0.00838513 0.00015732 0.00861288 0.0610457 1.35658 0.000220744 0.0111997 0
 20 20 -2.43216e-05

 316 0.000651296 0.0360452 0.000497096 0.0296715 0 -0 0.000409792
 0.0081826 0.000133595 0.0075161 0.0544894 1.29839 0.00021097 0.0144855 0
 40 40 -2.40444e-05

 317 0.00080348 0.0481866 0.000567647 0.0396137 0 -0 0.000420046
 0.0078154 0.000125647 0.00820695 0.0512908 1.39458 0.000205671 0.0153257 0
 26 26 -2.42212e-05

 318 0.00134917 0.0954205 0.000934157 0.0883324 0 -0 0.000299615
 0.0121843 0.0001385 0.0107705 0.0479394 1.81366 0.000205211 0.0166145 0
 32 32 -2.45164e-05

 319 0.000522365 0.0206498 0.000596708 0.0412319 0 -0 0.000774707
 0.0235852 0.000162788 0.0122132 0.0467503 1.89507 0.00020857 0.0150246 0
 20 20 -1.966e-05

 320 0.000389687 0.0162809 0.000486575 0.0255801 0 -0 0.000233496
 0.00252175 0.00012751 0.00500176 0.0402892 0.965047 0.000175304 0.00804237 0
 26 26 -1.78801e-05

 321 0.000349051 0.0182579 0.000434569 0.0242368 0 -0 0.000289895
 0.00618255 0.00013031 0.00396999 0.038448 0.897087 0.000172725 0.0089015 0
 30 30 -1.60026e-05

 322 0.000431653 0.021428 0.000494764 0.0313001 0 -0 0.000590403
 0.0159089 0.000134915 0.00420213 0.0377792 0.718816 0.000173959 0.00865136 0
 22 22 -1.6762e-05

 323 0.000302722 0.0117867 0.00040474 0.024224 0 -0 0.000178448
 0.0032775 0.00013516 0.00426908 0.0384501 0.753566 0.000173171 0.00706788 0
 24 24 -1.71159e-05

 324 0.000276492 0.00831751 0.000392644 0.0202 0 -0 0.000200361
 0.00528975 0.000140575 0.00385101 0.0456321 1.01287 0.000177316 0.00475517 0
 28 28 -1.67065e-05

 325 0.000269388 0.00888188 0.000393329 0.0204629 0 -0 0.000161278
 0.00348579 0.000139633 0.00358829 0.0495136 1.07354 0.00017976 0.00456559 0
 36 36 -1.57624e-05

 326 0.000257278 0.00947829 0.000392066 0.020412 0 -0 0.000140864
 0.00179346 0.000137305 0.00295047 0.057422 1.20082 0.000183038 0.00413225 0
 32 32 -1.53884e-05

 327 0.000281124 0.0135342 0.00040718 0.0204036 0 -0 0.000138988
 0.00206805 0.00013417 0.00266124 0.0597435 1.22405 0.000180888 0.0041971 0
 20 20 -1.44021e-05

 328 0.000325863 0.0210987 0.000430316 0.0318141 0 -0 0.000194272
 0.00529398 0.00012937 0.00321963 0.0637717 1.22466 0.000178406 0.00614092 0
 14 14 -1.42254e-05

 329 0.000362045 0.0237621 0.00041485 0.0317969 0 -0 0.000130388
 0.00199425 0.000125709 0.00425257 0.06376 1.20609 0.000171771 0.00741383 0
 36 36 -1.40468e-05

 330 0.000524744 0.0345609 0.000473168 0.0380702 0 -0 0.000223968
 0.00615739 0.000124638 0.0061374 0.0636816 1.13758 0.000171425 0.00943405 0
 22 22 -1.3694e-05

 331 0.000579006 0.0324079 0.000497086 0.0336915 0 -0 0.000247253
 0.00786671 0.00012981 0.00734594 0.0625791 1.1186 0.000172911 0.0102427 0
 24 24 -1.26389e-05

 332 0.000713463 0.0510349 0.000671323 0.0457289 0 -0 0.000456254
 0.0137708 0.000145804 0.00784626 0.0605325 1.17995 0.000179043 0.0146873 0
 22 22 -1.25415e-05

 333 0.000475331 0.0270166 0.000520688 0.0391061 0 -0 0.000265335
 0.00518729 0.000122546 0.00306261 0.0572102 1.01353 0.000172853 0.0114422 0
 38 38 -1.19787e-05

 334 0.000298646 0.0109668 0.000418902 0.0226588 0 -0 0.000168051
 0.00430765 0.000135839 0.00440582 0.055541 0.988649 0.000185812 0.00912704 0
 26 26 -1.1843e-05

 335 0.000253618 0.00720994 0.000368296 0.015029 0 -0 0.000149822
 0.00359022 0.000141585 0.00425241 0.0558164 0.981009 0.000187219 0.00759798 0
 36 36 -1.22124e-05

 336 0.000233325 0.00673441 0.000342641 0.00712022 0 -0 0.000131461
 0.00200683 0.000152773 0.00365374 0.0598717 0.928036 0.000191631 0.00447629 0
 32 32 -1.29175e-05

 337 0.000226342 0.00631944 0.000337598 0.005773 0 -0 0.00012317
 0.00146298 0.000153525 0.00339304 0.0623662 1.01129 0.000190024 0.00387305 0
 22 22 -1.45119e-05

 338 0.000228488 0.00658602 0.0003341 0.00537954 0 -0 0.000112444
 0.0012886 0.000152071 0.00313657 0.0683917 1.22781 0.000187213 0.00354267 0
 26 26 -1.5408e-05

 339 0.000230041 0.0065818 0.000326946 0.00574591 0 -0 0.000106852
 0.00138859 0.000145714 0.0028623 0.0703 1.30925 0.000182807 0.00368542 0
 26 26 -1.70976e-05

 340 0.000241931 0.007097 0.0003163 0.00689864 0 -0 9.95085e-05
 0.00157321 0.000130545 0.00227915 0.0734397 1.40818 0.000175863 0.00401559 0
 18 18 -1.78227e-05

 341 0.000245371 0.00763085 0.000307309 0.00718172 0 -0 9.74543e-05
 0.00169784 0.000119988 0.0021737 0.0731234 1.40171 0.00017051 0.00399638 0
 22 22 -1.90596e-05

 342 0.000255772 0.00896033 0.000295035 0.00749325 0 -0 9.4197e-05
 0.00162107 0.000100007 0.00198163 0.0709478 1.32689 0.000163384 0.00457383 0
 26 26 -1.94704e-05

 343 0.00025697 0.00929696 0.000286192 0.00772621 0 -0 9.14097e-05
 0.0014739 9.04153e-05 0.00192667 0.0678894 1.24491 0.000167311 0.0070566 0
 26 26 -2.00443e-05

 344 0.000254487 0.0092378 0.000272449 0.00801281 0 -0 8.83857e-05
 0.00123229 7.42465e-05 0.00181015 0.0606159 1.11433 0.000152985 0.00580068 0
 32 32 -2.0145e-05

 345 0.000246673 0.00871735 0.000262947 0.00796582 0 -0 8.66263e-05
 0.000959585 6.77192e-05 0.00171322 0.055634 1.0325 0.000146209 0.0057944 0
 34 34 -2.01776e-05

 346 0.000228718 0.00703025 0.000248904 0.00777958 0 -0 8.58915e-05
 0.000931649 6.06434e-05 0.00145341 0.0458675 0.844535 0.000138339 0.00556813 0
 22 22 -2.00774e-05

 347 0.000211894 0.00618577 0.000239209 0.00747583 0 -0 8.44042e-05
 0.0010827 5.86164e-05 0.00120503 0.0407849 0.835711 0.000134221 0.00533139 0
 14 14 -1.97897e-05

 348 0.000183589 0.00487211 0.000228123 0.00656546 0 -0 8.32785e-05
 0.00132303 5.9038e-05 0.00141263 0.032432 0.798633 0.000129354 0.00482544 0
 32 32 -1.95882e-05

 349 0.000175042 0.0041779 0.00022579 0.00575971 0 -0 8.3651e-05
 0.00143495 5.98156e-05 0.00152683 0.0290299 0.749939 0.000126016 0.00444782 0
 20 20 -1.91465e-05

 350 0.000195954 0.00964991 0.000237106 0.00949815 0 -0 9.09823e-05
 0.00174413 6.5381e-05 0.00170789 0.0254965 0.691424 0.000122013 0.00368935 0
 30 30 -1.89077e-05

 351 0.000219117 0.0121608 0.000244114 0.0115658 0 -0 9.27716e-05
 0.00186005 6.90897e-05 0.0021861 0.0248679 0.645378 0.000119573 0.00328813 0
 36 36 -1.84228e-05

 352 0.000273556 0.0151869 0.000260948 0.013602 0 -0 0.000102711
 0.0024493 7.90578e-05 0.0037028 0.0263802 0.606307 0.000118126 0.0041496 0
 40 40 -1.82226e-05

 353 0.000289112 0.0144249 0.000261077 0.0120665 0 -0 0.000113841
 0.00268978 8.24428e-05 0.00419941 0.0274415 0.6728 0.000116591 0.00476057 0
 28 28 -1.78971e-05

 354 0.000301489 0.0153688 0.000267757 0.0135124 0 -0 0.000170765
 0.00422681 8.62527e-05 0.00452229 0.0304389 0.707455 0.000114642 0.00540045 0
 32 32 -1.785e-05

 355 0.000297349 0.0159636 0.000277881 0.0155399 0 -0 0.000188401
 0.00430325 8.03615e-05 0.00367289 0.0313257 0.573713 0.000111284 0.00477735 0
 28 28 -1.79056e-05

 356 0.000282875 0.0153629 0.000296223 0.0162766 0 -0 0.000175277
 0.00344953 6.89081e-05 0.00168852 0.0332685 0.527884 0.000107393 0.0036885 0
 24 24 -1.80946e-05

 357 0.00024753 0.0115741 0.000271114 0.0153406 0 -0 0.000138188
 0.0017826 6.55095e-05 0.00132959 0.0337978 0.527098 0.000104436 0.00390621 0
 18 18 -1.84259e-05

 358 0.000207321 0.00743646 0.000246046 0.0120224 0 -0 9.52034e-05
 0.00115338 6.77343e-05 0.00184558 0.0349415 0.520206 0.000101667 0.00391773 0
 24 24 -1.85718e-05

 359 0.000195049 0.00766012 0.000236515 0.00963575 0 -0 8.78468e-05
 0.00119267 6.88012e-05 0.00184707 0.0349044 0.512675 9.95539e-05 0.00355515 0
 36 36 -1.89138e-05

 360 0.000178631 0.00637058 0.000227519 0.00524728 0 -0 8.22459e-05
 0.00111031 7.23122e-05 0.00164601 0.0346286 0.500365 9.87937e-05 0.00267791 0
 22 22 -1.91586e-05

 361 0.00017177 0.00548751 0.000223202 0.00474623 0 -0 8.04179e-05
 0.000948525 7.30538e-05 0.00172027 0.0342785 0.497972 9.87432e-05 0.00215679 0
 36 36 -1.97011e-05

 362 0.000162981 0.00392614 0.000218894 0.00489152 0 -0 7.86439e-05
 0.000686206 7.49997e-05 0.00171712 0.0338436 0.500424 0.000101346 0.00226552 0
 30 30 -1.99822e-05

 363 0.000158557 0.00365381 0.000214854 0.00477358 0 -0 7.80587e-05
 0.000592496 7.53219e-05 0.00161294 0.0338266 0.508535 0.000102257 0.0022568 0
 30 30 -2.0474e-05

 364 0.000154391 0.00321543 0.000209176 0.00435398 0 -0 7.81051e-05
 0.000584018 7.63391e-05 0.00134696 0.0342266 0.532618 0.0001053 0.00242533 0
 34 34 -2.06099e-05

 365 0.000151782 0.00340154 0.000204118 0.00398908 0 -0 7.78675e-05
 0.000612915 7.63144e-05 0.00118443 0.0346542 0.551211 0.000105846 0.00250217 0
 32 32 -2.07255e-05

 366 0.000150045 0.00371989 0.000196338 0.00317704 0 -0 7.77675e-05
 0.000606803 7.651e-05 0.0010172 0.0357317 0.593843 0.000107639 0.00278258 0
 28 28 -2.06041e-05

 367 0.000147287 0.00382485 0.000190069 0.00292416 0 -0 7.72838e-05
 0.000545951 7.59298e-05 0.00102149 0.0363074 0.618032 0.000107373 0.00293195 0
 28 28 -2.01705e-05

 368 0.000143947 0.00396368 0.000179941 0.00296548 0 -0 7.49525e-05
 0.000578725 7.48586e-05 0.00101089 0.0374773 0.666411 0.000107074 0.00311941 0
 24 24 -1.97762e-05

 369 0.000138936 0.00397748 0.000172566 0.00291148 0 -0 7.39364e-05
 0.000618561 7.36373e-05 0.000984228 0.037912 0.687355 0.000105149 0.00331803 0
 34 34 -1.88182e-05

 370 0.000130884 0.00395038 0.000161311 0.00272267 0 -0 7.5613e-05
 0.000655976 7.09509e-05 0.000918807 0.0387304 0.723073 0.000104876 0.00311564 0
 24 24 -1.81628e-05

 371 0.000125925 0.00389058 0.000154232 0.00269204 0 -0 7.55457e-05
 0.00063103 6.86898e-05 0.000868594 0.0388377 0.731358 0.000102459 0.00297077 0
 30 30 -1.67358e-05

 372 0.000120512 0.00373255 0.000146239 0.00319385 0 -0 7.99946e-05
 0.000790948 6.39458e-05 0.000759205 0.0387696 0.736425 9.95064e-05 0.00295552 0
 16 16 -1.59269e-05

 373 0.000117936 0.00362406 0.000144026 0.00361191 0 -0 8.52533e-05
 0.000977237 6.09884e-05 0.0006924 0.0382043 0.723859 9.72116e-05 0.00298519 0
 28 28 -1.42622e-05

 374 0.000119921 0.00340861 0.000145987 0.00490362 0 -0 9.56267e-05
 0.00138489 5.47031e-05 0.000587114 0.0367618 0.685389 9.46813e-05 0.00302654 0
 32 32 -1.34199e-05

 375 0.000121257 0.00346331 0.000148209 0.00555042 0 -0 0.000100197
 0.00147881 5.0932e-05 0.000616243 0.0354641 0.650432 9.21394e-05 0.00289601 0
 30 30 -1.17467e-05

 376 0.000127692 0.00447403 0.000160822 0.00723549 0 -0 0.000107412
 0.00152006 4.39263e-05 0.000659235 0.0324758 0.584383 8.86231e-05 0.00261457 0
 30 30 -1.09555e-05

 377 0.000127713 0.00455198 0.000163212 0.00713532 0 -0 0.000104517
 0.00140548 4.03852e-05 0.000657114 0.0304457 0.551338 8.6291e-05 0.00245606 0
 40 40 -9.41007e-06

 378 0.000126177 0.00428967 0.000167774 0.00635799 0 -0 9.89235e-05
 0.00110165 3.54623e-05 0.000688453 0.0262543 0.474146 8.34532e-05 0.00210481 0
 38 38 -8.69556e-06

 379 0.000123742 0.00384256 0.000165995 0.00549778 0 -0 9.39246e-05
 0.000905322 3.35956e-05 0.000689015 0.0238416 0.42578 8.0937e-05 0.00190052 0
 34 34 -7.36749e-06

 380 0.000120761 0.00341346 0.000165975 0.00541518 0 -0 8.64589e-05
 0.000819583 3.23767e-05 0.000646127 0.0192328 0.321342 7.68877e-05 0.00148425 0
 26 26 -6.81658e-06

 381 0.000118869 0.00342593 0.000163949 0.00515823 0 -0 8.48854e-05
 0.000797768 3.23301e-05 0.000600569 0.0169469 0.263069 7.40886e-05 0.00144755 0
 36 36 -5.85793e-06

 382 0.000116905 0.0033939 0.000161284 0.00463131 0 -0 8.30777e-05
 0.000741992 3.3905e-05 0.000622509 0.0132292 0.225398 6.98106e-05 0.00150633 0
 28 28 -5.51335e-06

 383 0.000114156 0.00329575 0.000158175 0.00426319 0 -0 8.19959e-05
 0.000703199 3.45589e-05 0.000638219 0.0118647 0.217889 6.71426e-05 0.00149054 0
 30 30 -4.95647e-06

 384 0.000109132 0.00305017 0.000152458 0.00337478 0 -0 8.02142e-05
 0.000613471 3.63206e-05 0.000666558 0.0108627 0.203619 6.37937e-05 0.00141867 0
 14 14 -4.79331e-06

 385 0.000105928 0.00320457 0.000147725 0.00278239 0 -0 7.80216e-05
 0.000556897 3.66005e-05 0.000676964 0.0110086 0.207673 6.18518e-05 0.00135485 0
 20 20 -4.56137e-06

 386 0.000100562 0.00347094 0.000139455 0.00265201 0 -0 7.52648e-05
 0.00058557 3.68442e-05 0.000692081 0.0122505 0.274509 5.98798e-05 0.00130914 0
 30 30 -4.52183e-06

 387 9.78674e-05 0.00363622 0.000134423 0.00256758 0 -0 7.3464e-05
 0.000629242 3.63066e-05 0.00069069 0.0127912 0.292409 5.88234e-05 0.00133434 0
 26 26 -4.50201e-06

 388 9.48576e-05 0.00400584 0.000126637 0.00242813 0 -0 7.03571e-05
 0.000778474 3.55987e-05 0.000819455 0.0139206 0.312234 5.86638e-05 0.00146579 0
 16 16 -4.54442e-06

 389 9.3455e-05 0.00421035 0.000122335 0.00254838 0 -0 6.8252e-05
 0.000833062 3.49985e-05 0.000902441 0.0141376 0.306619 5.85609e-05 0.00149834 0
 38 38 -4.66735e-06

 390 9.22789e-05 0.00462086 0.000116104 0.00276675 0 -0 6.67005e-05
 0.000978938 3.46996e-05 0.00106761 0.0145181 0.280872 6.01218e-05 0.00157206 0
 26 26 -4.76036e-06

 391 9.19281e-05 0.00486997 0.000112836 0.00282219 0 -0 6.72572e-05
 0.00107211 3.47656e-05 0.00117611 0.0144884 0.292351 6.11008e-05 0.00155598 0
 22 22 -4.98807e-06

 392 9.33391e-05 0.00549571 0.000109537 0.00338921 0 -0 6.75703e-05
 0.00121902 3.59787e-05 0.00137803 0.0146785 0.342983 6.42584e-05 0.00169844 0
 30 30 -5.13685e-06

 393 9.48025e-05 0.00589778 0.000108257 0.00381979 0 -0 6.55549e-05
 0.00125114 3.67766e-05 0.00148733 0.014826 0.371153 6.55933e-05 0.00171835 0
 34 34 -5.45347e-06

 394 0.000101311 0.00696852 0.000112293 0.00565046 0 -0 6.15888e-05
 0.00132836 3.93731e-05 0.0017532 0.0156918 0.439687 6.89096e-05 0.00197564 0
 30 30 -5.62436e-06

 395 0.000106765 0.00759422 0.000114908 0.00641927 0 -0 5.4923e-05
 0.00126494 4.07859e-05 0.00195189 0.0162906 0.492927 6.95945e-05 0.00208211 0
 26 26 -5.92594e-06

 396 0.000133789 0.00900331 0.000184936 0.0144349 0 -0 9.99612e-05
 0.00162511 4.33172e-05 0.00193392 0.0176671 0.453499 7.1164e-05 0.00228771 0
 22 22 -6.32733e-06

 397 0.000135059 0.00914056 0.000164078 0.0126845 0 -0 7.30734e-05
 0.00103164 4.35428e-05 0.00227908 0.0183173 0.540925 6.97285e-05 0.00252965 0
 26 26 -6.95401e-06

 398 0.00014006 0.00960402 0.00014054 0.0101649 0 -0 5.04582e-05
 0.00115907 4.53147e-05 0.00272825 0.0201141 0.660277 6.97462e-05 0.00334191 0
 18 18 -7.08861e-06

 399 0.000135785 0.00933922 0.000132485 0.00870643 0 -0 5.08849e-05
 0.00107505 4.53629e-05 0.00285145 0.0207597 0.696729 7.00023e-05 0.00360584 0
 24 24 -7.41847e-06

 400 0.000110348 0.00692117 0.00011085 0.00459841 0 -0 5.79797e-05
 0.00061583 4.6792e-05 0.00319933 0.0219491 0.810114 7.06165e-05 0.00391398 0
 28 28 -7.66186e-06

 401 9.99805e-05 0.00602727 0.000105006 0.00385499 0 -0 5.67413e-05
 0.000596837 4.40419e-05 0.00276393 0.021978 0.708099 6.98648e-05 0.00361971 0
 36 36 -8.24761e-06

 402 8.5223e-05 0.00446853 9.74113e-05 0.00331692 0 -0 5.75118e-05
 0.000620299 4.03315e-05 0.0020087 0.022338 0.517643 6.91121e-05 0.00293288 0
 26 26 -8.62414e-06

 403 8.02212e-05 0.00389762 9.47254e-05 0.00303802 0 -0 5.60791e-05
 0.000614177 3.87893e-05 0.00174185 0.0224611 0.506797 6.76019e-05 0.00256277 0
 26 26 -9.44146e-06

 404 7.3743e-05 0.0029321 9.18644e-05 0.00249774 0 -0 5.38315e-05
 0.000599618 3.62789e-05 0.0013086 0.0227928 0.542153 6.44493e-05 0.00205742 0
 16 16 -9.8927e-06

 405 7.12529e-05 0.00257234 9.06603e-05 0.00235849 0 -0 5.19708e-05
 0.00058363 3.49354e-05 0.00117278 0.0227749 0.544259 6.20693e-05 0.00194342 0
 30 30 -1.0801e-05

 406 6.78903e-05 0.00228157 9.00796e-05 0.00297337 0 -0 4.96865e-05
 0.000567902 3.26881e-05 0.000948271 0.0225557 0.535202 5.75288e-05 0.00173246 0
 28 28 -1.12438e-05

 407 6.62947e-05 0.00223518 8.9921e-05 0.00319931 0 -0 4.87198e-05
 0.000596185 3.16943e-05 0.000877155 0.0221095 0.516334 5.49214e-05 0.00161848 0
 22 22 -1.20941e-05

 408 6.43881e-05 0.0021092 9.08575e-05 0.00359067 0 -0 4.8578e-05
 0.000650828 3.04528e-05 0.000763345 0.020956 0.466842 5.02098e-05 0.00138955 0
 36 36 -1.24629e-05

 409 6.35714e-05 0.00202681 9.11975e-05 0.00373002 0 -0 4.92231e-05
 0.000675024 3.01325e-05 0.000727562 0.0201114 0.439023 4.79081e-05 0.00128066 0
 24 24 -1.31309e-05

 410 6.31869e-05 0.0022822 9.28281e-05 0.00398279 0 -0 5.19694e-05
 0.00073499 3.0128e-05 0.000765664 0.018352 0.395177 4.43265e-05 0.00107096 0
 24 24 -1.33844e-05

 411 6.31496e-05 0.00250924 9.34877e-05 0.00408288 0 -0 5.35482e-05
 0.000766725 3.02852e-05 0.000793383 0.0174463 0.369224 4.28969e-05 0.00103446 0
 26 26 -1.38103e-05

 412 6.41869e-05 0.00295015 9.55095e-05 0.00427349 0 -0 5.74335e-05
 0.000849809 3.0899e-05 0.000879565 0.0157496 0.312489 4.09232e-05 0.00108395 0
 28 28 -1.39355e-05

 413 6.47516e-05 0.00315197 9.63171e-05 0.0045106 0 -0 5.91289e-05
 0.000898482 3.11765e-05 0.000924966 0.015031 0.28654 4.01577e-05 0.00110947 0
 20 20 -1.41085e-05

 414 6.6557e-05 0.00353812 9.82619e-05 0.00506158 0 -0 6.45939e-05
 0.00101561 3.18282e-05 0.00101057 0.013804 0.238667 3.91361e-05 0.00115046 0
 24 24 -1.41021e-05

 415 6.729e-05 0.00370265 9.85145e-05 0.00515905 0 -0 5.90503e-05
 0.00114054 3.19406e-05 0.00104766 0.0133294 0.219118 3.8612e-05 0.00115897 0
 40 40 -1.40599e-05

 416 6.92228e-05 0.00398084 0.000100065 0.00543974 0 -0 6.23869e-05
 0.00129282 3.18007e-05 0.0011249 0.012507 0.183907 3.7881e-05 0.00119381 0
 26 26 -1.39581e-05

 417 6.98502e-05 0.00410149 0.000100592 0.00550317 0 -0 5.75591e-05
 0.00140252 3.16043e-05 0.00114177 0.0121724 0.173503 3.73308e-05 0.00123179 0
 32 32 -1.37409e-05

 418 7.10044e-05 0.00434058 0.000100977 0.0052724 0 -0 5.71821e-05
 0.00160066 3.12166e-05 0.00116578 0.0115829 0.177186 3.64928e-05 0.00130561 0
 28 28 -1.35831e-05

 419 7.15953e-05 0.00446534 0.000101025 0.00510664 0 -0 6.13354e-05
 0.00166794 3.08239e-05 0.00115713 0.0113076 0.176592 3.60355e-05 0.00133955 0
 22 22 -1.31852e-05

 420 7.30461e-05 0.0047191 0.000101041 0.00463591 0 -0 5.64298e-05
 0.00197701 3.02254e-05 0.00114247 0.0108166 0.174475 3.52345e-05 0.00140538 0
 30 30 -1.29589e-05

 421 7.38928e-05 0.00484996 0.00010127 0.00470601 0 -0 5.63954e-05
 0.00210732 2.98821e-05 0.00115668 0.0105776 0.172451 3.47142e-05 0.00143531 0
 18 18 -1.2488e-05

 422 7.61239e-05 0.00510164 0.000102465 0.0048964 0 -0 5.72e-05
 0.00245547 2.95658e-05 0.00118783 0.0102154 0.167931 3.39114e-05 0.00149944 0
 32 32 -1.22297e-05

 423 7.78074e-05 0.00529955 0.000104784 0.00544238 0 -0 5.54841e-05
 0.00257077 2.96055e-05 0.00119967 0.0100756 0.165084 3.34489e-05 0.00153329 0
 30 30 -1.17458e-05

 424 8.59197e-05 0.00574882 0.000113929 0.00710663 0 -0 5.41432e-05
 0.00289611 3.09331e-05 0.00125581 0.00999933 0.159246 3.2681e-05 0.00162406 0
 18 18 -1.15627e-05

 425 8.08612e-05 0.00563952 0.000108903 0.0064778 0 -0 6.61432e-05
 0.00349549 3.26569e-05 0.00131649 0.0100397 0.17035 3.24253e-05 0.0016924 0
 22 22 -1.108e-05

 426 0.000101356 0.00567006 0.000142651 0.00672571 0 -0 0.000110951
 0.00371303 3.5392e-05 0.00162808 0.0102893 0.235071 3.23771e-05 0.00191764 0
 18 18 -1.04552e-05

 427 0.000108258 0.00612727 0.000144762 0.00741307 0 -0 9.33558e-05
 0.00447316 3.50753e-05 0.00145794 0.0104849 0.194216 3.44564e-05 0.00199711 0
 34 34 -9.3866e-06

 428 0.000127129 0.00731544 0.000164649 0.0116051 0 -0 8.88571e-05
 0.00625027 3.83855e-05 0.00152537 0.0114813 0.23164 4.37261e-05 0.0027149 0
 40 40 -9.00061e-06

 429 0.000139508 0.00798531 0.000186592 0.015179 0 -0 9.19136e-05
 0.00723659 4.15694e-05 0.00174886 0.0119096 0.242029 4.75187e-05 0.00301844 0
 28 28 -8.33349e-06

 430 0.000157634 0.00731575 0.000237041 0.0231443 0 -0 8.04996e-05
 0.00581207 4.96276e-05 0.00232664 0.0130424 0.351677 5.66527e-05 0.00358713 0
 22 22 -8.1673e-06

 431 0.00014685 0.00682272 0.000198029 0.0183835 0 -0 6.47087e-05
 0.00209492 5.28516e-05 0.00268054 0.013716 0.442731 5.88911e-05 0.00402384 0
 34 34 -7.93242e-06

 432 0.000137532 0.00627107 0.000152361 0.0109967 0 -0 6.47466e-05
 0.00146841 5.38115e-05 0.00252807 0.0149388 0.440086 6.12558e-05 0.00418774 0
 22 22 -7.85373e-06

 433 0.000132237 0.00606145 0.00014233 0.00894822 0 -0 6.164e-05
 0.00127354 5.22452e-05 0.00206046 0.0155111 0.372668 5.98337e-05 0.00356327 0
 30 30 -7.68704e-06

 434 0.000120663 0.00538207 0.000130187 0.00703149 0 -0 5.77187e-05
 0.000928426 5.11692e-05 0.00146125 0.0170557 0.437429 5.80057e-05 0.0030219 0
 24 24 -7.61253e-06

 435 0.000115457 0.00495226 0.000125482 0.00688145 0 -0 5.56773e-05
 0.000841327 5.10782e-05 0.00151208 0.0179012 0.464254 5.62335e-05 0.00285078 0
 14 14 -7.49157e-06

 436 0.000105746 0.0040075 0.000118141 0.00652802 0 -0 5.32788e-05
 0.00073335 5.13876e-05 0.00163996 0.01965 0.503938 5.26108e-05 0.00267267 0
 42 42 -7.46781e-06

 437 0.000101236 0.00389595 0.000114544 0.00627328 0 -0 5.22776e-05
 0.000773558 5.14218e-05 0.00168994 0.0203744 0.508779 5.02188e-05 0.00277986 0
 32 32 -7.46749e-06

 438 9.46379e-05 0.00367811 0.000112388 0.00568048 0 -0 5.31224e-05
 0.000971852 5.17766e-05 0.0018254 0.0217266 0.51631 4.61802e-05 0.00293003 0
 36 36 -7.52112e-06

 439 9.18522e-05 0.00356007 0.000111582 0.00535236 0 -0 5.41865e-05
 0.00102545 5.19891e-05 0.00185951 0.02224 0.515379 4.40861e-05 0.0028652 0
 32 32 -7.69923e-06

 440 9.14336e-05 0.00405241 0.000121005 0.00568876 0 -0 5.75458e-05
 0.00106457 5.30552e-05 0.00202538 0.0233133 0.514077 4.14449e-05 0.00255014 0
 28 28 -7.85124e-06

 441 9.30642e-05 0.00451208 0.000130458 0.00684223 0 -0 5.92664e-05
 0.00100281 5.37473e-05 0.00211046 0.0238762 0.516129 4.08221e-05 0.0026779 0
 22 22 -8.2211e-06

 442 0.000106058 0.00605618 0.000168923 0.0101773 0 -0 6.22766e-05
 0.000855501 5.63341e-05 0.00246499 0.0252701 0.552674 4.25418e-05 0.00344411 0
 20 20 -8.45509e-06

 443 0.000116486 0.00690625 0.000200534 0.0125691 0 -0 6.478e-05
 0.00103597 5.83189e-05 0.00273484 0.02618 0.587983 4.59955e-05 0.00407337 0
 8 8 -8.96649e-06

 444 0.000116649 0.0055574 0.000223718 0.0149324 0 -0 6.68905e-05
 0.00131722 5.84117e-05 0.00224257 0.0281025 0.670775 5.37971e-05 0.00453354 0
 52 52 -9.27223e-06

 445 0.000105203 0.00485802 0.000198307 0.0131273 0 -0 6.49106e-05
 0.00112281 5.76223e-05 0.00168172 0.0292058 0.718254 5.46057e-05 0.00402204 0
 24 24 -9.91774e-06

 446 8.89911e-05 0.00314842 0.000154671 0.00710684 0 -0 6.35844e-05
 0.00097946 5.86312e-05 0.00108002 0.0317024 0.807866 5.92078e-05 0.00337859 0
 18 18 -1.02291e-05

 447 8.2162e-05 0.0026239 0.000141105 0.00522842 0 -0 6.14716e-05
 0.00092238 5.84034e-05 0.00120134 0.0329475 0.837088 6.001e-05 0.00335699 0
 22 22 -1.07831e-05

 448 8.70931e-05 0.00292949 0.000151727 0.00544953 0 -0 5.92194e-05
 0.000872578 5.68454e-05 0.00124456 0.035068 0.873713 6.22566e-05 0.002704 0
 26 26 -1.09861e-05

 449 9.26358e-05 0.00302673 0.000155246 0.00731435 0 -0 5.6303e-05
 0.00103097 5.42913e-05 0.00109879 0.035512 0.869026 6.1944e-05 0.00192484 0
 22 22 -1.13116e-05

 450 0.000105665 0.00416564 0.000154491 0.00885397 0 -0 4.97622e-05
 0.00126894 4.97259e-05 0.00104587 0.0357515 0.849189 6.3191e-05 0.00250108 0
 40 40 -1.13959e-05

 451 0.000108881 0.0038157 0.000145419 0.00812133 0 -0 4.77853e-05
 0.00129517 5.03855e-05 0.00124196 0.035197 0.831469 7.26969e-05 0.00629415 0
 36 36 -1.14823e-05

 452 0.000112814 0.0045796 0.000130243 0.00703893 0 -0 4.59482e-05
 0.00125861 4.48431e-05 0.00125246 0.0333622 0.796996 6.7037e-05 0.00408542 0
 26 26 -1.1491e-05

 453 0.000111882 0.00507538 0.000129508 0.00783002 0 -0 4.53478e-05
 0.00114292 4.26081e-05 0.00134418 0.0319717 0.772033 6.52992e-05 0.0028856 0
 22 22 -1.15086e-05

 454 0.000114582 0.00591928 0.000139367 0.00880687 0 -0 4.53658e-05
 0.00122452 4.13443e-05 0.00140976 0.0291328 0.741534 6.67684e-05 0.00248732 0
 10 10 -1.15176e-05

 455 0.000114517 0.00596856 0.000142803 0.00848955 0 -0 4.63309e-05
 0.00130152 4.11408e-05 0.00129677 0.027504 0.706538 6.83288e-05 0.00228136 0
 30 30 -1.15582e-05

 456 0.000110777 0.00507018 0.000150154 0.00975957 0 -0 4.8342e-05
 0.00130862 4.40155e-05 0.00122976 0.0243597 0.662653 7.35305e-05 0.00245215 0
 30 30 -1.16219e-05

 457 0.000104349 0.00416326 0.00014554 0.00929618 0 -0 4.92332e-05
 0.00134965 4.61437e-05 0.0012755 0.0225998 0.629256 7.55379e-05 0.00240117 0
 16 16 -1.17978e-05

 458 9.6705e-05 0.0041151 0.00013999 0.00765183 0 -0 5.58541e-05
 0.00118335 5.34912e-05 0.00130193 0.0200586 0.545471 8.02496e-05 0.00255945 0
 38 38 -1.19299e-05

 459 9.27083e-05 0.00446084 0.000134006 0.00598273 0 -0 6.0321e-05
 0.00130783 5.7094e-05 0.00127628 0.019294 0.489 8.13827e-05 0.00276142 0
 26 26 -1.22493e-05

 460 9.18713e-05 0.00479179 0.000132396 0.00496359 0 -0 6.81184e-05
 0.00176419 6.43386e-05 0.00126292 0.0200641 0.390815 8.31611e-05 0.00367609 0
 24 24 -1.24784e-05

 461 9.22511e-05 0.00468165 0.000133944 0.00491011 0 -0 6.89872e-05
 0.0018387 6.60785e-05 0.00139807 0.0211942 0.458122 8.22216e-05 0.00382987 0
 26 26 -1.30212e-05

 462 9.92629e-05 0.00445619 0.000147063 0.00764148 0 -0 6.67754e-05
 0.00184799 6.83041e-05 0.00158179 0.0247677 0.579839 8.00949e-05 0.00383394 0
 40 40 -1.33669e-05

 463 0.000101425 0.0048921 0.000151863 0.00896755 0 -0 6.23402e-05
 0.00174175 6.72274e-05 0.00162638 0.0263989 0.615636 7.66302e-05 0.0036363 0
 18 18 -1.41126e-05

 464 0.000110823 0.00550935 0.00016711 0.0104293 0 -0 5.41709e-05
 0.00142781 6.40623e-05 0.00173179 0.0295013 0.649744 7.09022e-05 0.00340016 0
 20 20 -1.449e-05

 465 0.00011995 0.00617594 0.000175958 0.0117671 0 -0 5.30186e-05
 0.00161269 6.04648e-05 0.00168197 0.0302498 0.630378 6.72099e-05 0.00322214 0
 26 26 -1.52533e-05

 466 0.000136891 0.00713312 0.00019387 0.0143998 0 -0 5.44369e-05
 0.00198295 5.47332e-05 0.00169114 0.0310214 0.554692 6.29654e-05 0.00268113 0
 14 14 -1.56395e-05

 467 0.000136024 0.00703304 0.000196397 0.0149327 0 -0 5.64804e-05
 0.00183167 5.19739e-05 0.0017547 0.0302735 0.521565 6.16239e-05 0.00267773 0
 28 28 -1.64071e-05

 468 0.000128999 0.00608738 0.000193224 0.0133863 0 -0 6.88417e-05
 0.0014938 5.00061e-05 0.00174079 0.0279144 0.445847 6.28019e-05 0.00254464 0
 24 24 -1.6736e-05

 469 0.000125412 0.00513623 0.00018301 0.0109718 0 -0 7.47215e-05
 0.00154479 4.91838e-05 0.0014476 0.0257214 0.381252 6.35451e-05 0.00260165 0
 24 24 -1.72203e-05

 470 0.00013019 0.00525204 0.000172293 0.00882521 0 -0 8.68658e-05
 0.00202122 5.30306e-05 0.00147239 0.0214103 0.317703 6.72479e-05 0.00245108 0
 32 32 -1.72763e-05

 471 0.000132864 0.00642137 0.000170885 0.00814019 0 -0 8.92682e-05
 0.00233282 5.67612e-05 0.00161512 0.0192552 0.287349 6.82273e-05 0.00333577 0
 36 36 -1.71913e-05

 472 0.00014885 0.00852488 0.000188018 0.00796898 0 -0 9.85395e-05
 0.00298294 7.04988e-05 0.00234579 0.0175204 0.425976 7.98153e-05 0.00607628 0
 30 30 -1.6937e-05

 473 0.000155862 0.00903908 0.000196004 0.00890167 0 -0 0.000100446
 0.00323934 7.52548e-05 0.00244212 0.0177053 0.481299 7.2713e-05 0.00566212 0
 32 32 -1.62447e-05

 474 0.000176456 0.00917901 0.000220723 0.0148228 0 -0 0.000110727
 0.00354584 8.46948e-05 0.00326645 0.0200604 0.535841 7.31572e-05 0.00663643 0
 30 30 -1.5712e-05

 475 0.000186205 0.00982955 0.000234694 0.017603 0 -0 0.000121165
 0.00363675 8.52308e-05 0.00365178 0.0208225 0.515925 7.24373e-05 0.00679329 0
 36 36 -1.45076e-05

 476 0.000237346 0.0148618 0.000276405 0.0200798 0 -0 0.000129136
 0.00493286 8.58439e-05 0.00476059 0.0222684 0.695615 7.55989e-05 0.00781856 0
 24 24 -1.40163e-05

 477 0.000326642 0.0243999 0.00024515 0.0171365 0 -0 0.000144883
 0.00522265 8.139e-05 0.00476361 0.0216585 0.713345 7.33853e-05 0.00674147 0
 14 14 -1.26161e-05

 478 0.000327179 0.0220831 0.000309956 0.0256462 0 -0 0.000250822
 0.00525667 5.90912e-05 0.00215036 0.0186053 0.438116 7.26369e-05 0.00403945 0
 18 18 -1.23106e-05

 479 0.000276037 0.0168746 0.000311461 0.026652 0 -0 0.000183586
 0.00281219 5.72742e-05 0.0023426 0.0166831 0.293859 7.21722e-05 0.00461694 0
 32 32 -1.2181e-05

 480 0.00020158 0.00763232 0.000305043 0.0254005 0 -0 9.44525e-05
 0.00419886 7.13417e-05 0.00319975 0.0151865 0.314979 8.02922e-05 0.00588586 0
 18 18 -1.23776e-05

 481 0.000180138 0.00890943 0.000285358 0.0198384 0 -0 0.000138665
 0.00478818 7.69307e-05 0.00319887 0.0151213 0.37689 8.46499e-05 0.00596648 0
 20 20 -1.25376e-05

 482 0.000392755 0.0261455 0.000400781 0.035815 0 -0 0.000195353
 0.00519269 8.4082e-05 0.00316969 0.0170116 0.428417 9.22285e-05 0.00850448 0
 30 30 -1.22341e-05

 483 0.000240125 0.0141294 0.000291976 0.0157734 0 -0 0.000191966
 0.00568694 8.33602e-05 0.00281104 0.0178572 0.505608 8.83664e-05 0.00856079 0
 26 26 -1.05974e-05

 484 0.000184934 0.00825758 0.000251333 0.0120773 0 -0 0.000119491
 0.002783 7.79218e-05 0.00189216 0.0205844 0.631658 8.44765e-05 0.0063082 0
 30 30 -9.90667e-06

 485 0.00017935 0.00690974 0.000233516 0.0111061 0 -0 0.000108083
 0.00278546 7.39826e-05 0.00188336 0.0217606 0.666942 8.17663e-05 0.0055879 0
 20 20 -8.94005e-06

 486 0.000181751 0.00825013 0.0002276 0.00952531 0 -0 9.28782e-05
 0.00229618 7.21292e-05 0.0018948 0.0245024 0.707755 7.76766e-05 0.00481243 0
 16 16 -8.86854e-06

 487 0.000186793 0.00894911 0.000234605 0.0109718 0 -0 9.44783e-05
 0.00223492 7.05824e-05 0.00189046 0.0253273 0.697987 7.43437e-05 0.00470681 0
 18 18 -9.11825e-06

 488 0.000212873 0.0101112 0.000262421 0.01572 0 -0 9.59475e-05
 0.00280979 6.97094e-05 0.00236671 0.02666 0.640378 7.17594e-05 0.00449539 0
 26 26 -9.58093e-06

 489 0.000225309 0.0108688 0.00027412 0.0188249 0 -0 8.89695e-05
 0.00265346 6.90935e-05 0.00264163 0.0263491 0.596418 7.16092e-05 0.00433253 0
 36 36 -1.07537e-05

 490 0.000241583 0.0129572 0.000305393 0.0238976 0 -0 8.36251e-05
 0.0024305 7.17413e-05 0.00312821 0.0248144 0.521254 7.83838e-05 0.00368573 0
 30 30 -1.15124e-05

 491 0.000233561 0.0120177 0.000309605 0.0246812 0 -0 8.71805e-05
 0.00222725 7.31097e-05 0.00329697 0.022862 0.452073 8.24708e-05 0.00364032 0
 28 28 -1.30725e-05

 492 0.000215954 0.00978815 0.000320405 0.0239723 0 -0 0.000113362
 0.0020198 7.90272e-05 0.00330499 0.0189295 0.410263 9.43472e-05 0.00396183 0
 18 18 -1.38285e-05

 493 0.000205006 0.00783514 0.000300008 0.0195854 0 -0 0.000123342
 0.00257907 8.04627e-05 0.00293186 0.0168105 0.339698 9.82694e-05 0.00432997 0
 24 24 -1.50911e-05

 494 0.000231627 0.0112374 0.000273778 0.0112724 0 -0 0.000138368
 0.00381734 8.83679e-05 0.00229458 0.0169943 0.552966 0.00010637 0.00429516 0
 24 24 -1.53838e-05

 495 0.000241812 0.0113823 0.000281462 0.0117109 0 -0 0.000135839
 0.00422254 9.44472e-05 0.00278915 0.0193341 0.689812 0.000107212 0.00541399 0
 36 36 -1.55757e-05

 496 0.000258591 0.0144132 0.000306347 0.013399 0 -0 0.000147252
 0.00496907 0.00011506 0.0038576 0.0272368 0.914101 0.00011227 0.00810169 0
 32 32 -1.51986e-05

 497 0.000272648 0.0156374 0.000323266 0.0160688 0 -0 0.000145518
 0.00572727 0.000121878 0.00405453 0.0306576 0.961433 0.000112278 0.00923174 0
 28 28 -1.41452e-05

 498 0.000312915 0.0159845 0.000394478 0.0307614 0 -0 0.000207136
 0.00813858 0.000136404 0.00577978 0.0367805 0.974153 0.000116697 0.0109804 0
 22 22 -1.33505e-05

 499 0.000319321 0.0178896 0.000350847 0.0235095 0 -0 0.000144194
 0.00412743 0.000140432 0.00729266 0.0380434 1.0917 0.000117102 0.011351 0
 14 14 -1.15486e-05

 500 0.00049206 0.0372875 0.000406949 0.0227213 0 -0 0.000524887
 0.0136424 0.000132565 0.00753994 0.0378865 1.18576 0.000116221 0.0113479 0
 22 22 -1.06648e-05

