 keyword from out/converge
 15
 ITER dU1rms dU1max dU2rms dU2max dU3rms dU3max dprmsd dpmax dqrms dqmax domrms dommax dbijrms dbijmax
 50 0.26225 1.33115 0.359416 1.10486 0 -0 3.04179
 17.726 0.0245681 0.112836 61.8898 571.734 0.0894007 0.445792

 100 0.156791 1.69069 0.266259 1.32535 0 -0 0.135861
 1.33318 0.0258349 0.185604 15.2411 155.553 0.0506113 0.449159

 150 0.0722395 1.08542 0.102379 1.35774 0 -0 0.0887859
 0.313353 0.0211356 0.174622 10.596 94.5681 0.0377178 0.294135

 200 0.025471 0.350842 0.0442388 0.341812 0 -0 0.0120753
 0.0622679 0.0100916 0.121526 7.66432 90.0506 0.0202253 0.18673

 250 0.0113115 0.205744 0.0220097 0.240913 0 -0 0.0059231
 0.0641267 0.0074075 0.0815945 4.00586 57.037 0.00890974 0.166979

 300 0.00603914 0.145467 0.01143 0.218856 0 -0 0.00257249
 0.0538313 0.00240411 0.0422026 1.10849 12.9189 0.00337767 0.0665238

 350 0.00349692 0.0949321 0.00676385 0.0948929 0 -0 0.0026389
 0.0352199 0.00200016 0.027003 1.16184 19.913 0.00264872 0.0547295

 400 0.00300307 0.141001 0.00353208 0.102047 0 -0 0.00167272
 0.0165993 0.0013297 0.025727 0.695913 11.5623 0.00192788 0.0515354

 450 0.00191705 0.103131 0.00281472 0.161212 0 -0 0.00125401
 0.0413512 0.000990961 0.0251523 0.451916 6.71512 0.00106619 0.0321486

 500 0.000928437 0.039685 0.00119044 0.0359319 0 -0 0.00119755
 0.0132106 0.00041852 0.010427 0.169967 4.76213 0.000628459 0.0248255

