 keyword from out/converge
 15
 ITER dU1rms dU1max dU2rms dU2max dU3rms dU3max dprmsd dpmax dqrms dqmax domrms dommax dbijrms dbijmax
 10 0.213596 0.687045 0.266899 1.29487 0 -0 4.1485
 17.798 0.0181502 0.109039 68.672 550.892 0.0570131 0.331033

 20 0.100484 0.892041 0.109837 1.01328 0 -0 2.57116
 4.56038 0.0152863 0.0957851 23.5266 161.695 0.0342609 0.488512

 30 0.0913735 0.855408 0.116853 0.921686 0 -0 0.920159
 1.7945 0.0119101 0.0668303 12.4117 111.986 0.028107 0.499001

 40 0.0802181 0.881002 0.138894 0.830231 0 -0 0.150689
 0.320067 0.00809462 0.0599689 8.51728 107.31 0.0260273 0.434695

 50 0.0839312 0.975526 0.110815 0.881157 0 -0 0.0702947
 0.511237 0.00798477 0.106332 7.49991 124.106 0.0253211 0.335588

 60 0.0737921 0.901917 0.108377 0.80834 0 -0 0.0662021
 0.565051 0.00867066 0.0808439 7.19622 85.6545 0.0237405 0.286702

 70 0.0630853 0.735339 0.113959 0.875662 0 -0 0.0652316
 0.357435 0.00987114 0.0649952 5.73963 57.5627 0.0213015 0.28688

 80 0.0544242 0.726854 0.113118 0.904953 0 -0 0.0417937
 0.229076 0.0104685 0.0803621 5.34499 76.7831 0.0192255 0.335768

 90 0.0489868 0.667847 0.0966723 0.853584 0 -0 0.0231447
 0.194193 0.00827611 0.0815744 4.36009 51.5449 0.0166472 0.190744

 100 0.0428029 0.742025 0.0603534 0.646985 0 -0 0.022943
 0.203857 0.0088737 0.0701435 4.35214 56.5304 0.0151475 0.202928

 110 0.029326 0.544628 0.0377442 0.609955 0 -0 0.0268408
 0.1378 0.00630499 0.0674882 4.82064 64.7965 0.0121501 0.149587

 120 0.0238588 0.364557 0.0318768 0.459427 0 -0 0.0432161
 0.140477 0.00609656 0.0591317 3.19664 48.4363 0.0109289 0.166491

 130 0.020089 0.316249 0.0278451 0.318569 0 -0 0.033442
 0.134047 0.00743298 0.0650304 3.626 75.6478 0.0111126 0.15935

 140 0.0168108 0.28606 0.0251971 0.29166 0 -0 0.0154217
 0.125167 0.00585785 0.0679862 3.7169 56.0122 0.00989934 0.113085

 150 0.0159282 0.191244 0.0229447 0.232421 0 -0 0.0134441
 0.0785014 0.00737936 0.084419 3.55383 51.0865 0.00941702 0.120639

 160 0.013068 0.290988 0.0183654 0.27739 0 -0 0.0123475
 0.0686457 0.00749238 0.184944 4.84213 66.0888 0.00944962 0.155634

 170 0.0119666 0.266852 0.0147264 0.150028 0 -0 0.00584665
 0.0800671 0.00315397 0.0712724 2.38397 29.5735 0.00772469 0.117779

 180 0.00943652 0.210604 0.0131042 0.198765 0 -0 0.00554666
 0.0725055 0.00272039 0.071656 1.28669 20.5728 0.00534542 0.0921133

 190 0.00696476 0.182624 0.0105062 0.166499 0 -0 0.00840611
 0.0388986 0.00235064 0.0418633 0.775777 16.5267 0.00427357 0.0607281

 200 0.00501356 0.140073 0.00732645 0.0930784 0 -0 0.00794454
 0.0536184 0.00214644 0.0321432 1.20763 16.1302 0.00410366 0.0679613

 210 0.00574049 0.169943 0.00667801 0.271594 0 -0 0.00380567
 0.0568247 0.0044183 0.0908788 1.86367 34.8955 0.00673695 0.210747

 220 0.0060348 0.140463 0.00828308 0.186723 0 -0 0.00414935
 0.0536371 0.00489218 0.0537614 4.15775 74.1363 0.00613126 0.134058

 230 0.00506954 0.222249 0.00717214 0.168757 0 -0 0.00380688
 0.0872572 0.00223479 0.0417053 1.77772 43.8462 0.00375992 0.110657

 240 0.00470456 0.127948 0.00762055 0.160232 0 -0 0.00451156
 0.0697697 0.00180089 0.0462036 1.24383 18.9845 0.00307839 0.0982359

 250 0.00432331 0.118025 0.00688202 0.0859084 0 -0 0.00535858
 0.0169599 0.002025 0.0247345 1.23714 19.6888 0.00238491 0.0606312

 260 0.0037154 0.118776 0.00497206 0.144869 0 -0 0.00319982
 0.0429166 0.00122635 0.0348156 0.654131 10.3662 0.00233163 0.0549257

 270 0.00282103 0.103556 0.00394531 0.119359 0 -0 0.00179793
 0.024732 0.00114486 0.0283202 0.575044 7.8558 0.00162205 0.0458272

 280 0.00207642 0.0856972 0.0034669 0.120268 0 -0 0.00208456
 0.0167946 0.00101976 0.0216305 0.423147 7.12152 0.00157575 0.0355761

 290 0.00208692 0.0516231 0.00351222 0.0573638 0 -0 0.00147046
 0.021274 0.000707358 0.0097241 0.352539 5.75906 0.00116121 0.0319068

 300 0.00281814 0.13629 0.00308787 0.143788 0 -0 0.00169739
 0.0456933 0.000707964 0.0293765 0.15007 4.44245 0.00108913 0.0438681

 310 0.0017031 0.0578176 0.00299421 0.0856563 0 -0 0.00133229
 0.0247256 0.000840004 0.0128896 0.382828 6.25292 0.00151451 0.0250664

 320 0.00318662 0.152753 0.00278861 0.130261 0 -0 0.00124819
 0.0495186 0.000795307 0.0413687 0.377302 6.66657 0.00132838 0.0601057

 330 0.00168629 0.0579474 0.00255361 0.134604 0 -0 0.0010381
 0.0165374 0.00086966 0.0208262 0.314716 6.9768 0.00111225 0.0305037

 340 0.00176147 0.0841651 0.0022986 0.10536 0 -0 0.000911238
 0.0179155 0.000885321 0.0195947 0.386205 6.73565 0.00106966 0.0267322

 350 0.0014245 0.0399029 0.00168572 0.0521097 0 -0 0.000590924
 0.00558174 0.000420273 0.00916503 0.347394 6.43731 0.000920657 0.0354933

 360 0.00162212 0.0732691 0.001567 0.0700801 0 -0 0.000795777
 0.0127478 0.000463581 0.0142082 0.206709 3.41932 0.000702001 0.018363

 370 0.000958954 0.0247624 0.00131696 0.0255175 0 -0 0.000530988
 0.00289679 0.000527695 0.00766434 0.261175 4.37388 0.000707389 0.0180066

 380 0.000782299 0.0245629 0.000983051 0.0373657 0 -0 0.000637615
 0.00737597 0.000327457 0.00437788 0.235703 4.26611 0.000594069 0.018774

 390 0.000707476 0.0257203 0.000979376 0.019437 0 -0 0.000547051
 0.0048137 0.000235677 0.00490213 0.0711472 1.5372 0.000398355 0.0101925

 400 0.000776321 0.0558381 0.000845494 0.0535711 0 -0 0.000434292
 0.00714268 0.000278108 0.0152422 0.112551 3.74436 0.000462995 0.0167275

 410 0.000493911 0.021651 0.000638106 0.0168282 0 -0 0.000356034
 0.00368586 0.000245913 0.0101319 0.15857 3.63157 0.000423537 0.0134549

 420 0.000482118 0.0276951 0.000712756 0.0359389 0 -0 0.00042584
 0.00924416 0.000227679 0.0077042 0.0996083 1.69092 0.000273657 0.0082814

 430 0.00068042 0.0454775 0.000915219 0.0656226 0 -0 0.000520154
 0.0304468 0.000246401 0.0102278 0.0746931 1.26296 0.000249855 0.0138416

 440 0.000798076 0.0330191 0.000896644 0.0478163 0 -0 0.000382516
 0.00649738 0.000369209 0.0116465 0.133698 3.29244 0.000371451 0.0195092

 450 0.000536733 0.0184874 0.000943762 0.0451817 0 -0 0.000421807
 0.00482945 0.000394538 0.0108291 0.222672 5.40154 0.000344486 0.01945

 460 0.000638737 0.0265649 0.000802687 0.0410739 0 -0 0.000304347
 0.00478151 0.00025952 0.00748215 0.176817 4.71253 0.000461917 0.015514

 470 0.00069486 0.0391268 0.00104396 0.076235 0 -0 0.0003294
 0.00816764 0.000351655 0.0113395 0.186496 3.47087 0.000411381 0.0157541

 480 0.00122392 0.081067 0.00116977 0.0679965 0 -0 0.000485381
 0.0144591 0.000391648 0.0148108 0.10293 2.31371 0.000387565 0.0345367

 490 0.00119043 0.0688688 0.00118427 0.0423635 0 -0 0.000498874
 0.0171206 0.000441513 0.0127706 0.1376 4.07763 0.000438537 0.0401915

 500 0.00119098 0.0612054 0.00140624 0.0628061 0 -0 0.000675901
 0.0193169 0.00057242 0.0186167 0.121174 4.042 0.000583451 0.0406869

