m4d lineoutputijk
9
  a
 sw nulam nuturb TTw TTnw TTwturb TTnwturb ynw
 0 -1.28798 0.38372 1.05245 937.07 930.766 341.622 335.318 1.16696e-05
 1 -1.2851 0.380474 1.06741 945.134 938.833 336.808 330.508 1.16637e-05
 2 -1.28222 0.372106 1.06032 965.989 959.703 339.046 332.759 1.1642e-05
 3 -1.27934 0.35914 1.02548 1003.29 997.007 350.924 344.648 1.16092e-05
 4 -1.27603 0.331375 0.919674 1087.01 1080.72 392.032 385.736 1.16227e-05
 5 -1.27227 0.297972 0.760809 1195.46 1189.23 470.777 464.515 1.16376e-05
 6 -1.26906 0.291747 0.685457 1219.06 1212.84 519.562 513.333 1.1643e-05
 7 -1.26638 0.314538 0.733005 1144.3 1138.01 489.746 483.469 1.16395e-05
 8 -1.26428 0.336443 0.813529 1073.8 1067.48 443.305 436.999 1.16378e-05
 9 -1.26275 0.3454 0.855317 1041.91 1035.62 420.505 414.218 1.16364e-05
 10 -1.26104 0.352286 0.88942 1019.81 1013.54 403.89 397.613 1.16317e-05
 11 -1.25915 0.359798 0.927666 999.042 992.757 387.477 381.192 1.16379e-05
 12 -1.25739 0.366149 0.959493 983.169 976.873 375.122 368.827 1.16416e-05
 13 -1.25577 0.367836 0.963659 979.502 973.198 373.916 367.611 1.16456e-05
 14 -1.25414 0.363091 0.926759 991.226 984.926 388.763 382.457 1.16504e-05
 15 -1.25252 0.354132 0.859343 1011.15 1004.9 417.954 411.677 1.16321e-05
 16 -1.25085 0.351537 0.800705 1015.01 1008.76 447.542 441.267 1.16549e-05
 17 -1.24913 0.364283 0.773808 980.395 974.134 463.181 456.898 1.16688e-05
 18 -1.24741 0.392246 0.769571 912.784 906.524 465.978 459.707 1.1639e-05
 19 -1.2457 0.435807 0.783377 820.814 814.577 455.768 449.542 1.16069e-05
 20 -1.24372 0.514777 0.869623 702.333 696.041 412.738 406.491 1.15844e-05
 21 -1.24149 0.591066 1.00557 612.621 606.305 358.625 352.334 1.16103e-05
 22 -1.23925 0.619003 1.09039 580.447 574.151 329.548 323.251 1.16643e-05
 23 -1.23702 0.632637 1.13343 568.271 561.955 317.15 310.834 1.16942e-05
 24 -1.23478 0.636266 1.14545 565.59 559.278 314.145 307.833 1.16751e-05
 25 -1.23263 0.633308 1.13676 568.299 562.01 316.588 310.3 1.16314e-05
 26 -1.23065 0.630798 1.12931 570.526 564.249 318.668 312.391 1.16103e-05
 27 -1.22874 0.629047 1.12412 572.033 565.756 320.099 313.823 1.16103e-05
 28 -1.22586 0.627297 1.11877 573.578 567.302 321.608 315.332 1.16103e-05
 29 -1.2219 0.625279 1.11243 575.371 569.096 323.413 317.138 1.16103e-05
 30 -1.21786 0.623531 1.1067 576.942 570.667 325.066 318.791 1.16103e-05
 31 -1.21381 0.622174 1.10201 578.181 571.906 326.438 320.163 1.16103e-05
 32 -1.20603 0.620422 1.09573 579.796 573.522 328.303 322.029 1.1609e-05
 33 -1.19447 0.618163 1.08712 581.891 575.618 330.89 324.617 1.16078e-05
 34 -1.18281 0.616132 1.07869 583.798 577.525 333.471 327.197 1.1609e-05
 35 -1.17111 0.614409 1.07113 585.429 579.155 335.822 329.548 1.16103e-05
 36 -1.15468 0.612518 1.06258 587.231 580.957 338.519 332.245 1.16103e-05
 37 -1.13355 0.610239 1.05186 589.424 583.15 341.971 335.697 1.16103e-05
 38 -1.1056 0.606733 1.03622 592.844 586.566 347.14 340.861 1.16187e-05
 39 -1.07108 0.601402 1.01343 598.091 591.803 354.946 348.658 1.16358e-05
 40 -1.03746 0.596377 0.990175 603.151 596.875 363.295 357.019 1.16135e-05
 41 -1.00449 0.592313 0.969964 607.262 600.978 370.848 364.564 1.16283e-05
 42 -0.972528 0.588279 0.950628 611.437 605.144 378.397 372.104 1.1646e-05
 43 -0.941755 0.58421 0.93184 615.657 609.378 386.002 379.723 1.16204e-05
 44 -0.9108 0.580446 0.914079 619.697 613.43 393.532 387.265 1.15958e-05
 45 -0.879935 0.57701 0.897453 623.365 617.085 400.808 394.528 1.16207e-05
 46 -0.85077 0.573876 0.882055 626.786 620.491 407.815 401.52 1.16487e-05
 47 -0.822849 0.5709 0.867598 630.045 623.771 414.605 408.33 1.1611e-05
 48 -0.794845 0.568105 0.853757 633.132 626.876 421.318 415.061 1.15782e-05
 49 -0.766841 0.565526 0.840394 636.033 629.762 428.027 421.756 1.16042e-05
 50 -0.740392 0.563481 0.828478 638.288 631.999 434.146 427.857 1.16382e-05
 51 -0.715414 0.562118 0.818566 639.842 633.561 439.407 433.126 1.16233e-05
 52 -0.690288 0.561193 0.810066 640.894 634.619 444.015 437.739 1.16134e-05
 53 -0.665236 0.561197 0.80384 640.893 634.621 447.455 441.182 1.16085e-05
 54 -0.641478 0.561194 0.798124 640.911 634.638 450.667 444.394 1.16084e-05
 55 -0.618792 0.56071 0.791797 641.45 635.174 454.26 447.984 1.16135e-05
 56 -0.596071 0.560602 0.78601 641.643 635.358 457.655 451.369 1.16305e-05
 57 -0.573316 0.560801 0.780484 641.337 635.066 460.84 454.57 1.16044e-05
 58 -0.551672 0.562293 0.77711 639.68 633.415 462.876 456.611 1.1594e-05
 59 -0.53114 0.564893 0.775908 636.683 630.415 463.554 457.286 1.15994e-05
 60 -0.510577 0.568127 0.775809 633.101 626.821 463.643 457.364 1.16205e-05
 61 -0.489983 0.571967 0.77661 628.8 622.501 463.129 456.83 1.16572e-05
 62 -0.470286 0.576719 0.778882 623.685 617.421 461.828 455.563 1.15934e-05
 63 -0.451484 0.582002 0.78218 617.957 611.676 459.83 453.549 1.16242e-05
 64 -0.432655 0.587996 0.786567 611.676 605.367 457.279 450.97 1.16761e-05
 65 -0.413797 0.594762 0.792028 604.64 598.335 454.069 447.764 1.16697e-05
 66 -0.395582 0.602758 0.799365 596.692 590.38 449.957 443.645 1.16813e-05
 67 -0.37801 0.611841 0.808604 587.819 581.505 444.804 438.489 1.16861e-05
 68 -0.360412 0.622054 0.819768 578.082 571.786 438.681 432.384 1.16544e-05
 69 -0.342788 0.634327 0.834286 567.003 560.714 431.126 424.837 1.16386e-05
 70 -0.325469 0.647448 0.850325 555.475 549.195 422.965 416.684 1.16245e-05
 71 -0.308457 0.661105 0.867179 543.992 537.706 414.738 408.452 1.16336e-05
 72 -0.291418 0.675711 0.88521 532.209 525.906 406.274 399.971 1.1666e-05
 73 -0.274354 0.691108 0.903645 520.403 514.118 398.026 391.74 1.1633e-05
 74 -0.257289 0.709955 0.926774 506.545 500.26 388.065 381.779 1.1633e-05
 75 -0.240224 0.734601 0.958929 489.5 483.198 375.012 368.709 1.1666e-05
 76 -0.223185 0.762669 0.996791 471.521 465.235 360.792 354.506 1.16336e-05
 77 -0.206173 0.794233 1.04106 452.767 446.487 345.435 339.155 1.16245e-05
 78 -0.18888 0.826052 1.08662 435.345 429.057 330.965 324.677 1.16385e-05
 79 -0.171307 0.854763 1.12714 420.688 414.392 319.037 312.741 1.16544e-05
 80 -0.153705 0.869086 1.14045 413.851 407.537 315.399 309.084 1.16863e-05
 81 -0.136075 0.857402 1.09614 419.642 413.324 328.254 321.936 1.16875e-05
 82 -0.117792 0.887607 1.08604 405.174 398.873 331.276 324.972 1.1662e-05
 83 -0.0988563 1.0196 1.19399 352.513 346.235 301.103 294.824 1.16268e-05
 84 -0.0846503 1.1938 1.35706 301.221 294.92 264.983 258.682 1.16637e-05
 85 -0.0751732 1.34185 1.50286 267.945 261.633 239.244 232.931 1.16857e-05
 86 -0.0656943 1.48939 1.65519 241.408 235.123 217.228 210.942 1.16353e-05
 87 -0.0562139 1.63996 1.81133 219.253 212.966 198.512 192.225 1.16379e-05
 88 -0.048162 1.79132 1.97008 200.65 194.347 182.447 176.144 1.16716e-05
 89 -0.0415382 1.93593 2.12537 185.673 179.382 169.126 162.834 1.16496e-05
 90 -0.0349109 2.07669 2.2814 173.061 166.775 157.532 151.245 1.16432e-05
 91 -0.0282801 2.2121 2.4398 162.516 156.235 147.341 141.061 1.16281e-05
 92 -0.0225491 2.29571 2.55359 156.516 150.247 140.696 134.427 1.16134e-05
 93 -0.0177176 2.30396 2.59807 156.052 149.772 138.377 132.097 1.1626e-05
 94 -0.0127042 2.20891 2.5386 162.781 156.492 141.619 135.331 1.16419e-05
 95 -0.00750913 2.03958 2.42455 176.086 169.829 148.181 141.923 1.15952e-05
 96 -0.00327445 2.06185 2.47231 174.14 167.863 145.281 139.002 1.16363e-05
 97 0 2.27806 2.66244 157.936 151.644 135.093 128.803 1.16397e-05
 98 0.00271143 2.41869 2.77475 148.687 142.411 129.569 123.295 1.16148e-05
 99 0.00485974 2.48843 2.82212 144.527 138.249 127.401 121.125 1.16192e-05
 100 0.00663124 2.53346 2.85392 141.945 135.678 125.977 119.712 1.15992e-05
 101 0.00802592 2.5576 2.86745 140.563 134.293 125.35 119.081 1.16098e-05
 102 0.00974186 2.58255 2.88423 139.242 132.942 124.656 118.357 1.16611e-05
 103 0.0117788 2.56399 2.8545 139.987 133.685 125.732 119.43 1.16876e-05
 104 0.0170166 2.56741 2.85365 139.971 133.688 125.931 119.648 1.16369e-05
 105 0.0254559 2.59771 2.88367 138.418 132.133 124.688 118.403 1.16353e-05
 106 0.0329251 2.59696 2.8784 138.396 132.12 124.861 118.585 1.16237e-05
 107 0.039424 2.59131 2.87018 138.661 132.383 125.188 118.91 1.16302e-05
 108 0.0459233 2.58138 2.85838 139.261 132.982 125.766 119.487 1.16264e-05
 109 0.0524233 2.55467 2.82769 140.652 134.381 127.072 120.801 1.16163e-05
 110 0.0589132 2.47614 2.73716 145.073 138.803 131.243 124.972 1.16193e-05
 111 0.0653931 2.3633 2.61025 151.982 145.704 137.613 131.335 1.16332e-05
 112 0.0718712 2.25438 2.49192 159.382 153.096 144.201 137.914 1.16464e-05
 113 0.0783469 2.13529 2.36405 168.247 161.971 151.976 145.699 1.16292e-05
 114 0.0852405 1.95931 2.17193 183.413 177.13 165.47 159.188 1.16359e-05
 115 0.0925522 1.75843 1.95763 204.32 198.016 183.55 177.246 1.16783e-05
 116 0.0998657 1.61339 1.8167 222.838 216.528 197.92 191.61 1.16822e-05
 117 0.107182 1.53694 1.75536 233.932 227.62 204.852 198.539 1.16851e-05
 118 0.112314 1.50931 1.74399 238.266 231.953 206.229 199.915 1.16848e-05
 119 0.115823 1.50072 1.75465 239.635 233.339 204.996 198.699 1.16534e-05
 120 0.120597 1.50489 1.7843 239.001 232.704 201.604 195.306 1.16532e-05
 121 0.126074 1.50992 1.81501 238.179 231.881 198.172 191.873 1.16563e-05
 122 0.133088 1.50346 1.82903 239.181 232.909 196.631 190.358 1.161e-05
 123 0.14164 1.49016 1.82989 241.318 235.029 196.537 190.247 1.16414e-05
 124 0.149864 1.47193 1.81878 244.285 237.979 197.718 191.411 1.16728e-05
 125 0.157761 1.45012 1.79987 247.951 241.66 199.785 193.494 1.16459e-05
 126 0.166641 1.42142 1.77007 252.964 246.666 203.152 196.854 1.16574e-05
 127 0.176506 1.38821 1.73311 258.995 252.691 207.468 201.164 1.1671e-05
 128 0.18637 1.35624 1.69728 265.107 258.818 211.853 205.563 1.16427e-05
 129 0.196234 1.32591 1.6637 271.174 264.894 216.131 209.85 1.16259e-05
 130 0.206736 1.29979 1.6363 276.632 270.358 219.756 213.482 1.16146e-05
 131 0.217876 1.27748 1.61354 281.489 275.194 222.875 216.58 1.16519e-05
 132 0.229016 1.25597 1.59049 286.294 279.98 226.091 219.777 1.16867e-05
 133 0.240156 1.2304 1.56186 292.219 285.92 230.213 223.913 1.16611e-05
 134 0.256866 1.19799 1.52496 300.152 293.876 235.805 229.529 1.1617e-05
 135 0.279145 1.16407 1.48516 308.926 302.632 242.145 235.851 1.16487e-05
 136 0.299899 1.13264 1.44691 317.448 311.157 248.506 242.215 1.16462e-05
 137 0.319127 1.10498 1.41311 325.432 319.164 254.479 248.211 1.16019e-05
 138 0.338327 1.07976 1.38241 333.031 326.731 260.128 253.827 1.16622e-05
 139 0.357499 1.05728 1.35524 340.098 333.79 265.333 259.025 1.16763e-05
 140 0.375911 1.04072 1.33625 345.512 339.224 269.104 262.816 1.16386e-05
 141 0.393563 1.02813 1.32214 349.803 343.536 272.021 265.754 1.15994e-05
 142 0.411243 1.01589 1.30754 353.939 347.677 274.999 268.736 1.15934e-05
 143 0.428949 1.00408 1.29254 358.133 351.855 278.213 271.935 1.16207e-05
 144 0.446309 0.988068 1.27037 363.913 357.61 283.049 276.745 1.16684e-05
 145 0.463322 0.96968 1.24475 370.83 364.523 288.888 282.582 1.16731e-05
 146 0.480309 0.953521 1.22325 377.145 370.86 293.99 287.705 1.1633e-05
 147 0.49727 0.939047 1.2048 382.881 376.598 298.431 292.149 1.16308e-05
 148 0.514354 0.926305 1.18912 388.203 381.904 302.409 296.11 1.16593e-05
 149 0.531559 0.914537 1.17503 393.219 386.928 306.052 299.761 1.16446e-05
 150 0.548739 0.903619 1.16224 397.982 391.676 309.429 303.124 1.16706e-05
 151 0.565893 0.892259 1.14879 402.943 396.615 312.968 306.64 1.17163e-05
 152 0.583705 0.876489 1.12844 410.258 403.976 318.664 312.382 1.16288e-05
 153 0.602174 0.857087 1.10314 419.554 413.282 325.978 319.707 1.16081e-05
 154 0.620616 0.839085 1.08109 428.519 422.212 332.601 326.293 1.16762e-05
 155 0.63903 0.822229 1.06174 437.335 431.035 338.685 332.384 1.1662e-05
 156 0.658539 0.804188 1.04157 447.153 440.886 345.252 338.984 1.16017e-05
 157 0.679144 0.785461 1.02121 457.85 451.596 352.162 345.909 1.15741e-05
 158 0.699718 0.767352 1.0026 468.641 462.348 358.688 352.395 1.16487e-05
 159 0.720261 0.748874 0.984405 480.192 473.872 365.306 358.986 1.16982e-05
 160 0.742255 0.726839 0.961987 494.739 488.446 373.81 367.518 1.16478e-05
 161 0.765703 0.701546 0.936009 512.598 506.321 384.203 377.926 1.16174e-05
 162 0.789114 0.676404 0.912212 531.7 525.428 394.262 387.99 1.16078e-05
 163 0.812488 0.653393 0.894731 550.379 544.105 401.935 395.661 1.16135e-05
 164 0.837344 0.637564 0.892204 564.057 557.777 403.08 396.8 1.16235e-05
 165 0.863916 0.627894 0.900599 572.827 566.533 399.382 393.088 1.16481e-05
 166 0.890567 0.61741 0.905601 582.491 576.178 397.133 390.82 1.16838e-05
 167 0.917061 0.604378 0.905573 595.105 588.803 397.178 390.876 1.16622e-05
 168 0.945697 0.587261 0.89994 612.396 606.102 399.628 393.334 1.16487e-05
 169 0.976568 0.567045 0.891243 634.283 627.991 403.562 397.271 1.16434e-05
 170 1.00744 0.546195 0.884633 658.472 652.18 406.56 400.267 1.16462e-05
 171 1.03822 0.524862 0.881716 685.251 678.929 407.908 401.585 1.17013e-05
 172 1.07104 0.501392 0.882453 717.285 710.971 407.542 401.227 1.16872e-05
 173 1.10641 0.478363 0.894663 751.841 745.532 401.996 395.688 1.1676e-05
 174 1.14189 0.459972 0.926443 781.881 775.577 388.209 381.904 1.16682e-05
 175 1.17717 0.448838 0.980874 801.325 795.022 366.692 360.389 1.16638e-05
 176 1.21403 0.448865 1.06157 801.259 794.937 338.812 332.489 1.17006e-05
 177 1.25227 0.457955 1.15411 785.399 779.097 311.659 305.357 1.16622e-05
 178 1.29051 0.469172 1.23489 766.609 760.327 291.261 284.98 1.16242e-05
 179 1.32874 0.479117 1.29571 750.723 744.42 277.595 271.292 1.16638e-05
 180 1.36868 0.485046 1.33193 741.524 735.219 270.04 263.735 1.16685e-05
 181 1.41031 0.48877 1.35623 735.869 729.583 265.2 258.914 1.1633e-05
 182 1.44153 0.491952 1.37544 731.126 724.84 261.502 255.216 1.16327e-05
 183 1.46235 0.494566 1.39008 727.265 720.998 258.746 252.479 1.15981e-05
 184 1.48316 0.497137 1.40237 723.503 717.255 256.477 250.229 1.15636e-05
 185 1.50398 0.499317 1.41099 720.357 714.097 254.914 248.654 1.15843e-05
 186 1.52012 0.501755 1.42094 716.878 710.605 253.131 246.858 1.16085e-05
 187 1.53158 0.504057 1.42857 713.6 707.327 251.773 245.5 1.16085e-05
 188 1.54305 0.505597 1.42954 711.403 705.134 251.593 245.324 1.16015e-05
 189 1.55451 0.50692 1.42933 709.542 703.278 251.629 245.366 1.15912e-05
 190 1.56434 0.507869 1.42765 708.204 701.908 251.92 245.624 1.16523e-05
 191 1.57253 0.508302 1.4233 707.576 701.249 252.683 246.355 1.17105e-05
 192 1.58072 0.508312 1.41661 707.544 701.229 253.872 247.557 1.16873e-05
 193 1.58891 0.507867 1.4083 708.172 701.859 255.377 249.064 1.16839e-05
 194 1.59575 0.508532 1.40913 707.296 700.981 255.244 248.929 1.16871e-05
 195 1.60125 0.509443 1.41143 705.982 699.687 254.804 248.51 1.16491e-05
 196 1.60674 0.508912 1.40272 706.615 700.326 256.35 250.061 1.16414e-05
 197 1.61224 0.505877 1.3779 710.639 704.343 260.898 254.601 1.16584e-05
 198 1.61588 0.501487 1.34706 716.503 710.226 266.747 260.47 1.1628e-05
 199 1.61767 0.497377 1.31875 722.653 716.358 272.559 266.264 1.16572e-05
 200 1.61946 0.492081 1.28532 730.389 724.074 279.635 273.319 1.16955e-05
 201 1.62125 0.485897 1.24871 739.699 733.397 287.848 281.545 1.16709e-05
 202 1.62299 0.4799 1.21526 749.412 743.115 295.923 289.627 1.16535e-05
 203 1.62468 0.472865 1.17988 760.763 754.493 304.831 298.562 1.16029e-05
 204 1.62638 0.462704 1.13063 778.786 772.507 318.453 312.179 1.15983e-05
 205 1.62807 0.444653 1.04874 816.637 810.275 344.455 338.127 1.16609e-05
 206 1.62972 0.402241 0.920885 893.922 887.807 389.438 383.338 1.13212e-05
 207 1.63131 0.363158 0.82706 984.567 978.412 432.98 426.815 1.14588e-05
 208 1.63352 0.339251 0.775897 1053.7 1047.36 462.46 456.089 1.18173e-05
 209 1.63636 0.330122 0.7481 1082.49 1076.22 478.907 472.625 1.16723e-05
 210 1.6392 0.337973 0.765 1061.46 1055.19 468.877 462.611 1.16271e-05
 211 1.64203 0.351679 0.814901 1022.81 1016.55 441.116 434.857 1.15893e-05
 212 1.64489 0.362609 0.868552 991.591 985.306 413.852 407.57 1.1633e-05
 213 1.64775 0.371227 0.92156 968.336 962.025 390.037 383.727 1.16847e-05
 214 1.65062 0.378157 0.973618 950.691 944.385 369.241 362.936 1.16743e-05
 215 1.65349 0.382666 1.01948 939.551 933.247 352.631 346.328 1.16702e-05
