walldist 10461 d
 0.152389 0.144952 0.137645 0.130448 0.123414 0.116582 0.109991 0.103625 0.0975757 0.0918936
 0.0866413 0.0818872 0.0764245 0.0712852 0.0670994 0.0635574 0.0613213 0.0599023 0.0591545 0.0589146
 0.0588004 0.0586809 0.0585698 0.0584906 0.0584351 0.0584124 0.0584878 0.0586661 0.0588902 0.0591598
 0.0595182 0.05994 0.0603554 0.0591703 0.0578408 0.0569364 0.0564411 0.0562087 0.0562421 0.0565311
 0.0570304 0.0577765 0.0587353 0.0589775 0.0579163 0.0566425 0.0552775 0.0538437 0.052361 0.0508907
 0.0494692 0.0480719 0.0467202 0.0454527 0.0442586 0.043077 0.0419092 0.0408259 0.0398269 0.0388637
 0.0379375 0.0371012 0.0363318 0.0355593 0.0347861 0.0340751 0.033437 0.0328256 0.0322415 0.0317457
 0.0313544 0.0310483 0.0308254 0.0308044 0.0316528 0.0334517 0.0345032 0.0337298 0.0330461 0.0324717
 0.0319822 0.0316655 0.0314728 0.031301 0.0311565 0.0310462 0.0309779 0.0309198 0.0308595 0.0308046
 0.0307542 0.0307005 0.0306545 0.0306521 0.0306888 0.0307377 0.0307933 0.0309133 0.0311152 0.0313448
 0.0315744 0.0316466 0.0315691 0.0314916 0.0314188 0.0313321 0.0312597 0.0312109 0.0312247 0.0312985
 0.0314906 0.0318045 0.0321317 0.0331486 0.0363451 0.0413314 0.0476989 0.0550013 0.0629458 0.0713344
 0.0800268 0.0889554 0.0980398 0.107258 0.116577 0.125965 0.135416 0.144919 0.154465 0.164045
 -3 0.148988 0.141373 0.13387 0.126501 0.119264 0.11218 0.105314 0.0987113 0.0923579
 0.0863619 0.080785 0.075705 0.0708508 0.0672169 0.064672 0.0629195 0.0620582 0.0616345 0.0614562
 0.0613295 0.0611429 0.0608683 0.0605014 0.0601113 0.0596994 0.0591733 0.0585317 0.0578521 0.0571437
 0.0563586 0.0555076 0.0546745 0.0538767 0.0527629 0.0515548 0.0507651 0.0503827 0.0502882 0.0504446
 0.0508406 0.051471 0.0523066 0.0531048 0.0529705 0.0522202 0.0512437 0.0501442 0.0489473 0.0477063
 0.0464329 0.0451681 0.0438971 0.0426431 0.0414715 0.0403784 0.0393055 0.0382509 0.0372666 0.036358
 0.0354815 0.0346369 0.0338689 0.0331588 0.0324524 0.0317419 0.0310821 0.030487 0.0299252 0.0293887
 0.0289074 0.0284997 0.0281744 0.0279292 0.027777 0.0278063 0.0287788 0.030809 0.033765 0.0365382
 0.0358741 0.0353143 0.0349372 0.0347059 0.0345008 0.0343237 0.03419 0.0341067 0.034037 0.0339654
 0.0339018 0.0338451 0.0337853 0.0337288 0.0337187 0.0337579 0.0338127 0.0338782 0.0340156 0.034243
 0.0345026 0.0347678 0.0348521 0.0347659 0.0346798 0.0345809 0.0344651 0.0343442 0.0342321 0.0341729
 0.0341731 0.0343049 0.0345905 0.0349074 0.0353632 0.0370594 0.0406275 0.0458807 0.0523573 0.0596772
 0.0675979 0.075939 0.0845837 0.0934598 0.102499 0.111671 0.120948 0.130304 0.139721 0.149194
 0.158712 -3 0.145871 0.138092 0.130401 0.122824 0.115383 0.1081 0.100957 0.0940489
 0.0874314 0.0810938 0.0751663 0.069725 0.0644764 0.0604952 0.0576967 0.0557608 0.0548118 0.0543336
 0.0541412 0.0540394 0.0539062 0.0536982 0.0534096 0.0530913 0.052745 0.0522868 0.0517148 0.051094
 0.0504434 0.0497185 0.0489311 0.048162 0.047406 0.0463916 0.0452958 0.0446464 0.0444057 0.0444267
 0.0447178 0.0452551 0.0459819 0.0468209 0.0470439 0.0468999 0.0463381 0.0456179 0.044761 0.0438022
 0.0427733 0.0417195 0.0406614 0.0395516 0.0384333 0.0373674 0.0363677 0.0354012 0.0344574 0.0335807
 0.032769 0.0319873 0.0312274 0.030534 0.0298927 0.0292549 0.0286132 0.0280163 0.0274722 0.0269543
 0.0264674 0.0260357 0.0256437 0.0253004 0.0250331 0.0248574 0.0247622 0.0248303 0.02596 0.0282211
 0.0314659 0.0350283 0.0385756 0.0383525 0.0380864 0.0378375 0.0376244 0.0374653 0.0373667 0.0372842
 0.0372001 0.0371269 0.0370638 0.0369975 0.0369337 0.0369117 0.0369479 0.037005 0.037077 0.037228
 0.0374766 0.0377624 0.038061 0.0381368 0.0380234 0.0379106 0.0377856 0.0376566 0.0374983 0.0373303
 0.0372092 0.0371419 0.0371688 0.0373943 0.0377265 0.0380648 0.0388075 0.0409858 0.0449852 0.0504553
 0.0570204 0.0643587 0.07226 0.0805601 0.0891618 0.0979885 0.106987 0.116114 0.125351 0.134675
 0.14406 0.153503 -3 0.143021 0.135099 0.127258 0.119488 0.111824 0.104299 0.096944
 0.0897481 0.0827876 0.0761515 0.0698349 0.0639977 0.0582984 0.0539266 0.0508294 0.0486615 0.0475981
 0.0470504 0.04683 0.046755 0.0466782 0.0465341 0.0463208 0.0460725 0.0457908 0.0454004 0.0448996
 0.0443367 0.0437482 0.0430887 0.0423732 0.0416566 0.0409677 0.0400611 0.0391087 0.0385976 0.0384803
 0.0386591 0.0391011 0.0397454 0.0405607 0.0408049 0.0409361 0.0407979 0.0403733 0.0398342 0.0391891
 0.038448 0.0376231 0.0367748 0.0358951 0.0349921 0.0340556 0.0331336 0.0322453 0.0313687 0.0305251
 0.0297509 0.0290378 0.0283551 0.0276935 0.0270889 0.0265275 0.0259652 0.0253937 0.024864 0.0243825
 0.0239186 0.0234763 0.0230907 0.0227495 0.0224222 0.022137 0.0219379 0.021819 0.0217577 0.021874
 0.0231756 0.0257191 0.0288076 0.0319759 0.0346094 0.0365116 0.0384733 0.0404726 0.0408971 0.04078
 0.0406783 0.0405816 0.0404991 0.0404299 0.0403574 0.0402862 0.0402548 0.0402812 0.040339 0.0404161
 0.0405786 0.0408456 0.0411554 0.0414854 0.0415536 0.0413947 0.0412419 0.0410635 0.0408938 0.040699
 0.0404947 0.0403196 0.0401914 0.0401115 0.0402276 0.0405279 0.0408657 0.0412884 0.0423813 0.0450432
 0.0493877 0.0550503 0.0616901 0.0690462 0.0769309 0.0851956 0.0937586 0.102541 0.111501 0.120587
 0.129785 0.139074 0.148432 -3 0.140499 0.132426 0.124416 0.116484 0.108645 0.100887
 0.093263 0.0858139 0.0785595 0.0715322 0.0648716 0.0585842 0.0523822 0.0475512 0.0440732 0.0416266
 0.0404098 0.0397948 0.0395356 0.0394768 0.0394542 0.039379 0.0392368 0.0390556 0.0388369 0.0385143
 0.0380851 0.0375827 0.0370611 0.0364749 0.0358328 0.0351788 0.0345803 0.0337693 0.0329771 0.0326166
 0.032667 0.0330054 0.0335675 0.0343045 0.0345901 0.0347355 0.0348009 0.0346816 0.034361 0.0339586
 0.0334831 0.0329184 0.0322943 0.0316195 0.0309306 0.0302118 0.0294581 0.0287037 0.0279583 0.0272054
 0.0264603 0.0257807 0.0251681 0.0245894 0.024037 0.0235283 0.0230545 0.0225753 0.0220825 0.0216204
 0.0212038 0.0208061 0.0204202 0.0200767 0.0197759 0.0195019 0.0192352 0.0190183 0.0188758 0.018791
 0.0187618 0.0189432 0.0204564 0.0228705 0.0255604 0.0278939 0.0296248 0.0314303 0.0332929 0.034654
 0.0354921 0.0363407 0.0371902 0.0378719 0.0383942 0.0389393 0.0395667 0.0402233 0.0408194 0.0413808
 0.0419378 0.0425026 0.0430335 0.0434898 0.0439215 0.0451195 0.0449041 0.0447031 0.0444616 0.0442315
 0.0439615 0.0437001 0.0434932 0.0433119 0.0431403 0.0431153 0.0433467 0.0436953 0.0440277 0.0445388
 0.0460777 0.0491997 0.0538386 0.0596608 0.0663666 0.0737394 0.0816086 0.0898444 0.0983731 0.107113
 0.116034 0.125085 0.134246 0.143501 -3 0.138295 0.130107 0.121953 0.113849 0.105816
 0.0978692 0.090032 0.0822931 0.0747287 0.067397 0.0602861 0.0535919 0.0468102 0.0414433 0.0375104
 0.0347016 0.0332929 0.0325803 0.0322702 0.0322205 0.0322411 0.0322293 0.0321607 0.0320416 0.0318834
 0.0316285 0.0312706 0.0308342 0.0303872 0.0298862 0.0293067 0.0287579 0.0282286 0.0275622 0.0269428
 0.0267557 0.0269726 0.0274449 0.0280966 0.0284169 0.0285419 0.0286388 0.0286613 0.0285637 0.0283241
 0.0280211 0.0276812 0.0272742 0.0268129 0.0263114 0.0257846 0.0252334 0.0246633 0.0240873 0.0235034
 0.0228975 0.0222795 0.0216995 0.0211736 0.0206956 0.0202494 0.0198449 0.0194647 0.0190763 0.01867
 0.0182856 0.0179336 0.0176029 0.0172833 0.0169935 0.0167352 0.0165026 0.016289 0.0160911 0.0159327
 0.0158243 0.015772 0.0157886 0.0160392 0.0174479 0.0194645 0.0214019 0.0229079 0.0245165 0.0262039
 0.0274425 0.0281948 0.0289564 0.0297199 0.0303297 0.0307903 0.0312747 0.031845 0.0324564 0.0330169
 0.0335403 0.0340554 0.0345835 0.0350879 0.03552 0.0359144 0.0372588 0.039571 0.0419014 0.0448375
 0.0476962 0.0473334 0.0469723 0.0467024 0.046493 0.0462397 0.0460853 0.0461923 0.04651 0.0468532
 0.0472033 0.0479239 0.0499106 0.0534377 0.058328 0.0642808 0.0710494 0.0784379 0.0862946 0.0945051
 0.103002 0.111705 0.120587 0.129606 0.138733 -3 0.136424 0.128116 0.119843 0.111611
 0.10343 0.0952884 0.0872211 0.0792552 0.0714193 0.063712 0.0562482 0.0490557 0.041718 0.0357101
 0.0312228 0.0279371 0.0262645 0.025407 0.0250526 0.0250057 0.0250582 0.0250902 0.0250952 0.0250332
 0.0249308 0.0247435 0.0244561 0.024096 0.0237378 0.0233084 0.0228426 0.0223797 0.0219709 0.0214564
 0.0210275 0.021022 0.0213852 0.0219407 0.022267 0.0223782 0.0224574 0.0225031 0.0225137 0.0224308
 0.0222651 0.0220551 0.0218204 0.021537 0.0212214 0.0208736 0.020495 0.0200998 0.019684 0.0192682
 0.0188543 0.0184213 0.0179532 0.0174981 0.0170735 0.0166793 0.0163339 0.0160327 0.015752 0.0154594
 0.0151475 0.0148483 0.0145681 0.0143033 0.0140523 0.013827 0.0136237 0.0134357 0.0132636 0.0131168
 0.0129791 0.0128578 0.0127824 0.0127764 0.0128292 0.013002 0.0140068 0.015341 0.0165109 0.0178398
 0.0192896 0.0203734 0.0210197 0.0216835 0.0223504 0.0228788 0.0232718 0.0236896 0.0241935 0.0247535
 0.0252719 0.0257498 0.0262111 0.0266945 0.0271669 0.0275615 0.0279162 0.0292429 0.0315762 0.0339347
 0.0369109 0.0405252 0.045392 0.050355 0.0499821 0.0497054 0.0494009 0.0491311 0.0490969 0.0493422
 0.0496779 0.0499867 0.0503985 0.0514587 0.0538642 0.0577401 0.0628445 0.068914 0.0757383 0.0831421
 0.0909885 0.0991768 0.107643 0.116314 0.125161 0.13415 -3 0.134924 0.126523 0.118137
 0.109778 0.10145 0.0931624 0.0849268 0.0767538 0.0686383 0.0606423 0.0528067 0.0451596 0.037188
 0.0305443 0.02536 0.0214548 0.019411 0.0183458 0.0178911 0.0178387 0.0179296 0.0179914 0.0180344
 0.0180369 0.0179799 0.0178601 0.0176432 0.0173798 0.017113 0.0167857 0.0164323 0.0161054 0.0158198
 0.0154678 0.0152543 0.0154111 0.0158411 0.0161617 0.0162351 0.0162925 0.0163352 0.0163674 0.016354
 0.0162978 0.0162045 0.0160629 0.015907 0.0157379 0.0155454 0.0153249 0.015084 0.0148302 0.0145638
 0.0142913 0.0140189 0.0137392 0.0134462 0.0131392 0.0128377 0.0125542 0.0122958 0.0120861 0.0119009
 0.0117092 0.0115008 0.0112894 0.0110918 0.0109056 0.0107283 0.0105699 0.0104287 0.0102968 0.0101702
 0.0100633 0.00997497 0.00987872 0.00979275 0.00976422 0.00979388 0.00985255 0.00992268 0.010239 0.0108313
 0.0116842 0.0127529 0.0136005 0.0141128 0.0146428 0.0151879 0.0156166 0.0159313 0.0162682 0.0166928
 0.0171846 0.0176382 0.0180514 0.0184472 0.0188676 0.0192862 0.0196321 0.0199307 0.0212341 0.023582
 0.0259681 0.0289862 0.0326614 0.0376082 0.0438601 0.0501644 0.0529917 0.052604 0.0522419 0.0520838
 0.0522004 0.0525013 0.0528201 0.0531284 0.0536453 0.0551103 0.0579219 0.0620996 0.0673827 0.0735591
 0.0804336 0.0878518 0.0956901 0.103859 0.112296 0.120939 0.129753 -3 0.133927 0.125469
 0.117023 0.108594 0.100185 0.0917858 0.0834144 0.0750833 0.0668076 0.0586099 0.0504807 0.0425085
 0.034029 0.0267996 0.0210198 0.0164328 0.0139549 0.0126333 0.0120535 0.0119855 0.0120696 0.012144
 0.0122056 0.0122367 0.0122142 0.0121492 0.0119965 0.0118361 0.0116406 0.0114236 0.0112026 0.0110002
 0.0108179 0.0106258 0.010571 0.0107866 0.0110694 0.0111499 0.0111937 0.0112251 0.0112496 0.0112531
 0.0112414 0.0112075 0.0111511 0.0110804 0.0109929 0.0108928 0.0107764 0.0106501 0.0105126 0.0103687
 0.0102166 0.0100622 0.00990082 0.00973687 0.00956658 0.0093948 0.00920803 0.00902835 0.00886345 0.00872264
 0.00861211 0.00850206 0.00837695 0.00825319 0.00812781 0.00801081 0.00789989 0.00780045 0.00771206 0.00763084
 0.0075509 0.00747988 0.00742357 0.00737107 0.00730417 0.0072642 0.00727465 0.00731014 0.0073526 0.00738643
 0.00740971 0.00754398 0.00802292 0.00852425 0.00885596 0.00922227 0.00961412 0.0099258 0.0101554 0.0104056
 0.0107377 0.0111309 0.0115 0.0118288 0.0121396 0.0124766 0.0128186 0.0130972 0.0133299 0.0145955
 0.0169484 0.0193557 0.0224116 0.0261392 0.0311642 0.0375206 0.0439167 0.0503382 0.0552988 0.0548674
 0.0546172 0.0546195 0.0548581 0.0551533 0.0554596 0.0558374 0.0566506 0.058659 0.0620167 0.0665979
 0.0721776 0.0785563 0.0855646 0.0930693 0.100966 0.109166 0.117622 0.126272 -3 0.133458
 0.124968 0.116486 0.108015 0.0995574 0.0911171 0.0826993 0.0742976 0.0659232 0.0576005 0.0493556
 0.0411996 0.0324594 0.0248678 0.0186802 0.0136642 0.0108478 0.00930416 0.00863372 0.00852299 0.00859183
 0.00866205 0.00872321 0.00874458 0.00874541 0.00870915 0.00860486 0.00849889 0.00838459 0.00824383 0.00811018
 0.00797402 0.00786099 0.00776529 0.0077771 0.00794696 0.00809221 0.00812444 0.00814644 0.00815739 0.00816673
 0.00816881 0.00816159 0.008141 0.008107 0.00806414 0.00801413 0.0079604 0.00789812 0.0078265 0.00774399
 0.007658 0.0075646 0.0074702 0.00737274 0.00727559 0.00717089 0.00706653 0.00695499 0.00684641 0.00674234
 0.00665376 0.00658217 0.0065199 0.00644503 0.00636851 0.00629324 0.00622343 0.00615441 0.0060923 0.00603727
 0.00598975 0.00594117 0.00589539 0.00585932 0.00582852 0.00579016 0.00575822 0.00575703 0.00577861 0.00580432
 0.00582489 0.00583895 0.00585324 0.00587447 0.00602545 0.00618698 0.00639322 0.00663824 0.00684247 0.00699937
 0.00717459 0.00742057 0.00772049 0.00800058 0.00824679 0.00847982 0.00873224 0.00899311 0.0092065 0.00938148
 0.0106064 0.0129538 0.0153723 0.0184534 0.0222138 0.0272944 0.0337163 0.0401668 0.0466492 0.056409
 0.0564642 0.056155 0.0560926 0.0562879 0.0565648 0.0568808 0.057197 0.0577755 0.0593505 0.0622102
 0.06635 0.0715454 0.0776 0.0843418 0.091624 0.0993302 0.107384 0.115706 0.124255 -3
 0.133197 0.124688 0.116186 0.107691 0.0992062 0.0907331 0.0822761 0.0738404 0.0654315 0.0570392
 0.0486993 0.0404473 0.0315342 0.0237498 0.017308 0.0119682 0.00885824 0.00712992 0.00636504 0.00621896
 0.00627811 0.00631995 0.00635804 0.0063809 0.00639121 0.00636996 0.00631034 0.00623983 0.00617198 0.00609093
 0.00601507 0.00594325 0.00589049 0.00583616 0.00587285 0.0059936 0.00603601 0.00604687 0.00605917 0.00606528
 0.00607041 0.00607147 0.00606727 0.00605576 0.00603699 0.00601315 0.0059852 0.0059552 0.00592046 0.005882
 0.00584063 0.00579433 0.00574574 0.00569632 0.00564572 0.00559161 0.00553513 0.00547971 0.00542244 0.00535834
 0.00529812 0.00524673 0.00520183 0.00516955 0.00512906 0.0050864 0.00504571 0.00500404 0.00496449 0.00492902
 0.00489741 0.0048699 0.00484219 0.00481556 0.00479366 0.00477591 0.00475688 0.00473185 0.00472506 0.00473717
 0.00475154 0.00476293 0.0047709 0.00477886 0.00478688 0.00479302 0.00480063 0.00484146 0.00494404 0.00505638
 0.00514265 0.00525257 0.0054092 0.00560621 0.0057935 0.00595823 0.00611418 0.00621848 0.0063106 0.00640686
 0.00647974 0.00655907 0.0066197 0.00670972 0.00676567 0.00790148 0.010239 0.0126637 0.0157638 0.0195486
 0.0246708 0.0311319 0.0376275 0.044152 0.05397 0.0575545 0.0572207 0.0571163 0.0572602 0.0575263
 0.0578386 0.0581386 0.0586176 0.0599183 0.0624434 0.0662707 0.0711992 0.0770265 0.0835741 0.0906947
 0.098272 0.106217 0.114444 0.122915 -3 0.133022 0.124502 0.115986 0.107475 0.0989714
 0.0904764 0.0819928 0.0735247 0.0650779 0.0566616 0.0482643 0.0399224 0.0309159 0.0229467 0.0162942
 0.0106898 0.00737862 0.00548072 0.0046242 0.00444172 0.00446343 0.00448166 0.00450567 0.00451848 0.00452248
 0.00451239 0.00449281 0.00446688 0.0044392 0.00441073 0.00437968 0.0043509 0.00433422 0.00431874 0.00433054
 0.00437541 0.00439266 0.00439699 0.00440159 0.00440391 0.00440566 0.00440591 0.00440414 0.00439984 0.00439314
 0.00438442 0.00437402 0.00436283 0.00434991 0.00433565 0.00432028 0.004303 0.004285 0.00426664 0.00424779
 0.00422759 0.00420662 0.00418601 0.00416471 0.00414081 0.00411848 0.0040995 0.00408313 0.0040709 0.00405581
 0.00403993 0.00402499 0.00400923 0.00399453 0.00398138 0.00396965 0.00395936 0.00394906 0.00393927 0.00393113
 0.00392446 0.0039174 0.0039081 0.00390559 0.00391016 0.00391549 0.00391972 0.00392266 0.00392568 0.00392859
 0.00393086 0.00393244 0.00393408 0.00393579 0.00394189 0.00395262 0.00399116 0.00405488 0.00414486 0.00422545
 0.00429634 0.00436372 0.00442216 0.00446538 0.00450499 0.0045402 0.00457181 0.00460006 0.0046258 0.00464381
 0.00564178 0.00784585 0.0102737 0.0133924 0.017201 0.022363 0.0288587 0.0353954 0.0419575 0.0518267
 0.0585201 0.0581631 0.0580196 0.058131 0.0583747 0.0586812 0.0589812 0.0594005 0.0604648 0.0627225
 0.0662706 0.070952 0.0765692 0.0829418 0.0899178 0.0973758 0.105214 0.113359 0.121755 -3
 0.132948 0.124423 0.115901 0.107384 0.0988724 0.0903681 0.0818733 0.0733914 0.0649273 0.056489
 0.0480821 0.0397027 0.0306332 0.0226047 0.0158699 0.010148 0.00672487 0.00471604 0.00359545 0.003181
 0.00318582 0.00318884 0.00319346 0.00319603 0.0031958 0.00319153 0.00319073 0.00318708 0.00318254 0.00317705
 0.00317152 0.00316659 0.00316382 0.00316063 0.00316082 0.0031692 0.00317407 0.00317521 0.00317611 0.00317657
 0.00317673 0.00317662 0.00317605 0.00317526 0.0031743 0.00317281 0.00317088 0.00316876 0.00316634 0.00316366
 0.00316079 0.00315751 0.00315417 0.00315077 0.00314728 0.00314348 0.00313958 0.00313573 0.0031317 0.00312714
 0.00312308 0.00311969 0.00311673 0.00311442 0.00311157 0.00310857 0.00310582 0.00310286 0.00310004 0.00309758
 0.00309544 0.00309348 0.00309158 0.00308987 0.00308833 0.00308702 0.00308566 0.00308394 0.00308355 0.00308447
 0.00308547 0.00308626 0.00308681 0.00308738 0.00308787 0.00308831 0.00308861 0.00308894 0.00308925 0.00308956
 0.00308972 0.00309028 0.00309333 0.00311433 0.00313271 0.00314643 0.00316024 0.00317299 0.00318214 0.0031905
 0.00319796 0.00320444 0.00321028 0.00321574 0.00321442 0.00213651 0.00213648 0.00213503 0.00213514 0.00213525
 0.00213437 0.00213222 0.00213482 0.00213599 0.00213654 0.00213639 0.00213669 0.00213708 0.00213739 0.00213716
 0.00213534 0.00213532 0.00213678 0.00213706 0.00213711 0.00213713 0.002137 0.00213686 0.00213663 0.00213663
 0.00213689 0.00213701 0.00213704 0.00213703 0.00213705 0.00213706 0.00213708 0.00213704 0.00213704 0.00213709
 0.00213712 0.0021371 0.00213713 0.00213717 0.00213715 0.00213707 0.00213719 0.00213732 0.00213739 0.00213737
 0.00213737 0.00213736 0.00213739 0.00213741 0.00213735 0.00213733 0.00213741 0.00213739 0.0021374 0.00213751
 0.00213754 0.00213748 0.00213741 0.00213742 0.00213747 0.00213754 0.00213758 0.00213758 0.00213755 0.00213752
 0.0021375 0.0021375 0.00213754 0.00213756 0.00213755 0.00213754 0.00213753 0.00213747 0.00213574 0.0021348
 0.00213586 0.00213609 0.00213594 0.0021366 0.00213664 0.00213668 0.00213671 0.00213679 0.00213676 0.00213673
 0.00213672 0.0014366 0.00143656 0.00143558 0.00143565 0.00143571 0.00143513 0.00143368 0.00143545 0.00143625
 0.00143663 0.00143653 0.00143673 0.00143699 0.00143721 0.00143707 0.00143585 0.00143586 0.00143681 0.00143697
 0.00143701 0.00143703 0.00143692 0.00143681 0.00143667 0.00143667 0.00143685 0.00143695 0.00143695 0.00143691
 0.00143693 0.00143696 0.001437 0.00143697 0.00143698 0.00143703 0.00143703 0.00143699 0.00143698 0.00143702
 0.00143707 0.001437 0.00143707 0.00143718 0.00143718 0.00143715 0.00143719 0.00143719 0.00143718 0.00143717
 0.00143714 0.00143714 0.00143722 0.00143721 0.00143719 0.00143726 0.00143729 0.00143724 0.00143721 0.00143723
 0.00143723 0.00143727 0.00143731 0.0014373 0.00143727 0.00143724 0.00143725 0.00143725 0.00143726 0.00143729
 0.0014373 0.0014373 0.00143729 0.00143722 0.00143605 0.00143546 0.00143619 0.00143632 0.00143622 0.00143667
 0.00143669 0.0014367 0.00143671 0.00143677 0.00143676 0.00143675 0.00143674 0.000978539 0.000978533 0.000977837
 0.00097788 0.000977956 0.000977571 0.000976546 0.000977722 0.000978277 0.000978547 0.000978461 0.000978606 0.000978823
 0.00097899 0.000978862 0.000978014 0.00097803 0.000978711 0.000978836 0.000978838 0.000978828 0.000978716 0.000978659
 0.000978591 0.000978591 0.000978702 0.000978759 0.000978797 0.000978775 0.000978746 0.000978738 0.000978747 0.000978746
 0.00097879 0.000978811 0.000978815 0.000978821 0.000978808 0.000978806 0.000978848 0.000978791 0.000978835 0.000978937
 0.000978899 0.000978868 0.000978893 0.000978909 0.000978936 0.000978914 0.000978889 0.000978904 0.000978966 0.000978946
 0.000978962 0.000978972 0.000978925 0.000978943 0.000978967 0.000978961 0.000978959 0.000978981 0.000978983 0.000978979
 0.000978982 0.000978987 0.000978997 0.000978996 0.000978979 0.000978975 0.000979002 0.000979027 0.000978991 0.000978917
 0.000978143 0.000977772 0.000978253 0.000978308 0.000978249 0.000978559 0.000978584 0.000978612 0.000978602 0.000978631
 0.000978633 0.000978624 0.000978621 0.00066659 0.000666604 0.000666122 0.000666173 0.000666233 0.000665951 0.000665238
 0.000666002 0.000666406 0.000666583 0.000666497 0.000666647 0.000666814 0.000666912 0.000666821 0.00066622 0.00066621
 0.000666698 0.000666817 0.000666796 0.000666794 0.000666716 0.000666678 0.000666649 0.000666649 0.000666721 0.000666759
 0.000666775 0.00066676 0.000666751 0.000666732 0.000666716 0.000666715 0.000666765 0.000666778 0.000666769 0.000666773
 0.000666787 0.000666782 0.000666793 0.000666772 0.000666802 0.00066684 0.000666837 0.000666848 0.000666852 0.000666858
 0.00066688 0.000666904 0.00066691 0.000666879 0.00066688 0.000666877 0.000666917 0.000666905 0.00066685 0.000666845
 0.00066688 0.000666884 0.000666861 0.000666877 0.000666879 0.000666877 0.000666879 0.000666883 0.000666889 0.000666889
 0.000666879 0.000666875 0.000666891 0.00066691 0.000666887 0.000666865 0.000666348 0.00066606 0.0006664 0.000666454
 0.000666393 0.000666597 0.000666624 0.000666655 0.000666649 0.000666671 0.000666677 0.000666669 0.000666662 0.00045379
 0.000453784 0.000453437 0.000453477 0.000453511 0.000453344 0.000452897 0.000453416 0.000453643 0.000453762 0.000453754
 0.000453845 0.000453921 0.000453997 0.000453961 0.000453553 0.000453523 0.000453843 0.000453921 0.000453885 0.000453912
 0.00045389 0.000453861 0.000453842 0.000453842 0.000453904 0.000453932 0.000453913 0.000453861 0.00045387 0.000453896
 0.000453897 0.000453892 0.000453906 0.000453912 0.00045393 0.000453929 0.000453943 0.000453959 0.000453954 0.000453931
 0.000453935 0.000453947 0.00045399 0.000454018 0.000453997 0.000453977 0.000453993 0.000454001 0.000453988 0.000453991
 0.000453997 0.000453992 0.000454006 0.000454019 0.000453997 0.00045396 0.000453969 0.000453983 0.000453994 0.00045401
 0.00045401 0.00045401 0.000454013 0.000454016 0.000453982 0.000453981 0.000454012 0.00045401 0.000454021 0.000454033
 0.000454019 0.000454023 0.00045366 0.000453417 0.000453652 0.000453721 0.000453669 0.0004538 0.000453825 0.000453839
 0.000453844 0.000453865 0.000453857 0.000453843 0.000453846 0.000309368 0.000309376 0.000309121 0.000309112 0.000309145
 0.000309082 0.000308786 0.000309133 0.000309289 0.000309382 0.000309377 0.000309402 0.000309457 0.000309497 0.00030948
 0.000309213 0.000309193 0.000309406 0.000309406 0.000309417 0.000309469 0.000309454 0.00030945 0.000309418 0.000309418
 0.00030945 0.000309454 0.000309456 0.000309432 0.000309434 0.000309463 0.000309488 0.000309459 0.000309442 0.000309433
 0.000309463 0.000309482 0.000309507 0.000309534 0.00030949 0.000309436 0.000309458 0.000309497 0.000309492 0.000309481
 0.000309501 0.000309506 0.000309506 0.000309486 0.000309474 0.000309512 0.000309546 0.000309555 0.00030952 0.000309506
 0.000309501 0.000309474 0.000309484 0.000309512 0.000309538 0.000309544 0.000309544 0.000309544 0.000309545 0.000309547
 0.000309512 0.000309511 0.000309544 0.000309544 0.000309551 0.000309557 0.000309546 0.000309527 0.000309263 0.000309118
 0.000309282 0.000309337 0.000309298 0.000309373 0.000309397 0.000309414 0.000309413 0.00030942 0.000309402 0.000309388
 0.0003094 0.0002111 0.000211129 0.00021097 0.000210953 0.000210976 0.000210887 0.000210674 0.000210946 0.000211053
 0.000211124 0.000211099 0.000211121 0.000211183 0.000211175 0.000211157 0.000210947 0.000210927 0.000211098 0.000211123
 0.000211158 0.000211181 0.00021114 0.000211102 0.000211097 0.000211097 0.000211145 0.000211183 0.000211161 0.000211146
 0.000211149 0.000211173 0.000211184 0.000211132 0.000211136 0.000211126 0.000211117 0.000211158 0.000211172 0.000211163
 0.000211129 0.000211111 0.000211171 0.000211199 0.000211155 0.000211137 0.000211193 0.000211212 0.00021118 0.000211167
 0.000211179 0.000211195 0.000211198 0.000211201 0.000211192 0.000211167 0.000211181 0.000211184 0.000211174 0.000211178
 0.000211185 0.000211187 0.000211187 0.000211187 0.000211187 0.000211187 0.000211189 0.000211189 0.000211187 0.000211187
 0.000211191 0.000211195 0.000211187 0.000211157 0.000210976 0.000210904 0.000211037 0.000211078 0.000211032 0.00021107
 0.000211098 0.000211114 0.000211103 0.000211107 0.000211109 0.000211114 0.000211113 0.000143705 0.000143713 0.000143609
 0.000143602 0.000143621 0.00014353 0.000143385 0.000143591 0.00014365 0.000143662 0.000143645 0.000143693 0.000143723
 0.000143733 0.000143734 0.000143575 0.000143545 0.00014368 0.000143717 0.000143721 0.000143704 0.000143656 0.000143638
 0.000143653 0.000143653 0.000143677 0.000143693 0.000143712 0.000143724 0.000143721 0.000143704 0.000143678 0.000143663
 0.000143679 0.000143676 0.000143665 0.000143699 0.000143702 0.000143689 0.000143702 0.000143707 0.000143716 0.000143723
 0.000143712 0.000143721 0.000143739 0.000143715 0.000143699 0.000143727 0.000143719 0.000143709 0.000143716 0.000143701
 0.000143715 0.000143719 0.000143725 0.000143725 0.000143722 0.000143699 0.000143712 0.00014376 0.00014376 0.00014376
 0.000143761 0.000143761 0.000143725 0.000143725 0.00014376 0.00014376 0.000143727 0.000143694 0.000143725 0.00014371
 0.000143562 0.000143511 0.000143585 0.000143631 0.000143616 0.000143646 0.000143673 0.000143669 0.000143654 0.000143662
 0.000143664 0.000143677 0.000143679 9.79008e-05 9.78909e-05 9.78106e-05 9.77945e-05 9.7816e-05 9.77656e-05 9.76418e-05
 9.7755e-05 9.78395e-05 9.78553e-05 9.78267e-05 9.78608e-05 9.78711e-05 9.79008e-05 9.79195e-05 9.78454e-05 9.78209e-05
 9.78735e-05 9.78888e-05 9.79159e-05 9.7902e-05 9.78421e-05 9.78329e-05 9.78499e-05 9.78499e-05 9.78294e-05 9.78366e-05
 9.7902e-05 9.79429e-05 9.79325e-05 9.78721e-05 9.78587e-05 9.7842e-05 9.7846e-05 9.78869e-05 9.78682e-05 9.78623e-05
 9.78724e-05 9.79083e-05 9.79078e-05 9.78704e-05 9.78901e-05 9.79021e-05 9.78839e-05 9.78899e-05 9.78833e-05 9.78398e-05
 9.78441e-05 9.78985e-05 9.79275e-05 9.79151e-05 9.78861e-05 9.78919e-05 9.79128e-05 9.79229e-05 9.79165e-05 9.78862e-05
 9.7907e-05 9.79071e-05 9.79147e-05 9.79547e-05 9.79547e-05 9.79547e-05 9.79563e-05 9.7958e-05 9.79234e-05 9.79238e-05
 9.79568e-05 9.79547e-05 9.79217e-05 9.78887e-05 9.79217e-05 9.79274e-05 9.78022e-05 9.77528e-05 9.78024e-05 9.78299e-05
 9.78218e-05 9.78505e-05 9.78842e-05 9.7875e-05 9.78524e-05 9.78508e-05 9.78567e-05 9.78691e-05 9.78633e-05 6.66798e-05
 6.66476e-05 6.66162e-05 6.66291e-05 6.66531e-05 6.65823e-05 6.64769e-05 6.65787e-05 6.66567e-05 6.66619e-05 6.66413e-05
 6.66792e-05 6.66991e-05 6.67147e-05 6.67137e-05 6.66832e-05 6.66663e-05 6.66724e-05 6.67004e-05 6.67084e-05 6.66689e-05
 6.66313e-05 6.66089e-05 6.66309e-05 6.66309e-05 6.66089e-05 6.66313e-05 6.66689e-05 6.67264e-05 6.67122e-05 6.66457e-05
 6.66541e-05 6.66437e-05 6.66718e-05 6.67044e-05 6.6667e-05 6.66517e-05 6.66635e-05 6.66788e-05 6.66655e-05 6.66426e-05
 6.66944e-05 6.67202e-05 6.66869e-05 6.66909e-05 6.66973e-05 6.66797e-05 6.66654e-05 6.66855e-05 6.67324e-05 6.67246e-05
 6.66622e-05 6.6669e-05 6.66941e-05 6.67015e-05 6.67217e-05 6.67261e-05 6.67184e-05 6.66857e-05 6.66905e-05 6.67164e-05
 6.67164e-05 6.67164e-05 6.67172e-05 6.67181e-05 6.67193e-05 6.67206e-05 6.67185e-05 6.67164e-05 6.67185e-05 6.67206e-05
 6.67185e-05 6.67003e-05 6.66156e-05 6.66023e-05 6.66637e-05 6.66618e-05 6.66311e-05 6.66461e-05 6.66739e-05 6.66753e-05
 6.66612e-05 6.66578e-05 6.66596e-05 6.66669e-05 6.66669e-05 4.536e-05 4.53522e-05 4.53398e-05 4.536e-05 4.53689e-05
 4.53346e-05 4.52726e-05 4.53201e-05 4.53726e-05 4.53632e-05 4.53669e-05 4.54113e-05 4.54462e-05 4.547e-05 4.54116e-05
 4.53859e-05 4.53731e-05 4.53723e-05 4.53932e-05 4.5378e-05 4.53737e-05 4.53842e-05 4.53787e-05 4.53758e-05 4.53758e-05
 4.53787e-05 4.53842e-05 4.53737e-05 4.5387e-05 4.53837e-05 4.5345e-05 4.53332e-05 4.53605e-05 4.54289e-05 4.54255e-05
 4.53943e-05 4.5412e-05 4.54029e-05 4.53887e-05 4.54012e-05 4.541e-05 4.54321e-05 4.54288e-05 4.54054e-05 4.54077e-05
 4.5433e-05 4.54212e-05 4.53724e-05 4.54074e-05 4.54318e-05 4.54008e-05 4.54022e-05 4.54067e-05 4.53994e-05 4.53692e-05
 4.53829e-05 4.54129e-05 4.5427e-05 4.54173e-05 4.53967e-05 4.54023e-05 4.54023e-05 4.54023e-05 4.54021e-05 4.54019e-05
 4.54021e-05 4.54023e-05 4.54023e-05 4.54023e-05 4.54023e-05 4.54023e-05 4.54023e-05 4.53792e-05 4.53137e-05 4.53312e-05
 4.54002e-05 4.54012e-05 4.53738e-05 4.53647e-05 4.53714e-05 4.53892e-05 4.5389e-05 4.53864e-05 4.53709e-05 4.53656e-05
 4.53826e-05 3.09329e-05 3.09604e-05 3.09198e-05 3.08988e-05 3.09022e-05 3.0925e-05 3.09085e-05 3.09175e-05 3.09214e-05
 3.09269e-05 3.09539e-05 3.09447e-05 3.09557e-05 3.09949e-05 3.09361e-05 3.09136e-05 3.0939e-05 3.0943e-05 3.09293e-05
 3.09148e-05 3.0931e-05 3.09454e-05 3.09649e-05 3.09627e-05 3.09627e-05 3.09649e-05 3.09454e-05 3.0931e-05 3.09149e-05
 3.09506e-05 3.09685e-05 3.09343e-05 3.09125e-05 3.09616e-05 3.09719e-05 3.09521e-05 3.0998e-05 3.09723e-05 3.09666e-05
 3.09686e-05 3.0954e-05 3.09864e-05 3.09713e-05 3.09556e-05 3.09266e-05 3.09443e-05 3.0947e-05 3.09052e-05 3.09393e-05
 3.09552e-05 3.09768e-05 3.10004e-05 3.09985e-05 3.10053e-05 3.09491e-05 3.09229e-05 3.09474e-05 3.09762e-05 3.09986e-05
 3.09772e-05 3.09561e-05 3.09561e-05 3.09561e-05 3.09555e-05 3.09548e-05 3.09555e-05 3.09561e-05 3.09561e-05 3.09561e-05
 3.09561e-05 3.09561e-05 3.09561e-05 3.09428e-05 3.08984e-05 3.08898e-05 3.09319e-05 3.09468e-05 3.09269e-05 3.09095e-05
 3.09117e-05 3.0943e-05 3.095e-05 3.09432e-05 3.09389e-05 3.09317e-05 3.09291e-05 1.83958e-05 1.84083e-05 1.83595e-05
 1.83605e-05 1.83572e-05 1.83656e-05 1.83827e-05 1.84122e-05 1.83944e-05 1.84024e-05 1.84072e-05 1.8382e-05 1.84002e-05
 1.84134e-05 1.83748e-05 1.83723e-05 1.84115e-05 1.84341e-05 1.84043e-05 1.83714e-05 1.83506e-05 1.83572e-05 1.83972e-05
 1.83896e-05 1.83896e-05 1.83972e-05 1.83572e-05 1.83506e-05 1.83716e-05 1.84149e-05 1.84467e-05 1.84278e-05 1.83856e-05
 1.83911e-05 1.83729e-05 1.83658e-05 1.84243e-05 1.83913e-05 1.83831e-05 1.83658e-05 1.8348e-05 1.83867e-05 1.8389e-05
 1.83799e-05 1.83501e-05 1.83599e-05 1.83793e-05 1.8376e-05 1.83541e-05 1.83422e-05 1.83911e-05 1.84123e-05 1.84044e-05
 1.84016e-05 1.83912e-05 1.83843e-05 1.83808e-05 1.83805e-05 1.83987e-05 1.83954e-05 1.83827e-05 1.83827e-05 1.83827e-05
 1.83815e-05 1.83802e-05 1.83815e-05 1.83827e-05 1.83827e-05 1.83827e-05 1.83827e-05 1.83827e-05 1.83827e-05 1.83814e-05
 1.83886e-05 1.83881e-05 1.83849e-05 1.83642e-05 1.83355e-05 1.83457e-05 1.83674e-05 1.83924e-05 1.83926e-05 1.83816e-05
 1.83934e-05 1.83896e-05 1.83791e-05 5.81984e-06 5.81813e-06 5.79759e-06 5.82095e-06 5.81302e-06 5.80668e-06 5.81404e-06
 5.8216e-06 5.82482e-06 5.83578e-06 5.81897e-06 5.81767e-06 5.84286e-06 5.83184e-06 5.81342e-06 5.83098e-06 5.84377e-06
 5.84313e-06 5.82718e-06 5.81925e-06 5.81227e-06 5.8168e-06 5.83298e-06 5.81651e-06 5.81651e-06 5.83298e-06 5.81681e-06
 5.81226e-06 5.8193e-06 5.82719e-06 5.84307e-06 5.84066e-06 5.83483e-06 5.83806e-06 5.81209e-06 5.79668e-06 5.82859e-06
 5.81023e-06 5.79968e-06 5.797e-06 5.80219e-06 5.81525e-06 5.80677e-06 5.8042e-06 5.80423e-06 5.80671e-06 5.81164e-06
 5.81912e-06 5.80212e-06 5.78911e-06 5.80551e-06 5.82434e-06 5.81036e-06 5.79792e-06 5.8102e-06 5.82299e-06 5.81415e-06
 5.80674e-06 5.8179e-06 5.80937e-06 5.80515e-06 5.80515e-06 5.80515e-06 5.80452e-06 5.80389e-06 5.80452e-06 5.80515e-06
 5.80515e-06 5.80515e-06 5.80515e-06 5.80516e-06 5.80515e-06 5.81568e-06 5.83757e-06 5.84712e-06 5.83216e-06 5.80513e-06
 5.7922e-06 5.80346e-06 5.8195e-06 5.83438e-06 5.82745e-06 5.81605e-06 5.8252e-06 5.8228e-06 5.82081e-06 0.00455496
 0.00319815 0.00213712 0.00143702 0.000978794 0.000666782 0.000453928 0.000309446 0.000211154 0.000143746 9.79153e-05
 6.67107e-05 4.54137e-05 3.09484e-05 1.83803e-05 5.80741e-06 -2 -2 -2 -2 -2
 -2 -2 -2 -2 -2 -2 -2 -2 -2 -2
 -2 -2 -2 -2 -2 -2 -2 -2 -2 -2
 -2 -2 -2 -2 -2 -2 -2 -2 -2 -2
 -2 -2 -2 -2 -2 -2 -2 -2 -2 -2
 -2 -2 -2 -2 -2 -2 -2 -2 -2 -2
 -2 -2 -2 -2 -2 -2 -2 -2 -2 -2
 -2 -2 -2 -2 -2 -2 -2 -2 -2 -2
 -2 -2 -2 -2 -2 -2 -2 -2 -2 -2
 -2 5.81894e-06 1.83755e-05 3.09314e-05 4.53818e-05 6.66581e-05 9.78531e-05 0.000143659 0.000211084 0.000309365
 0.000453787 0.000666574 0.000978492 0.00143654 0.00213643 0.00320859 0.00473857 0.00683464 0.00926602 0.0123905
 0.0162012 0.0213555 0.0278343 0.0343533 0.0408937 0.0507259 0.0591643 0.058796 0.0586285 0.0587207
 0.058948 0.0592492 0.0595502 0.0599462 0.0608621 0.0629431 0.0663023 0.0708191 0.0762907 0.0825412
 0.0894158 0.0967898 0.104552 0.11264 0.120983 -3 0.132912 0.124384 0.11586 0.107339
 0.0988236 0.0903147 0.0818144 0.0733256 0.0648529 0.0564036 0.0479883 0.039595 0.0305486 0.0225832
 0.015874 0.0101378 0.00665919 0.00459359 0.00320726 0.00213711 0.00143699 0.000978772 0.000666786 0.000453942
 0.000309479 0.000211147 0.000143713 9.78753e-05 6.66509e-05 4.54128e-05 3.0961e-05 1.83705e-05 5.8096e-06 -2
 -2 -2 -2 -2 -2 -2 -2 -2 -2 -2
 -2 -2 -2 -2 -2 -2 -2 -2 -2 -2
 -2 -2 -2 -2 -2 -2 -2 -2 -2 -2
 -2 -2 -2 -2 -2 -2 -2 -2 -2 -2
 -2 -2 -2 -2 -2 -2 -2 -2 -2 -2
 -2 -2 -2 -2 -2 -2 -2 -2 -2 -2
 -2 -2 -2 -2 -2 -2 -2 -2 -2 -2
 -2 -2 -2 -2 -2 -2 -2 -2 -2 -2
 -2 -2 -2 -2 -2 5.81585e-06 1.83754e-05 3.09317e-05 4.53726e-05 6.66557e-05
 9.78524e-05 0.000143654 0.00021108 0.000309357 0.000453781 0.000666572 0.000978495 0.00143654 0.00213643 0.00321017
 0.00476618 0.00689185 0.00932452 0.0124328 0.016226 0.0213241 0.0277385 0.0341851 0.0406486 0.0503613
 0.0596244 0.0592535 0.0590724 0.0591501 0.0593688 0.0596633 0.0599652 0.0603469 0.0611659 0.0631236
 0.066344 0.0707395 0.0761027 0.0822618 0.08906 0.0963675 0.104076 0.112121 0.120423 -3
 0.00463634 0.00321641 0.00213737 0.00143713 0.000978889 0.000666846 0.000453971 0.000309528 0.000211186 0.000143716
 9.78778e-05 6.66412e-05 4.53745e-05 3.09343e-05 1.83527e-05 5.79958e-06 -2 -2 -2 -2
 -2 -2 -2 -2 -2 -2 -2 -2 -2 -2
 -2 -2 -2 -2 -2 -2 -2 -2 -2 -2
 -2 -2 -2 -2 -2 -2 -2 -2 -2 -2
 -2 -2 -2 -2 -2 -2 -2 -2 -2 -2
 -2 -2 -2 -2 -2 -2 -2 -2 -2 -2
 -2 -2 -2 -2 -2 -2 -2 -2 -2 -2
 -2 -2 -2 -2 -2 -2 -2 -2 -2 -2
 -2 -2 -2 -2 -2 -2 -2 -2 -2 -2
 -2 -2 5.81818e-06 1.8383e-05 3.09394e-05 4.53853e-05 6.66675e-05 9.78628e-05 0.000143678 0.000211111
 0.000309405 0.000453858 0.000666684 0.000978661 0.00143679 0.00213682 0.00321553 0.00478977 0.00692516 0.00936494
 0.0124598 0.0162291 0.0212766 0.027631 0.0340108 0.0404041 0.0500065 0.0600547 0.0596808 0.059494
 0.0595513 0.059762 0.0600502 0.0603558 0.0607179 0.0614631 0.0633069 0.0663974 0.0706785 0.0759393
 0.0820115 0.0887371 0.0959798 0.103639 0.111642 0.119905 -3 0.132879 0.124349 0.115821
 0.107298 0.0987789 0.0902658 0.0817604 0.0732654 0.0647848 0.0563252 0.0478978 0.0394969 0.0305113
 0.0226692 0.0160187 0.0102997 0.00677394 0.00465921 0.00322221 0.00213734 0.00143715 0.000978903 0.000666855
 0.000453985 0.000309533 0.000211195 0.000143716 9.79026e-05 6.66769e-05 4.53781e-05 3.09547e-05 1.83812e-05 5.8049e-06
 -2 -2 -2 -2 -2 -2 -2 -2 -2 -2
 -2 -2 -2 -2 -2 -2 -2 -2 -2 -2
 -2 -2 -2 -2 -2 -2 -2 -2 -2 -2
 -2 -2 -2 -2 -2 -2 -2 -2 -2 -2
 -2 -2 -2 -2 -2 -2 -2 -2 -2 -2
 -2 -2 -2 -2 -2 -2 -2 -2 -2 -2
 -2 -2 -2 -2 -2 -2 -2 -2 -2 -2
 -2 -2 -2 -2 -2 -2 -2 -2 -2 -2
 -2 -2 -2 -2 -2 -2 5.8189e-06 1.83843e-05 3.09417e-05 4.53892e-05
 6.66716e-05 9.78692e-05 0.000143681 0.000211113 0.000309409 0.00045386 0.000666684 0.00097866 0.0014368 0.00213682
 0.00321909 0.00481064 0.00695274 0.00938268 0.0124729 0.0162085 0.0212177 0.0275168 0.0338358 0.0401656
 0.0496659 0.0604517 0.0600751 0.0598834 0.0599207 0.0601241 0.0604075 0.0607164 0.0610614 0.0617487
 0.0634854 0.0664585 0.0706293 0.0757992 0.0817904 0.0884464 0.0956302 0.103243 0.111205 0.119434
 -3 0.00470167 0.00322654 0.00213714 0.00143702 0.000978793 0.000666789 0.000453967 0.000309483 0.000211149
 0.000143699 9.78904e-05 6.66704e-05 4.53679e-05 3.09466e-05 1.84061e-05 5.83053e-06 -2 -2 -2
 -2 -2 -2 -2 -2 -2 -2 -2 -2 -2
 -2 -2 -2 -2 -2 -2 -2 -2 -2 -2
 -2 -2 -2 -2 -2 -2 -2 -2 -2 -2
 -2 -2 -2 -2 -2 -2 -2 -2 -2 -2
 -2 -2 -2 -2 -2 -2 -2 -2 -2 -2
 -2 -2 -2 -2 -2 -2 -2 -2 -2 -2
 -2 -2 -2 -2 -2 -2 -2 -2 -2 -2
 -2 -2 -2 -2 -2 -2 -2 -2 -2 -2
 -2 -2 -2 5.81974e-06 1.8377e-05 3.09233e-05 4.53591e-05 6.66267e-05 9.78042e-05 0.000143586
 0.000210982 0.000309217 0.000453565 0.000666246 0.000978023 0.00143587 0.00213544 0.0032209 0.00481674 0.00696647
 0.00939499 0.0124606 0.0161523 0.0211085 0.0273291 0.033563 0.0398011 0.0491618 0.0610173 0.0606426
 0.060438 0.0604466 0.0606395 0.0609177 0.0612297 0.0615531 0.0621653 0.063758 0.066561 0.0705763
 0.0756124 0.0814874 0.0880422 0.0951444 0.102689 0.110589 0.118771 -3 0.132845 0.124313
 0.115783 0.107256 0.0987339 0.0902165 0.081706 0.0732046 0.0647161 0.0562462 0.0478049 0.0393984
 0.0304663 0.0227272 0.0161302 0.0104217 0.00687958 0.00474299 0.00323367 0.00213712 0.001437 0.000978804
 0.000666767 0.000453925 0.000309435 0.000211134 0.000143719 9.78778e-05 6.66472e-05 4.53616e-05 3.09236e-05 1.84007e-05
 5.84378e-06 -2 -2 -2 -2 -2 -2 -2 -2 -2
 -2 -2 -2 -2 -2 -2 -2 -2 -2 -2
 -2 -2 -2 -2 -2 -2 -2 -2 -2 -2
 -2 -2 -2 -2 -2 -2 -2 -2 -2 -2
 -2 -2 -2 -2 -2 -2 -2 -2 -2 -2
 -2 -2 -2 -2 -2 -2 -2 -2 -2 -2
 -2 -2 -2 -2 -2 -2 -2 -2 -2 -2
 -2 -2 -2 -2 -2 -2 -2 -2 -2 -2
 -2 -2 -2 -2 -2 -2 -2 5.82148e-06 1.83761e-05 3.09223e-05
 4.53601e-05 6.66279e-05 9.78078e-05 0.000143595 0.000210994 0.000309225 0.000453575 0.000666261 0.000978044 0.00143589
 0.00213547 0.00322382 0.00482632 0.00698232 0.00938763 0.012409 0.0160579 0.0209409 0.0270569 0.0331742
 0.0392951 0.0484836 0.0607421 0.0613855 0.0611626 0.0611363 0.0613129 0.0615843 0.0618991 0.0622047
 0.0627325 0.064146 0.0667306 0.0705409 0.0753953 0.0811147 0.0875385 0.0945312 0.101984 0.109801
 0.117919 -3 0.132782 0.124247 0.115712 0.10718 0.0986508 0.0901256 0.0816056 0.0730926
 0.0645893 0.0561003 0.0476331 0.0392018 0.0303713 0.0227757 0.0163024 0.0106326 0.00704649 0.00476509
 0.00324141 0.00213091 0.00143284 0.000975993 0.000664841 0.000452578 0.000308524 0.000210508 0.000143278 9.76014e-05
 6.64808e-05 4.52653e-05 3.08632e-05 1.83424e-05 5.81844e-06 -2 -2 -2 -2 -2
 -2 -2 -2 -2 -2 -2 -2 -2 -2 -2
 -2 -2 -2 -2 -2 -2 -2 -2 -2 -2
 -2 -2 -2 -2 -2 -2 -2 -2 -2 -2
 -2 -2 -2 -2 -2 -2 -2 -2 -2 -2
 -2 -2 -2 -2 -2 -2 -2 -2 -2 -2
 -2 -2 -2 -2 -2 -2 -2 -2 -2 -2
 -2 -2 -2 -2 -2 -2 -2 -2 -2 -2
 -2 -2 -2 -2 -2 -2 -2 -2 -2 -2
 -2 5.81881e-06 1.83688e-05 3.09e-05 4.53162e-05 6.65715e-05 9.77223e-05 0.000143462 0.000210796 0.000308937
 0.000453168 0.000665659 0.000977146 0.00143457 0.0021335 0.00322186 0.00482324 0.0069489 0.00932789 0.0123115
 0.0158964 0.0206766 0.0266553 0.0326392 0.0386261 0.0476093 0.0595899 0.0623039 0.0620583 0.0620125
 0.0621458 0.0624084 0.0627183 0.0630166 0.0634726 0.064665 0.0669956 0.0705497 0.0751759 0.0806981
 0.0869549 0.0938076 0.101141 0.108854 0.11689 -3 0.132695 0.124156 0.11562 0.107084
 0.0985484 0.0900136 0.0814818 0.0729544 0.0644329 0.0559201 0.0474207 0.0389435 0.0302364 0.0228319
 0.0164748 0.010842 0.00722044 0.00486172 0.00326346 0.00213094 0.00143284 0.000975969 0.000664859 0.000452614
 0.000308551 0.000210524 0.000143263 9.75845e-05 6.64823e-05 4.5259e-05 3.0874e-05 1.83605e-05 5.81767e-06 -2
 -2 -2 -2 -2 -2 -2 -2 -2 -2 -2
 -2 -2 -2 -2 -2 -2 -2 -2 -2 -2
 -2 -2 -2 -2 -2 -2 -2 -2 -2 -2
 -2 -2 -2 -2 -2 -2 -2 -2 -2 -2
 -2 -2 -2 -2 -2 -2 -2 -2 -2 -2
 -2 -2 -2 -2 -2 -2 -2 -2 -2 -2
 -2 -2 -2 -2 -2 -2 -2 -2 -2 -2
 -2 -2 -2 -2 -2 -2 -2 -2 -2 -2
 -2 -2 -2 -2 -2 5.81136e-06 1.83589e-05 3.08944e-05 4.53155e-05 6.65758e-05
 9.77089e-05 0.000143445 0.000210784 0.000308925 0.00045316 0.000665642 0.000977132 0.00143454 0.00213344 0.00321938
 0.00480878 0.00690165 0.00922796 0.012139 0.0156344 0.0202966 0.0261256 0.0319554 0.0377857 0.0465315
 0.0581925 0.0633995 0.06313 0.0630581 0.0631575 0.0633908 0.063695 0.0639955 0.0643975 0.0653369
 0.0673818 0.0706283 0.0749857 0.0802661 0.0863167 0.0929941 0.100173 0.107764 0.115692 -3
 0.132626 0.124083 0.115541 0.107 0.0984611 0.089924 0.0813884 0.0728528 0.0643181 0.0557878
 0.0472646 0.0387533 0.0301068 0.0228529 0.0165939 0.0109881 0.00734507 0.0049361 0.00328114 0.00213361
 0.00143463 0.000977189 0.000665701 0.000453198 0.000308958 0.000210804 0.000143462 9.7712e-05 6.65632e-05 4.53252e-05
 3.09012e-05 1.83599e-05 5.81184e-06 -2 -2 -2 -2 -2 -2 -2
 -2 -2 -2 -2 -2 -2 -2 -2 -2 -2
 -2 -2 -2 -2 -2 -2 -2 -2 -2 -2
 -2 -2 -2 -2 -2 -2 -2 -2 -2 -2
 -2 -2 -2 -2 -2 -2 -2 -2 -2 -2
 -2 -2 -2 -2 -2 -2 -2 -2 -2 -2
 -2 -2 -2 -2 -2 -2 -2 -2 -2 -2
 -2 -2 -2 -2 -2 -2 -2 -2 -2 -2
 -2 -2 -2 -2 -2 -2 -2 -2 -2 5.80462e-06
 1.83552e-05 3.09178e-05 4.53617e-05 6.66275e-05 9.77858e-05 0.000143564 0.000210956 0.000309162 0.000453491 0.000666149
 0.000977885 0.00143564 0.00213507 0.00321672 0.00478186 0.00683033 0.00910641 0.0119516 0.0153662 0.0199197
 0.0256121 0.0313046 0.0369973 0.0455369 0.0569225 0.0643806 0.0641035 0.0639933 0.0640633 0.0642777
 0.0645684 0.0648721 0.0652414 0.0659939 0.0677963 0.0707675 0.0748719 0.0799354 0.0857941 0.0923052
 0.0993486 0.106826 0.114651 -3 0.132578 0.124032 0.115486 0.106941 0.0983967 0.0898535
 0.0813118 0.072772 0.0642349 0.0556993 0.0471637 0.0386302 0.0300231 0.0228419 0.0166397 0.0110813
 0.00740027 0.00497924 0.00328994 0.0021337 0.0014347 0.000977241 0.000665722 0.0004532 0.000308959 0.000210801
 0.000143466 9.77179e-05 6.65721e-05 4.53341e-05 3.08998e-05 1.83611e-05 5.8151e-06 -2 -2 -2
 -2 -2 -2 -2 -2 -2 -2 -2 -2 -2
 -2 -2 -2 -2 -2 -2 -2 -2 -2 -2
 -2 -2 -2 -2 -2 -2 -2 -2 -2 -2
 -2 -2 -2 -2 -2 -2 -2 -2 -2 -2
 -2 -2 -2 -2 -2 -2 -2 -2 -2 -2
 -2 -2 -2 -2 -2 -2 -2 -2 -2 -2
 -2 -2 -2 -2 -2 -2 -2 -2 -2 -2
 -2 -2 -2 -2 -2 -2 -2 -2 -2 -2
 -2 -2 -2 5.82098e-06 1.83877e-05 3.09312e-05 4.53636e-05 6.66296e-05 9.77868e-05 0.000143564
 0.000210945 0.000309149 0.000453488 0.000666146 0.000977871 0.00143562 0.00213504 0.00321049 0.00474466 0.00673945
 0.00896267 0.0117464 0.0150898 0.0195499 0.0251268 0.0307036 0.0362802 0.044646 0.0558022 0.0652355
 0.0649482 0.0648099 0.0648494 0.0650481 0.0653291 0.0656395 0.065972 0.06661 0.0682033 0.0709361
 0.0748206 0.079688 0.0853777 0.0917449 0.0986666 0.106042 0.113773 -3 0.132545 0.123996
 0.115447 0.106899 0.0983514 0.0898039 0.081257 0.0727107 0.0641655 0.0556217 0.0470802 0.0385424
 0.0299748 0.0228534 0.0166783 0.0111153 0.00744194 0.00500679 0.00329501 0.00213346 0.00143454 0.000977131
 0.000665646 0.000453151 0.000308924 0.000210783 0.000143453 9.77053e-05 6.65559e-05 4.5312e-05 3.08939e-05 1.83615e-05
 5.81322e-06 -2 -2 -2 -2 -2 -2 -2 -2 -2
 -2 -2 -2 -2 -2 -2 -2 -2 -2 -2
 -2 -2 -2 -2 -2 -2 -2 -2 -2 -2
 -2 -2 -2 -2 -2 -2 -2 -2 -2 -2
 -2 -2 -2 -2 -2 -2 -2 -2 -2 -2
 -2 -2 -2 -2 -2 -2 -2 -2 -2 -2
 -2 -2 -2 -2 -2 -2 -2 -2 -2 -2
 -2 -2 -2 -2 -2 -2 -2 -2 -2 -2
 -2 -2 -2 -2 -2 -2 -2 5.83183e-06 1.84069e-05 3.09256e-05
 4.53504e-05 6.66284e-05 9.77878e-05 0.000143559 0.000210925 0.000309134 0.00045348 0.000666141 0.000977858 0.00143561
 0.00213502 0.00320273 0.00469777 0.00663635 0.00880588 0.0115201 0.0147823 0.0191433 0.0246031 0.0300676
 0.0355345 0.0437374 0.054677 0.0656167 0.0657851 0.0656322 0.0656281 0.0658112 0.0660844 0.0663993
 0.0667083 0.0672474 0.0686496 0.0711518 0.0748164 0.0794863 0.0850043 0.0912249 0.0980221 0.105285
 0.112927 -3 0.132527 0.123977 0.115427 0.106878 0.0983278 0.089778 0.0812283 0.0726787
 0.0641292 0.0555799 0.0470308 0.038482 0.0299278 0.0228399 0.0166947 0.0111522 0.00747648 0.00502061
 0.00329652 0.0021324 0.00143383 0.000976644 0.000665313 0.000452924 0.000308774 0.000210683 0.000143383 9.76634e-05
 6.65295e-05 4.52917e-05 3.08788e-05 1.83477e-05 5.80815e-06 -2 -2 -2 -2 -2
 -2 -2 -2 -2 -2 -2 -2 -2 -2 -2
 -2 -2 -2 -2 -2 -2 -2 -2 -2 -2
 -2 -2 -2 -2 -2 -2 -2 -2 -2 -2
 -2 -2 -2 -2 -2 -2 -2 -2 -2 -2
 -2 -2 -2 -2 -2 -2 -2 -2 -2 -2
 -2 -2 -2 -2 -2 -2 -2 -2 -2 -2
 -2 -2 -2 -2 -2 -2 -2 -2 -2 -2
 -2 -2 -2 -2 -2 -2 -2 -2 -2 -2
 -2 5.83482e-06 1.84e-05 3.09294e-05 4.53603e-05 6.66302e-05 9.78106e-05 0.000143574 0.00021093 0.000309144
 0.000453471 0.000666145 0.000977894 0.00143565 0.0021351 0.00319347 0.00464351 0.00652075 0.0086179 0.0112597
 0.0144515 0.0187156 0.0240574 0.0294105 0.0347699 0.0428153 0.0535486 0.0642862 0.0666087 0.0664411
 0.0664133 0.066562 0.0668276 0.067139 0.0674382 0.0679116 0.0691208 0.0714099 0.0748529 0.0793302
 0.0846755 0.0907478 0.097416 0.104567 0.11212 -3 0.132528 0.123978 0.115428 0.106878
 0.0983285 0.0897788 0.0812292 0.0726797 0.0641304 0.0555812 0.0470323 0.0384839 0.029927 0.0228347
 0.0166861 0.011142 0.00747082 0.00501878 0.00329664 0.00213284 0.00143412 0.000976838 0.000665447 0.000453019
 0.000308835 0.000210723 0.000143414 9.76853e-05 6.65428e-05 4.52973e-05 3.08809e-05 1.83514e-05 5.80967e-06 -2
 -2 -2 -2 -2 -2 -2 -2 -2 -2 -2
 -2 -2 -2 -2 -2 -2 -2 -2 -2 -2
 -2 -2 -2 -2 -2 -2 -2 -2 -2 -2
 -2 -2 -2 -2 -2 -2 -2 -2 -2 -2
 -2 -2 -2 -2 -2 -2 -2 -2 -2 -2
 -2 -2 -2 -2 -2 -2 -2 -2 -2 -2
 -2 -2 -2 -2 -2 -2 -2 -2 -2 -2
 -2 -2 -2 -2 -2 -2 -2 -2 -2 -2
 -2 -2 -2 -2 -2 5.8351e-06 1.83816e-05 3.09225e-05 4.53655e-05 6.66238e-05
 9.78144e-05 0.000143588 0.000210959 0.000309152 0.000453458 0.000666146 0.000977906 0.00143563 0.00213524 0.00318261
 0.00458292 0.00638475 0.00841133 0.0109846 0.0140873 0.0182587 0.0234966 0.0287423 0.0339993 0.0418968
 0.0524384 0.0629874 0.0674172 0.0672253 0.0671799 0.0672982 0.0675479 0.067855 0.0681544 0.0685797
 0.0696078 0.071698 0.0749294 0.0792178 0.0843936 0.0903154 0.0968524 0.103897 0.11136 -3
 0.132545 0.123997 0.115448 0.1069 0.0983523 0.0898049 0.0812581 0.072712 0.0641669 0.0556234
 0.0470821 0.0385448 0.0299756 0.0228567 0.0166843 0.0111158 0.00743888 0.00500549 0.00329604 0.00213465
 0.00143533 0.000977662 0.000666012 0.000453406 0.000309095 0.000210897 0.000143531 9.77715e-05 6.66021e-05 4.53322e-05
 3.0906e-05 1.83696e-05 5.81658e-06 -2 -2 -2 -2 -2 -2 -2
 -2 -2 -2 -2 -2 -2 -2 -2 -2 -2
 -2 -2 -2 -2 -2 -2 -2 -2 -2 -2
 -2 -2 -2 -2 -2 -2 -2 -2 -2 -2
 -2 -2 -2 -2 -2 -2 -2 -2 -2 -2
 -2 -2 -2 -2 -2 -2 -2 -2 -2 -2
 -2 -2 -2 -2 -2 -2 -2 -2 -2 -2
 -2 -2 -2 -2 -2 -2 -2 -2 -2 -2
 -2 -2 -2 -2 -2 -2 -2 -2 -2 5.83715e-06
 1.83733e-05 3.09046e-05 4.53519e-05 6.66002e-05 9.77959e-05 0.0001436 0.000210978 0.000309162 0.000453475 0.000666173
 0.000978101 0.00143575 0.00213518 0.00317053 0.00451856 0.00623331 0.00819557 0.01068 0.013714 0.0177848
 0.0229168 0.028073 0.0332355 0.0409971 0.0513648 0.0617443 0.0681892 0.0679713 0.0679093 0.0680046
 0.068234 0.0685363 0.0688372 0.069234 0.0701016 0.0720119 0.0750406 0.0791388 0.0841507 0.0899289
 0.0963437 0.103284 0.110658 -3 0.132577 0.12403 0.115485 0.106939 0.098395 0.0898516
 0.0813097 0.0727696 0.0642322 0.0556987 0.0471711 0.0386526 0.0300488 0.0228584 0.0166472 0.01109
 0.00741588 0.0049881 0.00329345 0.00213535 0.0014358 0.000977979 0.000666234 0.000453563 0.000309199 0.000210971
 0.000143585 9.78005e-05 6.66199e-05 4.53565e-05 3.09209e-05 1.83759e-05 5.82318e-06 -2 -2 -2
 -2 -2 -2 -2 -2 -2 -2 -2 -2 -2
 -2 -2 -2 -2 -2 -2 -2 -2 -2 -2
 -2 -2 -2 -2 -2 -2 -2 -2 -2 -2
 -2 -2 -2 -2 -2 -2 -2 -2 -2 -2
 -2 -2 -2 -2 -2 -2 -2 -2 -2 -2
 -2 -2 -2 -2 -2 -2 -2 -2 -2 -2
 -2 -2 -2 -2 -2 -2 -2 -2 -2 -2
 -2 -2 -2 -2 -2 -2 -2 -2 -2 -2
 -2 -2 -2 5.84234e-06 1.83849e-05 3.09231e-05 4.53714e-05 6.66196e-05 9.77898e-05 0.000143562
 0.000210927 0.000309157 0.000453504 0.00066626 0.000978121 0.00143586 0.00213507 0.0031574 0.0044506 0.0060773
 0.00795545 0.0103713 0.0133141 0.0173064 0.0223331 0.027398 0.0324836 0.0401245 0.0503373 0.0605672
 0.0689146 0.0686835 0.0685951 0.0686688 0.0688849 0.0691768 0.0694797 0.0698515 0.0705963 0.0723372
 0.0751747 0.0790975 0.0839519 0.089593 0.0958902 0.10273 0.110012 -3 0.132621 0.124078
 0.115535 0.106994 0.0984544 0.0899167 0.0813816 0.0728499 0.0643232 0.0558035 0.0472876 0.0387747
 0.0301291 0.0228774 0.0166373 0.0110337 0.00738325 0.00496247 0.00328828 0.00213524 0.00143573 0.000977922
 0.000666197 0.000453549 0.000309187 0.000210956 0.00014359 9.78003e-05 6.66104e-05 4.53582e-05 3.09219e-05 1.83642e-05
 5.81458e-06 -2 -2 -2 -2 -2 -2 -2 -2 -2
 -2 -2 -2 -2 -2 -2 -2 -2 -2 -2
 -2 -2 -2 -2 -2 -2 -2 -2 -2 -2
 -2 -2 -2 -2 -2 -2 -2 -2 -2 -2
 -2 -2 -2 -2 -2 -2 -2 -2 -2 -2
 -2 -2 -2 -2 -2 -2 -2 -2 -2 -2
 -2 -2 -2 -2 -2 -2 -2 -2 -2 -2
 -2 -2 -2 -2 -2 -2 -2 -2 -2 -2
 -2 -2 -2 -2 -2 -2 -2 5.81651e-06 1.83871e-05 3.09542e-05
 4.54e-05 6.66546e-05 9.78051e-05 0.00014355 0.000210919 0.000309147 0.000453646 0.000666373 0.000977981 0.00143582
 0.00213526 0.00314421 0.00437822 0.00591638 0.00771058 0.010038 0.0129135 0.0168092 0.021753 0.0267326
 0.0317416 0.0392845 0.0493626 0.0594639 0.0695783 0.0693484 0.0692324 0.0692858 0.0694897 0.0697731
 0.070082 0.0704247 0.0710815 0.072668 0.0753292 0.0790878 0.083794 0.0893053 0.0954907 0.102235
 0.109429 -3 0.132679 0.124139 0.115601 0.107066 0.098532 0.0900017 0.0814755 0.0729549
 0.0644388 0.0559237 0.0474187 0.0389336 0.0302481 0.0229132 0.0165845 0.0109709 0.00732211 0.004925
 0.00328057 0.00213551 0.00143591 0.00097806 0.000666297 0.000453612 0.000309226 0.00021098 0.000143601 9.781e-05
 6.6614e-05 4.53554e-05 3.09148e-05 1.83598e-05 5.81797e-06 -2 -2 -2 -2 -2
 -2 -2 -2 -2 -2 -2 -2 -2 -2 -2
 -2 -2 -2 -2 -2 -2 -2 -2 -2 -2
 -2 -2 -2 -2 -2 -2 -2 -2 -2 -2
 -2 -2 -2 -2 -2 -2 -2 -2 -2 -2
 -2 -2 -2 -2 -2 -2 -2 -2 -2 -2
 -2 -2 -2 -2 -2 -2 -2 -2 -2 -2
 -2 -2 -2 -2 -2 -2 -2 -2 -2 -2
 -2 -2 -2 -2 -2 -2 -2 -2 -2 -2
 -2 5.79466e-06 1.8372e-05 3.09465e-05 4.53802e-05 6.66467e-05 9.78204e-05 0.00014357 0.000210945 0.000309095
 0.000453596 0.000666381 0.000978136 0.00143603 0.00213555 0.00313088 0.00430297 0.00574576 0.00746014 0.00970742
 0.0124949 0.0163132 0.0211743 0.0260827 0.0310237 0.0384764 0.0484478 0.0584418 0.0684526 0.0699579
 0.0698271 0.0698514 0.070044 0.0703218 0.070634 0.0709555 0.0715368 0.0729919 0.075496 0.0791024
 0.083672 0.0890625 0.0951432 0.101793 0.10891 -3 0.132746 0.124211 0.115678 0.107149
 0.0986224 0.0901007 0.0815839 0.073068 0.064557 0.0560578 0.0475769 0.039126 0.0303964 0.0229289
 0.0165535 0.0109039 0.00726104 0.00491507 0.00327923 0.002137 0.00143692 0.000978753 0.000666747 0.000453904
 0.000309448 0.000211138 0.000143688 9.78614e-05 6.666e-05 4.53996e-05 3.09481e-05 1.83969e-05 5.83914e-06 -2
 -2 -2 -2 -2 -2 -2 -2 -2 -2 -2
 -2 -2 -2 -2 -2 -2 -2 -2 -2 -2
 -2 -2 -2 -2 -2 -2 -2 -2 -2 -2
 -2 -2 -2 -2 -2 -2 -2 -2 -2 -2
 -2 -2 -2 -2 -2 -2 -2 -2 -2 -2
 -2 -2 -2 -2 -2 -2 -2 -2 -2 -2
 -2 -2 -2 -2 -2 -2 -2 -2 -2 -2
 -2 -2 -2 -2 -2 -2 -2 -2 -2 -2
 -2 -2 -2 -2 -2 5.81357e-06 1.83656e-05 3.09166e-05 4.53608e-05 6.66317e-05
 9.77286e-05 0.000143281 0.000210912 0.000309165 0.000453196 0.00066591 0.000977714 0.00143572 0.00213551 0.00311661
 0.00422324 0.00556373 0.00719021 0.00935416 0.0120719 0.0158151 0.0205913 0.0254447 0.0303268 0.0377028
 0.047589 0.0574973 0.0674261 0.0705133 0.0703714 0.0703671 0.0705491 0.0708218 0.0711371 0.071444
 0.071971 0.0733035 0.0756688 0.0791324 0.0835797 0.0888585 0.0948417 0.101403 0.108449 -3
 0.132816 0.124287 0.11576 0.107236 0.0987175 0.0902016 0.0816867 0.0731791 0.0646827 0.0562025
 0.0477473 0.0393331 0.0305356 0.0229794 0.0165223 0.0108559 0.00725422 0.0049272 0.00328312 0.00213745
 0.00143722 0.000978952 0.000666872 0.000453989 0.000309504 0.000211174 0.000143708 9.78856e-05 6.66809e-05 4.53974e-05
 3.09555e-05 1.84133e-05 5.84112e-06 -2 -2 -2 -2 -2 -2 -2
 -2 -2 -2 -2 -2 -2 -2 -2 -2 -2
 -2 -2 -2 -2 -2 -2 -2 -2 -2 -2
 -2 -2 -2 -2 -2 -2 -2 -2 -2 -2
 -2 -2 -2 -2 -2 -2 -2 -2 -2 -2
 -2 -2 -2 -2 -2 -2 -2 -2 -2 -2
 -2 -2 -2 -2 -2 -2 -2 -2 -2 -2
 -2 -2 -2 -2 -2 -2 -2 -2 -2 -2
 -2 -2 -2 -2 -2 -2 -2 -2 -2 5.83613e-06
 1.83749e-05 3.08291e-05 4.51853e-05 6.6542e-05 9.79263e-05 0.000143375 0.000210822 0.000309392 0.000453376 0.000665674
 0.000977406 0.00143527 0.00213525 0.00310132 0.00413768 0.00537473 0.00691445 0.00899469 0.0116329 0.0152961
 0.0200099 0.0248069 0.0296495 0.0369637 0.0467806 0.0566303 0.0664995 0.0710131 0.0708612 0.0708407
 0.0710037 0.0712718 0.0715846 0.0718862 0.0723746 0.0735932 0.0758376 0.0791759 0.0835119 0.0886888
 0.0945785 0.101064 0.108045 -3 0.132892 0.124368 0.115847 0.10733 0.0988138 0.0903007
 0.0817953 0.0733004 0.0648199 0.0563604 0.047933 0.0395511 0.0306949 0.0230507 0.0165509 0.0108882
 0.00729311 0.00494515 0.0032866 0.00213746 0.00143722 0.000978941 0.000666875 0.000453991 0.000309503 0.000211187
 0.000143713 9.78985e-05 6.66923e-05 4.53936e-05 3.09571e-05 1.84132e-05 5.84254e-06 -2 -2 -2
 -2 -2 -2 -2 -2 -2 -2 -2 -2 -2
 -2 -2 -2 -2 -2 -2 -2 -2 -2 -2
 -2 -2 -2 -2 -2 -2 -2 -2 -2 -2
 -2 -2 -2 -2 -2 -2 -2 -2 -2 -2
 -2 -2 -2 -2 -2 -2 -2 -2 -2 -2
 -2 -2 -2 -2 -2 -2 -2 -2 -2 -2
 -2 -2 -2 -2 -2 -2 -2 -2 -2 -2
 -2 -2 -2 -2 -2 -2 -2 -2 -2 -2
 -2 -2 -2 5.90867e-06 1.8583e-05 3.1172e-05 4.55597e-05 6.65426e-05 9.7801e-05 0.000143618
 0.000210847 0.000309332 0.000453636 0.000666025 0.000977755 0.0014355 0.00213518 0.003085 0.00404699 0.00517839
 0.00662684 0.00861484 0.0111796 0.0147766 0.019435 0.0241824 0.0289969 0.0362674 0.0460378 0.0558527
 0.0656861 0.0714495 0.0712889 0.0712588 0.0714006 0.0716646 0.0719751 0.0722732 0.0727304 0.0738563
 0.0759975 0.0792266 0.0834598 0.0885472 0.0943587 0.100777 0.1077 -3 0.132973 0.124453
 0.115937 0.107422 0.0989103 0.0904064 0.081912 0.0734305 0.064967 0.0565295 0.0481317 0.0397652
 0.0308806 0.0231379 0.0165952 0.0109421 0.00734759 0.00497083 0.0032919 0.00213752 0.00143726 0.000978956
 0.000666885 0.000453997 0.000309508 0.00021119 0.000143716 9.78999e-05 6.66932e-05 4.53943e-05 3.09575e-05 1.84132e-05
 5.84242e-06 -2 -2 -2 -2 -2 -2 -2 -2 -2
 -2 -2 -2 -2 -2 -2 -2 -2 -2 -2
 -2 -2 -2 -2 -2 -2 -2 -2 -2 -2
 -2 -2 -2 -2 -2 -2 -2 -2 -2 -2
 -2 -2 -2 -2 -2 -2 -2 -2 -2 -2
 -2 -2 -2 -2 -2 -2 -2 -2 -2 -2
 -2 -2 -2 -2 -2 -2 -2 -2 -2 -2
 -2 -2 -2 -2 -2 -2 -2 -2 -2 -2
 -2 -2 -2 -2 -2 -2 -2 5.72933e-06 1.82996e-05 3.11263e-05
 4.56632e-05 6.66136e-05 9.78254e-05 0.000144002 0.000211128 0.000309039 0.000453554 0.000666478 0.000978595 0.00143694
 0.00213685 0.00307459 0.00395757 0.00494755 0.00628521 0.00818236 0.0106728 0.014203 0.0188032 0.0235202
 0.0283097 0.0355618 0.0453109 0.0551144 0.0649404 0.0718466 0.0716765 0.0716378 0.0717644 0.0720207
 0.0723291 0.072628 0.0730621 0.0741023 0.0761527 0.0792828 0.0834219 0.0884276 0.0941677 0.100524
 0.107395 -3 0.00498854 0.00329461 0.00213751 0.00143726 0.000978971 0.000666912 0.000454022 0.000309515
 0.000211185 0.000143733 9.79165e-05 6.66966e-05 4.53954e-05 3.09442e-05 1.8389e-05 5.82672e-06 -2 -2
 -2 -2 -2 -2 -2 -2 -2 -2 -2 -2
 -2 -2 -2 -2 -2 -2 -2 -2 -2 -2
 -2 -2 -2 -2 -2 -2 -2 -2 -2 -2
 -2 -2 -2 -2 -2 -2 -2 -2 -2 -2
 -2 -2 -2 -2 -2 -2 -2 -2 -2 -2
 -2 -2 -2 -2 -2 -2 -2 -2 -2 -2
 -2 -2 -2 -2 -2 -2 -2 -2 -2 -2
 -2 -2 -2 -2 -2 -2 -2 -2 -2 -2
 -2 -2 -2 -2 5.66071e-06 1.82662e-05 3.07861e-05 4.49368e-05 6.63739e-05 9.80993e-05
 0.000143976 0.000210866 0.000309053 0.000453545 0.000666211 0.000978348 0.00143669 0.00213643 0.00304588 0.00387532
 5.82662e-06 5.82816e-06 5.80502e-06 5.82068e-06 5.8364e-06 5.82295e-06 5.8287e-06 5.83552e-06 5.82133e-06 5.81297e-06
 5.80729e-06 5.82595e-06 5.84336e-06 5.83053e-06 5.80849e-06 5.82436e-06 5.8231e-06 5.80093e-06 5.83111e-06 5.83814e-06
 5.81932e-06 5.79968e-06 5.79668e-06 5.81037e-06 5.83419e-06 5.83657e-06 5.81651e-06 5.81541e-06 5.82963e-06 5.82232e-06
 5.8353e-06 5.85815e-06 5.8144e-06 5.80404e-06 5.83811e-06 5.83101e-06 5.80086e-06 5.78704e-06 5.82436e-06 5.84908e-06
 5.82389e-06 5.80872e-06 5.80388e-06 5.80673e-06 5.81173e-06 5.82405e-06 5.8419e-06 5.8311e-06 5.82436e-06 5.8217e-06
 5.82308e-06 5.85066e-06 5.84358e-06 5.83802e-06 5.83411e-06 5.83188e-06 5.85029e-06 5.83108e-06 5.81211e-06 5.83188e-06
 5.83424e-06 5.81649e-06 5.81635e-06 5.79905e-06 5.78181e-06 5.79214e-06 5.80426e-06 5.80426e-06 5.80076e-06 5.79559e-06
 5.82617e-06 5.85526e-06 5.84363e-06 5.84196e-06 5.84354e-06 5.82456e-06 5.82069e-06 5.82921e-06 5.81399e-06 5.82861e-06
 5.84775e-06 5.83546e-06 5.82676e-06 5.80143e-06 5.79916e-06 5.83043e-06 1.83889e-05 1.83896e-05 1.83601e-05 1.83971e-05
 1.84124e-05 1.83939e-05 1.83973e-05 1.83973e-05 1.83982e-05 1.83965e-05 1.83678e-05 1.83816e-05 1.84216e-05 1.84033e-05
 1.83668e-05 1.83874e-05 1.8371e-05 1.83575e-05 1.83919e-05 1.83957e-05 1.84034e-05 1.8386e-05 1.83649e-05 1.8378e-05
 1.84033e-05 1.84115e-05 1.83922e-05 1.83865e-05 1.83939e-05 1.83795e-05 1.84198e-05 1.84246e-05 1.83745e-05 1.83881e-05
 1.84128e-05 1.8392e-05 1.83624e-05 1.83577e-05 1.83975e-05 1.84284e-05 1.83759e-05 1.83306e-05 1.83489e-05 1.8389e-05
 1.83794e-05 1.8386e-05 1.8407e-05 1.8374e-05 1.83874e-05 1.84138e-05 1.84169e-05 1.84173e-05 1.83894e-05 1.83903e-05
 1.838e-05 1.83938e-05 1.84307e-05 1.8411e-05 1.83734e-05 1.8376e-05 1.84014e-05 1.8387e-05 1.83693e-05 1.83347e-05
 1.83393e-05 1.836e-05 1.83486e-05 1.83486e-05 1.83738e-05 1.83939e-05 1.84075e-05 1.84162e-05 1.84205e-05 1.84138e-05
 1.83776e-05 1.83587e-05 1.83795e-05 1.83936e-05 1.83796e-05 1.84193e-05 1.84321e-05 1.83932e-05 1.84067e-05 1.83689e-05
 1.83549e-05 1.85666e-05 3.09438e-05 3.09439e-05 3.09318e-05 3.09421e-05 3.09563e-05 3.09581e-05 3.09592e-05 3.09526e-05
 3.09687e-05 3.09738e-05 3.09522e-05 3.09313e-05 3.09311e-05 3.0941e-05 3.09319e-05 3.09358e-05 3.08961e-05 3.0914e-05
 3.09527e-05 3.0936e-05 3.09721e-05 3.09723e-05 3.09331e-05 3.09456e-05 3.09725e-05 3.09864e-05 3.09679e-05 3.09585e-05
 3.09615e-05 3.0931e-05 3.09463e-05 3.09393e-05 3.09347e-05 3.09721e-05 3.09485e-05 3.09149e-05 3.09453e-05 3.09747e-05
 3.09606e-05 3.09404e-05 3.09234e-05 3.09109e-05 3.09242e-05 3.09713e-05 3.0947e-05 3.09152e-05 3.09386e-05 3.0917e-05
 3.09257e-05 3.0982e-05 3.09747e-05 3.09474e-05 3.09353e-05 3.09426e-05 3.09258e-05 3.09375e-05 3.09731e-05 3.09909e-05
 3.09919e-05 3.09587e-05 3.09686e-05 3.09401e-05 3.09268e-05 3.09485e-05 3.09704e-05 3.09841e-05 3.0932e-05 3.09303e-05
 3.09825e-05 3.09888e-05 3.09479e-05 3.09363e-05 3.09563e-05 3.09445e-05 3.09101e-05 3.08923e-05 3.0937e-05 3.09572e-05
 3.09446e-05 3.09681e-05 3.09747e-05 3.09504e-05 3.09446e-05 3.09359e-05 3.09516e-05 3.09633e-05 4.53948e-05 4.53907e-05
 4.53852e-05 4.53677e-05 4.53813e-05 4.53826e-05 4.53871e-05 4.54086e-05 4.54172e-05 4.54032e-05 4.5399e-05 4.53827e-05
 4.53758e-05 4.53805e-05 4.5353e-05 4.53825e-05 4.53653e-05 4.53476e-05 4.5387e-05 4.54078e-05 4.54376e-05 4.54105e-05
 4.53573e-05 4.53582e-05 4.54038e-05 4.54002e-05 4.53797e-05 4.54131e-05 4.54111e-05 4.53752e-05 4.53926e-05 4.53928e-05
 4.53614e-05 4.53824e-05 4.53767e-05 4.53496e-05 4.5384e-05 4.54179e-05 4.53972e-05 4.53757e-05 4.53858e-05 4.53996e-05
 4.54038e-05 4.53975e-05 4.53892e-05 4.53548e-05 4.53864e-05 4.54178e-05 4.53972e-05 4.53998e-05 4.53718e-05 4.54128e-05
 4.54381e-05 4.54297e-05 4.54231e-05 4.54125e-05 4.54271e-05 4.54444e-05 4.54454e-05 4.54143e-05 4.54287e-05 4.54074e-05
 4.53984e-05 4.54375e-05 4.54202e-05 4.54254e-05 4.54261e-05 4.54244e-05 4.54254e-05 4.5418e-05 4.53991e-05 4.54013e-05
 4.53912e-05 4.53744e-05 4.53842e-05 4.53603e-05 4.53748e-05 4.53775e-05 4.53887e-05 4.53876e-05 4.53805e-05 4.54082e-05
 4.53804e-05 4.535e-05 4.53811e-05 4.50494e-05 6.66957e-05 6.66819e-05 6.66763e-05 6.66612e-05 6.66586e-05 6.66682e-05
 6.66685e-05 6.66771e-05 6.66752e-05 6.6679e-05 6.66748e-05 6.66728e-05 6.66961e-05 6.66493e-05 6.66174e-05 6.66872e-05
 6.66774e-05 6.66532e-05 6.66658e-05 6.67115e-05 6.6723e-05 6.6676e-05 6.66467e-05 6.66205e-05 6.66546e-05 6.66374e-05
 6.66361e-05 6.6666e-05 6.66379e-05 6.66389e-05 6.668e-05 6.66895e-05 6.6656e-05 6.66526e-05 6.66587e-05 6.66668e-05
 6.66575e-05 6.66448e-05 6.66771e-05 6.6695e-05 6.66692e-05 6.66638e-05 6.66847e-05 6.66889e-05 6.66762e-05 6.66528e-05
 6.66843e-05 6.67245e-05 6.67266e-05 6.66828e-05 6.66708e-05 6.67261e-05 6.67387e-05 6.67473e-05 6.67478e-05 6.67132e-05
 6.67069e-05 6.67042e-05 6.66865e-05 6.66777e-05 6.67173e-05 6.67242e-05 6.66804e-05 6.67022e-05 6.67068e-05 6.669e-05
 6.67151e-05 6.67133e-05 6.6697e-05 6.67062e-05 6.66992e-05 6.67051e-05 6.66924e-05 6.66672e-05 6.66819e-05 6.66696e-05
 6.66428e-05 6.66239e-05 6.66741e-05 6.66996e-05 6.66534e-05 6.66771e-05 6.66994e-05 6.66595e-05 6.68228e-05 6.6594e-05
 9.7915e-05 9.78981e-05 9.79046e-05 9.78975e-05 9.78781e-05 9.78897e-05 9.78948e-05 9.78657e-05 9.78727e-05 9.79039e-05
 9.78749e-05 9.78826e-05 9.79033e-05 9.78638e-05 9.78565e-05 9.78715e-05 9.78455e-05 9.78585e-05 9.78861e-05 9.78947e-05
 9.78702e-05 9.78647e-05 9.78497e-05 9.78346e-05 9.78871e-05 9.78794e-05 9.78591e-05 9.78403e-05 9.78159e-05 9.78241e-05
 9.78363e-05 9.78465e-05 9.7861e-05 9.78549e-05 9.78372e-05 9.78872e-05 9.78891e-05 9.78558e-05 9.78861e-05 9.78827e-05
 9.78661e-05 9.78768e-05 9.78811e-05 9.79019e-05 9.78646e-05 9.78693e-05 9.78967e-05 9.78893e-05 9.79009e-05 9.78899e-05
 9.79077e-05 9.79005e-05 9.78862e-05 9.79016e-05 9.79226e-05 9.79191e-05 9.79102e-05 9.79055e-05 9.79079e-05 9.79231e-05
 9.79159e-05 9.78943e-05 9.78936e-05 9.79199e-05 9.79072e-05 9.79094e-05 9.79231e-05 9.79179e-05 9.79181e-05 9.78946e-05
 9.7884e-05 9.79175e-05 9.79233e-05 9.7888e-05 9.79091e-05 9.79158e-05 9.78921e-05 9.78507e-05 9.7886e-05 9.7934e-05
 9.78936e-05 9.78924e-05 9.79083e-05 9.79007e-05 9.80788e-05 9.81126e-05 0.000143731 0.00014371 0.000143731 0.000143752
 0.000143737 0.000143722 0.000143706 0.000143691 0.000143725 0.000143736 0.0001437 0.000143716 0.000143728 0.000143714
 0.000143663 0.000143636 0.00014366 0.000143688 0.000143713 0.000143706 0.000143698 0.000143681 0.000143653 0.000143671
 0.000143678 0.000143663 0.000143666 0.000143681 0.000143657 0.000143634 0.000143665 0.000143633 0.000143628 0.000143658
 0.000143635 0.000143657 0.000143676 0.0001437 0.000143686 0.000143659 0.000143679 0.000143699 0.000143708 0.000143722
 0.000143705 0.000143706 0.000143704 0.000143701 0.000143691 0.000143681 0.000143683 0.000143658 0.000143669 0.000143693
 0.000143708 0.000143714 0.000143701 0.000143694 0.000143717 0.00014372 0.000143709 0.000143723 0.00014373 0.000143739
 0.000143692 0.000143699 0.000143731 0.000143724 0.000143727 0.000143696 0.000143702 0.000143738 0.000143734 0.000143721
 0.000143754 0.000143774 0.000143761 0.000143677 0.000143679 0.000143724 0.000143757 0.000143742 0.000143688 0.000143857
 0.00014373 0.000143467 0.000211182 0.000211173 0.000211181 0.00021118 0.000211177 0.000211162 0.000211135 0.000211147
 0.000211166 0.000211169 0.000211182 0.000211188 0.000211186 0.000211187 0.000211102 0.000211084 0.000211108 0.000211126
 0.000211124 0.00021113 0.000211176 0.000211127 0.000211098 0.000211112 0.000211064 0.000211074 0.000211115 0.000211116
 0.000211108 0.00021109 0.000211125 0.000211111 0.000211082 0.000211121 0.000211118 0.000211089 0.000211081 0.000211139
 0.000211148 0.000211116 0.000211108 0.000211149 0.000211149 0.000211166 0.000211194 0.000211175 0.000211176 0.000211186
 0.000211153 0.000211123 0.000211111 0.000211117 0.000211155 0.000211204 0.000211182 0.000211154 0.000211135 0.000211106
 0.000211149 0.000211162 0.000211173 0.000211194 0.000211157 0.000211171 0.000211185 0.000211185 0.000211198 0.000211189
 0.000211176 0.000211154 0.00021115 0.00021119 0.00021121 0.000211212 0.000211223 0.000211229 0.000211221 0.00021115
 0.000211155 0.000211181 0.000211248 0.000211213 0.000211262 0.000211223 0.000211086 0.000210838 0.000309511 0.000309516
 0.000309507 0.000309466 0.000309465 0.000309482 0.000309478 0.000309482 0.000309477 0.000309475 0.000309483 0.000309488
 0.000309503 0.000309516 0.000309413 0.000309383 0.000309393 0.000309404 0.000309393 0.000309407 0.000309427 0.000309411
 0.000309394 0.000309374 0.000309374 0.00030938 0.000309402 0.000309383 0.000309389 0.000309386 0.000309397 0.000309403
 0.000309362 0.000309396 0.000309433 0.000309435 0.000309395 0.000309421 0.000309462 0.000309459 0.000309433 0.000309448
 0.000309453 0.000309459 0.000309481 0.000309466 0.000309493 0.000309529 0.000309481 0.000309464 0.000309468 0.00030948
 0.000309482 0.000309488 0.000309507 0.000309513 0.000309485 0.000309451 0.000309478 0.000309506 0.00030951 0.000309509
 0.000309494 0.000309494 0.000309513 0.000309516 0.000309542 0.000309567 0.000309515 0.00030947 0.000309492 0.000309564
 0.000309589 0.000309557 0.000309514 0.000309524 0.000309528 0.00030945 0.000309487 0.000309476 0.000309666 0.000309671
 0.000309776 0.000309603 0.0003096 0.000309721 0.000454016 0.000454 0.000453961 0.000453957 0.000453987 0.000454006
 0.000453971 0.000453955 0.000453978 0.000453974 0.000453933 0.000453941 0.000453959 0.000453986 0.000453837 0.000453789
 0.000453836 0.000453856 0.00045387 0.000453877 0.00045383 0.000453821 0.000453846 0.000453824 0.00045382 0.000453809
 0.000453838 0.000453832 0.000453816 0.0004538 0.000453808 0.000453794 0.00045376 0.0004538 0.000453849 0.000453877
 0.000453819 0.000453856 0.000453908 0.00045394 0.000453932 0.000453935 0.000453947 0.000453967 0.000453974 0.000453927
 0.000453951 0.000454016 0.000453992 0.000453975 0.000453957 0.000453981 0.000453973 0.000453965 0.00045402 0.00045403
 0.000454027 0.000454025 0.000453998 0.000453972 0.000453983 0.000454035 0.000454049 0.000454002 0.000453991 0.000454011
 0.000454025 0.000454045 0.000454031 0.000453993 0.000454022 0.000454088 0.000454109 0.000454064 0.000453975 0.000454002
 0.000453987 0.000453856 0.000453886 0.000453752 0.000453889 0.000454165 0.000454464 0.000454166 0.000453905 0.000453966
 0.000666903 0.000666867 0.000666818 0.000666847 0.000666884 0.000666867 0.000666812 0.000666815 0.000666866 0.000666872
 0.000666819 0.000666813 0.000666804 0.000666844 0.000666668 0.000666593 0.000666629 0.000666685 0.000666715 0.000666708
 0.000666672 0.000666625 0.000666666 0.00066663 0.000666607 0.000666644 0.000666665 0.000666658 0.000666638 0.000666618
 0.000666626 0.000666615 0.000666599 0.000666627 0.000666647 0.000666667 0.000666623 0.000666713 0.000666765 0.000666765
 0.000666742 0.000666809 0.000666849 0.000666858 0.000666837 0.000666804 0.000666862 0.000666912 0.000666889 0.000666888
 0.000666872 0.00066688 0.000666888 0.000666892 0.000666925 0.000666942 0.000666958 0.000666946 0.000666887 0.000666875
 0.000666914 0.000666947 0.000666947 0.000666896 0.000666899 0.000666922 0.000666911 0.000666922 0.000666932 0.000666908
 0.000666893 0.000666959 0.000667036 0.000666993 0.000666873 0.000666901 0.000666865 0.000666521 0.000666618 0.000666749
 0.000666617 0.000666854 0.00066724 0.000666854 0.000666649 0.000666447 0.000978958 0.000978935 0.000978899 0.000978915
 0.000978928 0.000978901 0.000978837 0.000978865 0.000978908 0.000978909 0.000978893 0.000978889 0.000978861 0.000978871
 0.000978631 0.00097855 0.000978596 0.000978692 0.000978689 0.000978681 0.000978711 0.000978617 0.000978591 0.000978536
 0.000978569 0.000978598 0.000978591 0.000978606 0.000978601 0.000978603 0.000978589 0.000978559 0.000978516 0.000978595
 0.000978641 0.000978665 0.000978606 0.000978682 0.000978742 0.000978729 0.000978665 0.000978739 0.000978842 0.00097889
 0.000978863 0.000978848 0.000978905 0.000978971 0.000978934 0.000978937 0.00097895 0.000978947 0.000978936 0.000978925
 0.000978995 0.000979035 0.000979024 0.000978978 0.000978908 0.000978924 0.000978985 0.000979 0.000978984 0.000978991
 0.000978977 0.00097895 0.000978987 0.000979021 0.000978977 0.000978943 0.000978949 0.000979045 0.000979143 0.000979105
 0.00097898 0.00097897 0.00097892 0.000978385 0.000978614 0.000979093 0.000979018 0.000979006 0.000978916 0.00097884
 0.000978779 0.000978252 0.00143724 0.00143723 0.00143717 0.00143719 0.00143721 0.00143716 0.00143706 0.00143709
 0.00143713 0.00143717 0.00143718 0.00143717 0.0014371 0.00143711 0.00143675 0.00143666 0.00143674 0.0014368
 0.00143678 0.00143679 0.00143687 0.0014368 0.0014367 0.00143659 0.00143666 0.0014367 0.00143671 0.00143671
 0.00143671 0.00143672 0.00143667 0.00143658 0.00143656 0.00143674 0.0014368 0.0014368 0.00143671 0.00143677
 0.00143687 0.0014369 0.00143685 0.00143691 0.00143702 0.00143715 0.00143711 0.00143706 0.00143709 0.00143714
 0.00143709 0.00143713 0.00143721 0.00143721 0.00143718 0.0014372 0.00143728 0.00143731 0.00143728 0.00143721
 0.00143713 0.00143716 0.00143723 0.00143726 0.00143726 0.0014373 0.0014373 0.00143726 0.00143727 0.00143729
 0.00143727 0.00143727 0.0014373 0.00143741 0.00143752 0.00143748 0.00143726 0.00143715 0.00143705 0.00143686
 0.00143736 0.0014374 0.00143725 0.0014375 0.00143754 0.00143714 0.00143654 0.00143603 0.00213748 0.00213745
 0.00213734 0.00213737 0.00213741 0.00213735 0.00213723 0.00213727 0.00213731 0.00213736 0.00213737 0.00213733
 0.00213726 0.00213728 0.00213673 0.00213661 0.00213674 0.00213675 0.00213679 0.00213685 0.00213688 0.00213678
 0.00213668 0.00213653 0.00213658 0.00213664 0.00213669 0.00213668 0.00213666 0.00213669 0.00213664 0.00213655
 0.00213649 0.0021367 0.00213678 0.0021368 0.00213668 0.00213679 0.00213695 0.00213698 0.00213691 0.00213702
 0.00213715 0.00213734 0.00213731 0.00213723 0.00213727 0.0021373 0.00213721 0.00213728 0.00213741 0.0021374
 0.00213735 0.00213739 0.00213746 0.00213748 0.00213745 0.00213742 0.0021374 0.0021374 0.00213743 0.00213749
 0.00213751 0.00213752 0.00213754 0.0021375 0.00213746 0.00213749 0.00213753 0.00213755 0.00213756 0.00213772
 0.00213788 0.00213763 0.00213723 0.00213727 0.00213724 0.00213693 0.00213763 0.00213777 0.00213785 0.00213786
 0.00213765 0.00213714 0.00213666 0.00213607 0.13304 0.124524 0.116008 0.107497 0.0989921 0.0904958
 0.0820107 0.0735406 0.0650914 0.0566725 0.048293 0.0399467 0.0310676 0.0233026 0.0167648 0.011147
 0.00753609 0.00514615 0.00366546 0.00314594 0.00314761 0.0031495 0.00315222 0.00315489 0.00315763 0.00316123
 0.00316476 0.00316812 0.00317126 0.00317384 0.00317717 0.00318095 0.00318492 0.00319034 0.00319835 0.0032055
 0.00321109 0.00321616 0.00322064 0.00322417 0.00322728 0.00323005 0.00323222 0.00323403 0.00323477 0.00323465
 0.00323374 0.0032321 0.00322985 0.00322687 0.00322307 0.00321809 0.00321307 0.00320778 0.00320201 0.00319546
 0.00318895 0.00318255 0.00317589 0.00316857 0.00316164 0.00315566 0.00315066 0.00314691 0.00314199 0.00313686
 0.00313209 0.00312678 0.00312187 0.00311758 0.00311349 0.00310937 0.00310596 0.00310323 0.00310154 0.00310145
 0.00310027 0.00309862 0.0030967 0.00309374 0.00309214 0.00309151 0.00309192 0.00309163 0.00309202 0.00309372
 0.00309391 0.00309284 0.00309299 0.00309143 0.00309105 0.00308902 0.00308785 0.00308983 0.00308741 0.00308196
 0.00307063 0.0030669 0.00305771 0.00305543 0.00305039 0.00304914 0.00304646 0.00303711 0.0030249 0.133162
 0.124649 0.116141 0.10764 0.0991479 0.0906662 0.0821987 0.0737502 0.0653281 0.0569427 0.0485819
 0.0402944 0.0314717 0.0238098 0.0173916 0.0118561 0.00826961 0.00586902 0.00460039 0.00429963 0.00431155
 0.00432066 0.00433488 0.00435066 0.00436855 0.0043836 0.0044019 0.00441949 0.00443606 0.00444818 0.00446629
 0.00448708 0.00450892 0.00454282 0.00458866 0.00462809 0.00465954 0.00468803 0.00471303 0.00473284 0.00475108
 0.00476709 0.00478033 0.00479035 0.00479414 0.00479323 0.00478821 0.00477917 0.00476626 0.00474953 0.00472846
 0.00470086 0.00467141 0.00464089 0.00460822 0.00457196 0.00453414 0.00449711 0.00445953 0.00441871 0.00437879
 0.00434417 0.00431486 0.00429339 0.0042659 0.00423689 0.00420976 0.0041802 0.00415215 0.00412755 0.00410458
 0.0040815 0.00406189 0.00404581 0.00403612 0.0040359 0.0040291 0.00401974 0.0040092 0.00399243 0.00398305
 0.00397936 0.00398167 0.00397995 0.00398232 0.00398893 0.00399301 0.00398962 0.00398767 0.0039842 0.0039776
 0.00397 0.00396078 0.00396297 0.00396789 0.00395144 0.00391052 0.00386309 0.00381823 0.00377045 0.00372543
 0.0036802 0.00385494 0.0045717 0.00563265 0.00728672 0.00957605 0.0129447 0.0174326 0.0220952 0.026843
 0.0340808 0.0438231 0.0536386 0.0634933 0.0726208 0.0724235 0.0723687 0.0724727 0.0727084 0.0730132
 0.0733141 0.0737164 0.0746008 0.0764811 0.079415 0.083375 0.0882201 0.0938189 0.100053 0.106818
 -3 0.133374 0.124875 0.116384 0.107902 0.0994321 0.0909769 0.0825412 0.0741318 0.0657539
 0.0573995 0.0491114 0.0409136 0.03221 0.0246853 0.0184445 0.0130055 0.00941279 0.00702549 0.00577715
 0.00548499 0.00550622 0.00553019 0.00556374 0.00560265 0.00563722 0.00567061 0.0057087 0.00574644 0.00578197
 0.00581841 0.00586234 0.00591029 0.00597672 0.00601274 0.00611212 0.00620486 0.00627364 0.00633904 0.00639656
 0.00644205 0.00648407 0.00652102 0.00655184 0.0065748 0.0065834 0.00658126 0.00656977 0.00654909 0.00651929
 0.00648088 0.00643257 0.00636917 0.00630104 0.00623059 0.00615542 0.00607226 0.00598491 0.0059012 0.00581879
 0.00572071 0.00563222 0.00555567 0.00548936 0.0054331 0.00537104 0.00530714 0.00524579 0.00517026 0.00510669
 0.00505166 0.00499987 0.00494239 0.00489715 0.00486022 0.00483788 0.00483712 0.00482148 0.00480002 0.00477583
 0.00473712 0.0047154 0.00471465 0.00471227 0.00471302 0.00471377 0.00472243 0.00473442 0.00473612 0.00472958
 0.00472343 0.00471465 0.00469825 0.0046816 0.00467541 0.00467519 0.00466564 0.00462879 0.00456639 0.00449767
 0.00442113 0.00430158 0.00433413 0.00468585 0.00526646 0.00646875 0.00838139 0.0114336 0.0157007 0.0202408
 0.0249324 0.0321138 0.0418536 0.0516812 0.0615664 0.0714279 0.0734338 0.0733474 0.0734215 0.0736379
 0.0739299 0.0742351 0.0746032 0.0753206 0.0769709 0.0796477 0.0833668 0.0879927 0.0933978 0.0994625
 0.106073 -3 0.133601 0.125118 0.116645 0.108183 0.0997372 0.0913103 0.0829086 0.0745336
 0.0661823 0.0578888 0.0496783 0.0415461 0.0329669 0.0256085 0.0194873 0.0140745 0.0104937 0.0081371
 0.0069065 0.00662385 0.00665322 0.00669155 0.00674629 0.00679887 0.00684713 0.00689964 0.00695356 0.00700586
 0.0070564 0.00711079 0.00717564 0.00725107 0.0073413 0.00743338 0.00757729 0.00771178 0.00781025 0.00789741
 0.00797188 0.0080364 0.00809374 0.00814966 0.00819681 0.00823178 0.00824484 0.00824155 0.00822402 0.0081925
 0.00814706 0.00808854 0.00801499 0.00791838 0.00781741 0.00772056 0.00761757 0.00749331 0.00737065 0.00724697
 0.0071215 0.006977 0.0068412 0.00671648 0.00660846 0.00651692 0.00642927 0.00633252 0.00623635 0.00612816
 0.00602984 0.00594113 0.00585982 0.00577332 0.00570044 0.00564201 0.00560003 0.00558659 0.00556996 0.00554032
 0.00550535 0.00545016 0.00541013 0.00539853 0.00539079 0.00539431 0.00539337 0.00540347 0.00541636 0.00542518
 0.00542379 0.00541478 0.00540166 0.00538627 0.00536469 0.00535213 0.00534945 0.0053349 0.00529393 0.00524025
 0.00518366 0.00511552 0.00498602 0.00495235 0.00513729 0.00547712 0.00620873 0.00771153 0.0104083 0.0144231
 0.0188232 0.0234307 0.0305595 0.040274 0.0501065 0.06001 0.0698748 0.0742679 0.0741492 0.0741969
 0.0743986 0.0746818 0.0749943 0.0753275 0.0759406 0.0774148 0.079886 0.0834026 0.087851 0.0930942
 0.099012 0.105496 -3 0.133896 0.125433 0.116982 0.108547 0.100131 0.0917408 0.0833697
 0.0750275 0.0667379 0.0585222 0.0503702 0.0423663 0.0339265 0.0267335 0.0207036 0.0152893 0.0117623
 0.00944387 0.00823118 0.00796322 0.00799932 0.00805893 0.00812917 0.00819529 0.00826005 0.00832414 0.00839088
 0.00845633 0.00852306 0.00859672 0.00868569 0.00880797 0.00889083 0.00904664 0.00924469 0.00942383 0.00956155
 0.00968237 0.00978334 0.00987213 0.00994424 0.0100045 0.0100647 0.0101134 0.0101315 0.0101269 0.0101025
 0.0100587 0.00999544 0.0099141 0.00981486 0.00969329 0.00957011 0.00943654 0.00929212 0.00912361 0.00895209
 0.00877681 0.00860074 0.00840519 0.00821407 0.00803468 0.00787924 0.00774759 0.0076309 0.00749685 0.00736115
 0.00721628 0.00707811 0.00695115 0.0068363 0.00671907 0.0066152 0.00652978 0.00646542 0.00643842 0.00642128
 0.00638213 0.00633466 0.00626481 0.00620086 0.00617519 0.00617076 0.00616795 0.00617024 0.00617676 0.0061907
 0.00620058 0.00620629 0.00620404 0.00619074 0.00617038 0.00614701 0.00613569 0.00613096 0.00611259 0.00607028
 0.0060157 0.00596221 0.00590078 0.00578822 0.0057589 0.00585524 0.00602247 0.00642756 0.00736221 0.00953755
 0.0131591 0.017342 0.021824 0.0288515 0.0385131 0.0483489 0.0582655 0.0681286 0.0752149 0.0750777
 0.0750778 0.0752625 0.0755377 0.0758559 0.0761648 0.0766852 0.0779571 0.0802044 0.0834922 0.0877318
 0.0927857 0.098537 0.104878 -3 0.134404 0.125975 0.117564 0.109174 0.100802 0.0924508
 0.0841402 0.0758827 0.0676888 0.0595592 0.0515644 0.0437067 0.0355153 0.0285106 0.0225089 0.0171798
 0.0137262 0.011469 0.0103008 0.0100427 0.0100996 0.0101667 0.0102583 0.0103424 0.0104154 0.01049
 0.0105741 0.0106636 0.0107574 0.0108608 0.0110088 0.0111232 0.0112774 0.0114493 0.0117281 0.01197
 0.0121659 0.0123367 0.0124771 0.0126024 0.0127068 0.0127914 0.0128532 0.0129115 0.0129372 0.0129307
 0.012896 0.0128339 0.0127442 0.0126359 0.0125181 0.0123597 0.0121817 0.0119884 0.0117823 0.0115481
 0.0113039 0.0110519 0.0108052 0.0105376 0.0102598 0.0100135 0.00979692 0.00960137 0.00942739 0.00924354
 0.00905688 0.00885134 0.00863984 0.00846095 0.00830035 0.00813286 0.00797555 0.00785004 0.00775395 0.00770515
 0.00768721 0.00763392 0.00756782 0.00747624 0.00737676 0.00734392 0.00733057 0.00732663 0.00732561 0.00733442
 0.00734488 0.00735355 0.00736093 0.0073628 0.00735761 0.00734565 0.00732223 0.00730963 0.00730566 0.00729015
 0.00725082 0.00720209 0.00715841 0.00710658 0.0070036 0.00696787 0.00705656 0.0071553 0.00729976 0.00770872
 0.00890645 0.0117259 0.0154358 0.019642 0.0264522 0.0359928 0.0457866 0.0557206 0.0655708 0.0753166
 0.0764592 0.0764243 0.076553 0.0768106 0.0771224 0.0774258 0.0778564 0.078836 0.0807742 0.0837203
 0.0876421 0.0924122 0.0979123 0.104034 -3 0.135003 0.126614 0.118241 0.109885 0.101562
 0.0932792 0.0850495 0.0768702 0.068763 0.0607763 0.0529053 0.0452614 0.0372794 0.0303444 0.0243955
 0.0191777 0.0158223 0.01363 0.0124869 0.0122448 0.012309 0.0123866 0.0124824 0.012577 0.0126557
 0.0127393 0.0128417 0.0129532 0.0130708 0.0132292 0.0133634 0.0135439 0.0137148 0.0139649 0.0143124
 0.0146065 0.014828 0.0150231 0.0152001 0.0153623 0.0154994 0.0156114 0.0156904 0.015744 0.0157733
 0.0157648 0.0157198 0.0156391 0.0155255 0.0154039 0.0152556 0.0150552 0.0148216 0.014568 0.0143038
 0.0140187 0.0137123 0.0134116 0.0131046 0.0127633 0.0124081 0.0120807 0.0117823 0.0115161 0.0112824
 0.0110555 0.0108132 0.0105492 0.0102836 0.0100453 0.00982753 0.00961065 0.00940256 0.00923277 0.00909938
 0.00901581 0.00897593 0.00892046 0.00884075 0.00872929 0.00860267 0.0085397 0.00851412 0.00850411 0.00850089
 0.00850556 0.00851754 0.00852565 0.0085298 0.00853121 0.00852703 0.00851632 0.00850121 0.00849785 0.00850361
 0.0084944 0.00845871 0.00841812 0.00838752 0.00835105 0.00826588 0.00823141 0.00829681 0.00837447 0.00849397
 0.00865275 0.0092003 0.0109542 0.0139733 0.0177608 0.0242248 0.0335579 0.043285 0.0532048 0.0630377
 0.0727328 0.0778592 0.077791 0.077878 0.0781032 0.0784026 0.0787101 0.0790909 0.0798246 0.0814604
 0.0840658 0.0876651 0.0921441 0.0973817 0.103264 -3 0.135553 0.127186 0.118844 0.110533
 0.102263 0.0940418 0.0858653 0.0777558 0.0697516 0.0618508 0.0541309 0.0466221 0.0387737 0.031858
 0.0260005 0.0208826 0.0175985 0.0154543 0.0143352 0.0141016 0.0141674 0.0142482 0.014346 0.0144424
 0.0145235 0.0146216 0.0147336 0.0148571 0.0150207 0.015164 0.0153427 0.0155409 0.0157183 0.01602
 0.0164227 0.0167665 0.0170293 0.0172509 0.0174416 0.0176141 0.0177766 0.0179109 0.0180066 0.0180598
 0.0180859 0.0180758 0.0180225 0.0179267 0.0177994 0.0176635 0.017488 0.0172533 0.0169743 0.0166818
 0.0163997 0.0160704 0.0157107 0.0153506 0.0149809 0.0145783 0.0141612 0.0137663 0.0134036 0.0130853
 0.012798 0.0125331 0.0122477 0.0119364 0.0116239 0.0113371 0.0110729 0.0108157 0.0105708 0.0103631
 0.0101965 0.0100851 0.0100281 0.00997186 0.00988078 0.00975398 0.00960903 0.00951481 0.00949354 0.00946817
 0.00946527 0.00946823 0.0094738 0.00948324 0.00948874 0.00948886 0.00948218 0.00947093 0.00945746 0.00945688
 0.00946626 0.00946601 0.00944224 0.00941573 0.00939958 0.00937749 0.00930601 0.00927461 0.00933498 0.00939758
 0.00949077 0.0096339 0.00989309 0.0108946 0.0132081 0.0165299 0.0225924 0.0316907 0.0413182 0.0512044
 0.0610106 0.0706609 0.0790212 0.0789076 0.0789584 0.0791631 0.0794497 0.0797671 0.0801007 0.0806946
 0.0820974 0.084434 0.0877642 0.0919994 0.0970137 0.102701 -3 0.136234 0.127911 0.119619
 0.111367 0.103163 0.0949949 0.0868961 0.0788927 0.0709826 0.0632215 0.0556508 0.0483065 0.0405045
 0.0336757 0.0279286 0.0229308 0.0197232 0.0176305 0.016537 0.016311 0.016373 0.0164525 0.0165529
 0.0166522 0.0167406 0.0168456 0.0169704 0.0171335 0.017279 0.0174574 0.0176687 0.0178608 0.0181097
 0.018432 0.0188805 0.0192677 0.0195782 0.0198366 0.0200613 0.0202488 0.0204136 0.0205736 0.0206885
 0.0207457 0.0207638 0.0207518 0.0206888 0.0205755 0.0204368 0.0202798 0.0200729 0.0197985 0.0194763
 0.0191671 0.0188332 0.018446 0.0180244 0.0175959 0.0171684 0.0167168 0.0162349 0.0157717 0.0153553
 0.0149644 0.0146104 0.0142861 0.0139642 0.0136015 0.0132261 0.0128761 0.0125655 0.0122566 0.0119563
 0.0116948 0.0114919 0.0113469 0.0112597 0.0111927 0.0110937 0.0109516 0.0107868 0.0106866 0.0106276
 0.0106073 0.0105829 0.0105881 0.0105946 0.0105975 0.0105991 0.0106005 0.0105948 0.010583 0.0105681
 0.0105679 0.0105811 0.0105865 0.0105706 0.0105555 0.0105566 0.0105548 0.0105071 0.0104943 0.0105477
 0.0106024 0.0106805 0.0107884 0.0109774 0.0114571 0.012855 0.0154977 0.0209583 0.0296661 0.0391291
 0.0489597 0.058708 0.0683032 0.077957 0.080227 0.0802176 0.0803905 0.0806658 0.0809859 0.0812942
 0.0817761 0.0829026 0.0849506 0.0879721 0.0919177 0.0966727 0.102129 -3 0.137096 0.128829
 0.1206 0.112413 0.104265 0.0961865 0.0881973 0.0802905 0.0725175 0.0649188 0.0575155 0.0502805
 0.042526 0.0358212 0.0302112 0.0253421 0.0222123 0.0201722 0.0191083 0.0188861 0.0189439 0.0190249
 0.0191246 0.0192265 0.0193186 0.0194402 0.0195838 0.0197216 0.0199149 0.0201202 0.0203203 0.0205862
 0.0208279 0.0212246 0.0217377 0.0221608 0.0224799 0.0227748 0.0230381 0.0232597 0.0234295 0.0235993
 0.0237361 0.0238009 0.0238087 0.0237928 0.0237186 0.0235871 0.0234372 0.0232529 0.0230102 0.0226969
 0.0223544 0.0219962 0.0215986 0.0211478 0.0206735 0.0201981 0.0197208 0.0191884 0.0186267 0.0180825
 0.0175778 0.0170999 0.0166713 0.0162831 0.0159152 0.0154939 0.0150571 0.0146494 0.0142753 0.0139063
 0.0135542 0.0132444 0.0129912 0.012802 0.0126775 0.0125875 0.0124879 0.0123313 0.0121462 0.0120195
 0.0119596 0.0119019 0.0118834 0.0118704 0.011869 0.0118737 0.0118747 0.0118709 0.0118607 0.0118488
 0.0118361 0.0118396 0.0118563 0.0118656 0.0118555 0.0118514 0.011869 0.0118861 0.0118608 0.0118604
 0.0119249 0.0119866 0.0120532 0.0121439 0.0122875 0.0125353 0.0132249 0.0149346 0.0194858 0.0275898
 0.0367863 0.0464967 0.0561698 0.0656731 0.0752721 0.0817268 0.0816854 0.081802 0.0820477 0.0823609
 0.0826703 0.0830796 0.0839178 0.0856557 0.0883267 0.0919427 0.0963993 0.101582 -3 0.138051
 0.129844 0.121669 0.113541 0.10548 0.0975025 0.0895984 0.0818162 0.0741965 0.0667357 0.0594633
 0.0522574 0.0446294 0.0380626 0.0325823 0.0278295 0.0247715 0.0227829 0.0217496 0.0215319 0.0215859
 0.0216642 0.0217619 0.0218655 0.0219786 0.0220855 0.0222075 0.0224039 0.0225987 0.0227928 0.0230607
 0.023317 0.0236119 0.024019 0.0245964 0.0250757 0.0254291 0.0257297 0.0260149 0.0262705 0.0264663
 0.0266277 0.0267837 0.0268563 0.0268556 0.0268334 0.0267481 0.0266005 0.0264377 0.0262259 0.0259477
 0.0256167 0.0252422 0.0248254 0.0243715 0.0238968 0.0233727 0.0228284 0.022274 0.0216625 0.021034
 0.0204274 0.019855 0.0193147 0.0188065 0.0183447 0.0179128 0.0174462 0.0169455 0.01647 0.0160293
 0.0156025 0.0151874 0.0148196 0.0145096 0.0142761 0.0141118 0.0139913 0.0138842 0.013717 0.0135151
 0.0133826 0.0132988 0.0132415 0.0131838 0.0131748 0.0131694 0.0131604 0.0131529 0.0131506 0.0131418
 0.0131273 0.0131113 0.0131136 0.0131332 0.0131491 0.0131475 0.0131561 0.0131897 0.0132243 0.0132193
 0.0132272 0.013291 0.0133553 0.0134359 0.013519 0.0136383 0.0138381 0.0141459 0.0150754 0.0185053
 0.0257971 0.034621 0.0441577 0.053717 0.0631163 0.0726344 0.0822358 0.0831533 0.0832251 0.0834421
 0.0837367 0.0840555 0.0844083 0.0850405 0.0864792 0.0888095 0.0920887 0.0962342 0.101136 -3
 0.139094 0.130932 0.122822 0.114776 0.106808 0.0989063 0.0911168 0.0834759 0.07597 0.0686571
 0.0614367 0.0543088 0.0468176 0.04039 0.0350322 0.0303832 0.0273986 0.0254634 0.0244583 0.024245
 0.0242943 0.0243654 0.0244774 0.0245758 0.024657 0.0247613 0.0249325 0.0251097 0.025299 0.0255527
 0.0258074 0.0261076 0.0264191 0.0268766 0.0274765 0.0279907 0.0283856 0.0287213 0.0290078 0.0292813
 0.0295062 0.0296691 0.0298313 0.0299117 0.0299042 0.0298745 0.029778 0.0296161 0.0294388 0.0291991
 0.0288936 0.028548 0.0281301 0.0276558 0.0271855 0.0266613 0.0260724 0.0254596 0.0248512 0.0242052
 0.0235089 0.0228238 0.0221707 0.0215426 0.020948 0.0204121 0.0199182 0.0194055 0.0188475 0.0183109
 0.0178129 0.0173239 0.0168499 0.0164305 0.0160718 0.0157874 0.0155781 0.0154198 0.0152899 0.0151229
 0.0149069 0.0147515 0.0146694 0.0145871 0.0145323 0.0144908 0.0144759 0.0144692 0.0144589 0.0144452
 0.0144269 0.0144099 0.0143962 0.0144023 0.0144252 0.0144436 0.0144463 0.0144638 0.0145117 0.0145652
 0.0145825 0.0146031 0.0146623 0.0147215 0.0148021 0.0148991 0.0150106 0.0151677 0.0153946 0.0158306
 0.0180687 0.0243391 0.0326514 0.0419469 0.0513583 0.06064 0.0700624 0.0795915 0.0846448 0.08465
 0.0848383 0.08512 0.0854454 0.0857599 0.0862583 0.0873948 0.0894139 0.092356 0.0961885 0.100806
 -3 0.140201 0.132106 0.124073 0.116114 0.108214 0.100419 0.0927564 0.0852203 0.0778603
 0.0706324 0.0634516 0.056436 0.0490865 0.0427932 0.0375508 0.0330015 0.0300916 0.028209 0.0272289
 0.027027 0.0270816 0.0271485 0.0272227 0.0272969 0.0274045 0.0275257 0.0276648 0.0278468 0.0280831
 0.0283194 0.0286081 0.0289278 0.029239 0.0297524 0.0304074 0.0309311 0.031342 0.0317153 0.0320294
 0.0322954 0.0325463 0.0327213 0.0328792 0.0329673 0.032954 0.0329158 0.0328081 0.0326329 0.0324399
 0.0321723 0.0318499 0.0314796 0.0310179 0.0305088 0.0300127 0.0294258 0.0287788 0.0281371 0.0274829
 0.0267615 0.0259846 0.0252254 0.024514 0.023818 0.0231592 0.022552 0.0219893 0.0214097 0.0208009
 0.0202046 0.0196434 0.0190838 0.0185465 0.0180683 0.0176553 0.0173106 0.0170548 0.0168585 0.0167008
 0.01653 0.0163047 0.0161474 0.016045 0.015966 0.0158844 0.0158475 0.0158217 0.0157925 0.0157699
 0.0157581 0.0157413 0.0157195 0.0156975 0.0156978 0.0157191 0.0157441 0.0157554 0.015786 0.0158508
 0.0159202 0.0159561 0.0159823 0.0160379 0.0160967 0.0161701 0.0162647 0.0163938 0.0165329 0.016706
 0.016953 0.0182275 0.0232564 0.0309218 0.0398989 0.0491174 0.058239 0.0675639 0.0770069 0.0861462
 0.0861164 0.0862462 0.0865032 0.0868217 0.0871345 0.0875541 0.0884129 0.0901363 0.0927463 0.0962593
 0.100587 -3 0.141394 0.133373 0.125419 0.117522 0.109722 0.102042 0.094482 0.0870791
 0.0798158 0.0726096 0.0655327 0.0586355 0.051429 0.0452638 0.0401244 0.0356827 0.0328469 0.0310285
 0.0300841 0.0298706 0.0298985 0.0299373 0.0300206 0.0301175 0.0302032 0.0302908 0.030447 0.030657
 0.0308711 0.0311349 0.0314446 0.0317555 0.0321232 0.0326313 0.03334 0.0339062 0.034321 0.0347096
 0.0350564 0.0353271 0.035586 0.0357802 0.0359278 0.0360229 0.0360045 0.0359566 0.0358379 0.0356501
 0.0354402 0.035145 0.0348136 0.0344114 0.0339081 0.0333862 0.03284 0.0321968 0.0315295 0.0308383
 0.0301155 0.0293222 0.0285007 0.0276972 0.0269155 0.0261396 0.0253938 0.0247005 0.0240646 0.0234226
 0.0227702 0.022117 0.0214951 0.0208796 0.0202814 0.0197443 0.0192792 0.0188852 0.0185779 0.0183358
 0.0181403 0.0179476 0.0177235 0.0175493 0.0174492 0.0173485 0.0172729 0.0172148 0.0171809 0.0171544
 0.0171246 0.0170943 0.0170624 0.0170357 0.0170162 0.0170204 0.0170457 0.0170691 0.0170806 0.0171163
 0.0171919 0.0172788 0.0173368 0.0173752 0.0174239 0.0174725 0.0175453 0.0176333 0.0177589 0.0179126
 0.0180577 0.0182585 0.0189301 0.022606 0.029465 0.0380183 0.0469917 0.0559412 0.0651326 0.0744881
 0.0839486 0.0875857 0.0876706 0.0878967 0.0881979 0.0885191 0.0888849 0.0895346 0.09097 0.0932563
 0.0964496 0.100475 -3 0.142673 0.134725 0.12683 0.119025 0.11133 0.103752 0.0963032
 0.0890077 0.0817889 0.0746521 0.0676812 0.0609087 0.0538392 0.0477947 0.0427574 0.0384212 0.035675
 0.0338864 0.032945 0.0327337 0.0327679 0.0328229 0.0328879 0.0329489 0.0330111 0.0331251 0.0332847
 0.0334691 0.0337114 0.0339914 0.0342849 0.0346461 0.0350143 0.0355597 0.0362768 0.0368819 0.037331
 0.0377125 0.0380834 0.0383744 0.0386253 0.038841 0.0389813 0.0390784 0.0390557 0.0389975 0.0388676
 0.038668 0.038441 0.0381221 0.0377799 0.0373432 0.0368128 0.0362712 0.0356672 0.0350011 0.0342945
 0.0335394 0.0327641 0.0319408 0.0310615 0.0301777 0.0293184 0.0284764 0.0276583 0.0269106 0.0262123
 0.025499 0.0247765 0.0240748 0.0233976 0.0227157 0.0220406 0.0214443 0.020925 0.0204737 0.0201033
 0.0198163 0.0195845 0.0193689 0.0191441 0.0189726 0.0188583 0.0187621 0.0186627 0.0186092 0.0185714
 0.0185305 0.0184893 0.0184613 0.0184315 0.0183968 0.018363 0.0183559 0.018374 0.0184038 0.018424
 0.0184727 0.0185654 0.0186667 0.0187397 0.0187761 0.0188157 0.0188643 0.018925 0.0190082 0.0191254
 0.0192852 0.0194287 0.0195873 0.0199731 0.0224152 0.0283144 0.0363393 0.0450139 0.0537459 0.0627878
 0.0720341 0.0814129 0.0890714 0.0890951 0.0892942 0.0895822 0.0899128 0.0902334 0.0907482 0.0918927
 0.0938843 0.0967526 0.100479 -3 0.14403 0.136138 0.12833 0.120622 0.113028 0.105541
 0.098208 0.0909842 0.0838013 0.0767594 0.0698974 0.0632467 0.0563105 0.0503749 0.0454504 0.0412136
 0.0385342 0.0367803 0.0358998 0.0356948 0.0357091 0.03573 0.0357584 0.0358187 0.0359015 0.0359958
 0.0361276 0.0363425 0.0365896 0.0368497 0.0371836 0.0375505 0.0379132 0.0385103 0.0392535 0.0398604
 0.0403441 0.0407399 0.0411105 0.0414294 0.0416701 0.0419026 0.0420393 0.042134 0.0421069 0.0420379
 0.0418973 0.0416863 0.0414417 0.0411037 0.0407466 0.040275 0.0397309 0.0391561 0.0385063 0.0378269
 0.0370595 0.0362546 0.0354614 0.0345769 0.0336223 0.0326754 0.0317848 0.030882 0.0299869 0.0291527
 0.0283685 0.0275823 0.0267993 0.0260551 0.0253213 0.02458 0.0238505 0.0231933 0.0226145 0.0221105
 0.0216898 0.0213508 0.0210733 0.020821 0.0205751 0.0204021 0.0202908 0.0201784 0.0200862 0.0200153
 0.0199688 0.0199309 0.0198898 0.0198501 0.0198107 0.0197681 0.0197371 0.0197341 0.0197569 0.0197806
 0.0197961 0.0198451 0.019944 0.0200592 0.0201546 0.0202033 0.0202317 0.0202597 0.0203174 0.0203905
 0.0205009 0.0206506 0.0208117 0.0209511 0.0212544 0.0227049 0.0275048 0.0348869 0.0431892 0.051671
 0.0605421 0.0696517 0.07894 0.088337 0.0905558 0.0906987 0.0909668 0.0912905 0.0916069 0.092038
 0.0929142 0.0946231 0.0971761 0.100593 -3 0.145446 0.137635 0.129916 0.122307 0.114791
 0.107423 0.100168 0.0929619 0.0858706 0.0789291 0.072184 0.0656481 0.0588382 0.0530116 0.048195
 0.0440747 0.0414285 0.0397611 0.0388826 0.0386635 0.0386532 0.0386624 0.0387048 0.0387562 0.0388066
 0.0388777 0.0390367 0.0392439 0.0394696 0.0397589 0.0401041 0.0404581 0.0408629 0.0414612 0.0422483
 0.0428666 0.0433573 0.0437837 0.044144 0.0444849 0.0447248 0.0449639 0.0450999 0.0451891 0.045159
 0.0450788 0.044927 0.044705 0.0444424 0.0440887 0.0437134 0.0432122 0.0426582 0.0420411 0.0413676
 0.0406539 0.0398291 0.0390103 0.038165 0.0372136 0.0362093 0.0352359 0.0342708 0.0332897 0.0323192
 0.031412 0.0305821 0.0297314 0.028874 0.0280661 0.0272867 0.0264868 0.0256865 0.0249549 0.0243216
 0.0237609 0.0232807 0.0228854 0.0225621 0.0222768 0.0220132 0.0218408 0.0217278 0.0216209 0.0215109
 0.0214443 0.0213973 0.0213473 0.0212943 0.0212563 0.0212192 0.0211777 0.0211378 0.0211281 0.0211471
 0.0211712 0.0211956 0.0212576 0.0213736 0.0215026 0.0216093 0.0216479 0.0216592 0.0216866 0.0217213
 0.0217829 0.0218793 0.0220223 0.0221775 0.0223292 0.0225688 0.0234303 0.0270618 0.033683 0.0415396
 0.0497274 0.0583877 0.067357 0.0765266 0.0858465 0.0920266 0.0921245 0.0923595 0.0926681 0.0929907
 0.0933693 0.0940356 0.0954666 0.0977116 0.100822 -3 0.14694 0.139212 0.131587 0.124049
 0.116643 0.109358 0.102141 0.0949993 0.0879985 0.0811609 0.0745268 0.0681087 0.0614148 0.0557047
 0.0509842 0.0469407 0.0444086 0.0427447 0.0418855 0.0416766 0.0416711 0.0416726 0.0416803 0.0416959
 0.0417371 0.0418267 0.0419657 0.0421491 0.0423984 0.0426999 0.043025 0.0434083 0.0438297 0.044427
 0.0452427 0.045897 0.046376 0.0468288 0.047193 0.0475399 0.0477867 0.0480251 0.0481631 0.0482438
 0.0482109 0.0481201 0.0479572 0.0477241 0.0474432 0.0470759 0.0466797 0.0461571 0.0455863 0.0449273
 0.0442458 0.0434808 0.0426259 0.0417774 0.0408688 0.0398851 0.0388468 0.0378019 0.0367627 0.0357414
 0.0347202 0.033746 0.0328324 0.0318972 0.030968 0.0301001 0.0292785 0.0284236 0.0275655 0.0267793
 0.0260846 0.0254638 0.0249301 0.0244775 0.0241046 0.023779 0.0234796 0.0232827 0.0231752 0.0230655
 0.0229633 0.0228844 0.0228296 0.0227829 0.0227334 0.0226867 0.0226418 0.0225927 0.022552 0.0225465
 0.022571 0.0225992 0.0226229 0.0226888 0.0228139 0.0229544 0.0230802 0.0231307 0.0231245 0.0231183
 0.0231474 0.0231889 0.0232713 0.0233975 0.0235433 0.0237042 0.0239222 0.0244392 0.0269921 0.0327516
 0.0400889 0.0479324 0.0563562 0.0651494 0.0741913 0.0834087 0.0927512 0.0935503 0.0937582 0.0940524
 0.0943864 0.0947151 0.0952453 0.0963966 0.0983606 0.101161 -3 0.14851 0.140869 0.133314
 0.125873 0.118558 0.111335 0.104151 0.0970948 0.0901849 0.0834595 0.0769275 0.0706237 0.0640452
 0.0584415 0.0538453 0.0498858 0.0473935 0.0457817 0.0449687 0.0447548 0.0447221 0.0446887 0.0446691
 0.0446888 0.0447294 0.044789 0.0449011 0.0451055 0.0453611 0.0456407 0.0459799 0.0463883 0.0467962
 0.0474301 0.0482438 0.0489303 0.0494164 0.0498742 0.0502546 0.050595 0.0508549 0.0510867 0.0512293
 0.051299 0.0512631 0.0511609 0.0509869 0.0507434 0.0504439 0.0500653 0.0496456 0.0491074 0.0485144
 0.0478251 0.0471287 0.046311 0.0454473 0.044544 0.0435973 0.042591 0.0414876 0.0403744 0.0393148
 0.0382339 0.0371355 0.0360827 0.0350937 0.0341049 0.0331098 0.0321759 0.031297 0.0303925 0.0294704
 0.0286181 0.0278532 0.0271742 0.026583 0.0260764 0.0256509 0.0252811 0.0249572 0.0247547 0.0246247
 0.0245219 0.0244165 0.0243423 0.0242897 0.0242343 0.0241762 0.0241288 0.0240865 0.0240402 0.0239964
 0.0239855 0.024007 0.0240336 0.0240628 0.0241419 0.024284 0.0244436 0.024587 0.0246327 0.0246067
 0.0245999 0.0245915 0.0246147 0.0246692 0.024783 0.0249184 0.0250694 0.0252932 0.0256842 0.0273205
 0.0321139 0.0388503 0.0462942 0.0544415 0.0630385 0.0719412 0.0810395 0.0902949 0.0950038 0.0951595
 0.0954383 0.0957672 0.0960872 0.0965304 0.0974217 0.0991162 0.101616 -3 0.150154 0.142585
 0.135113 0.127767 0.120521 0.113314 0.10621 0.0992438 0.0924282 0.085807 0.0793848 0.0731848
 0.0667175 0.0612188 0.0567101 0.0528724 0.0504186 0.0488753 0.0480623 0.0478357 0.0477842 0.0477426
 0.0477226 0.0477198 0.0477268 0.0477613 0.0478894 0.0480922 0.0483242 0.0486048 0.0489735 0.0493689
 0.0497789 0.0504435 0.051273 0.051964 0.052475 0.0529196 0.0533246 0.0536512 0.0539288 0.0541484
 0.0542974 0.0543545 0.0543159 0.0542018 0.0540166 0.0537629 0.0534446 0.053057 0.0526119 0.0520629
 0.0514424 0.0507345 0.050012 0.0491591 0.0479984 0.046767 0.0456329 0.0445419 0.0434933 0.0425409
 0.0416649 0.0407267 0.0395685 0.0384741 0.0374312 0.0363652 0.0352871 0.0342817 0.0333429 0.032398
 0.0314225 0.0305123 0.0296916 0.0289512 0.0282985 0.0277332 0.0272469 0.0268379 0.0264751 0.0262327
 0.0261085 0.0259817 0.0258816 0.0258058 0.0257515 0.0256995 0.0256451 0.0255945 0.0255468 0.0254953
 0.0254472 0.0254407 0.0254678 0.0255016 0.0255349 0.0256187 0.0257704 0.025942 0.0261004 0.0261565
 0.0261241 0.0260914 0.0260728 0.0260621 0.0260943 0.0261746 0.026294 0.0264389 0.0266762 0.0269981
 0.0280188 0.0317849 0.0378378 0.0448398 0.0526716 0.0610431 0.0697677 0.0787468 0.0878972 0.096476
 0.0965866 0.0968302 0.0971462 0.0974708 0.0978613 0.0985434 0.0999692 0.102175 -3 0.15186
 0.144362 0.136987 0.129709 0.122494 0.115348 0.108323 0.101446 0.0947348 0.088207 0.0818922
 0.0757841 0.0694316 0.064066 0.0596276 0.055863 0.0535096 0.0519718 0.0511857 0.0509684 0.0509109
 0.0508503 0.0507909 0.0507513 0.0507424 0.0507865 0.0509037 0.0510788 0.0513065 0.0516123 0.0519703
 0.0523562 0.0527968 0.0534571 0.0543239 0.0550034 0.05554 0.0559749 0.0563961 0.0567143 0.0570048
 0.0572119 0.0573661 0.0574108 0.0573689 0.0572427 0.0570465 0.0567826 0.0564456 0.0560496 0.0546376
 0.0531164 0.0516232 0.050215 0.0488833 0.0475734 0.0462897 0.045103 0.0440112 0.042954 0.0419342
 0.0410093 0.0401605 0.0393254 0.0384969 0.0377286 0.037024 0.0363644 0.0357709 0.0352936 0.0349229
 0.0344216 0.0333897 0.0324186 0.0315372 0.0307288 0.0300153 0.0293952 0.0288578 0.0283986 0.0280007
 0.0277572 0.0275958 0.027476 0.0273549 0.0272767 0.0272261 0.0271729 0.0271171 0.0270668 0.0270218
 0.0269733 0.026928 0.026918 0.0269436 0.0269775 0.027013 0.027109 0.0272777 0.0274683 0.0276492
 0.0277038 0.0276477 0.0276139 0.0275721 0.0275418 0.0275259 0.0275855 0.0276851 0.0278137 0.0280418
 0.028339 0.028963 0.0317698 0.0370756 0.0435732 0.051043 0.0591548 0.0676953 0.0765298 0.0855685
 0.0947612 0.0980138 0.0982303 0.0985306 0.0988675 0.0992054 0.0997497 0.100906 0.102844 -3
 0.153618 0.14621 0.138908 0.131685 0.124501 0.117433 0.11049 0.103699 0.0970872 0.090662
 0.0844403 0.0784296 0.0721989 0.066934 0.0626115 0.0589127 0.0566053 0.0551184 0.0543687 0.0541427
 0.0540568 0.0539607 0.0538675 0.0538197 0.0538109 0.0538345 0.053918 0.0540857 0.0543316 0.0546292
 0.0549689 0.0553763 0.0558266 0.0564814 0.0573768 0.058061 0.0586049 0.0590427 0.0594684 0.0597848
 0.0600809 0.0602789 0.0604348 0.0604682 0.0604218 0.0602837 0.0589341 0.0573039 0.0556749 0.0540969
 0.0525909 0.0511214 0.0496871 0.0483361 0.0470636 0.0458028 0.0445611 0.043412 0.042354 0.0413334
 0.0403561 0.0394697 0.038644 0.0378303 0.03702 0.0362774 0.0356059 0.034959 0.0343591 0.0338744
 0.0334954 0.0332038 0.0330243 0.033567 0.033446 0.0325751 0.0317999 0.0311167 0.0305185 0.0300113
 0.029579 0.0292879 0.0291345 0.0289787 0.0288576 0.0287705 0.0287087 0.0286513 0.0285994 0.0285511
 0.0285057 0.0284568 0.0284114 0.0284041 0.0284353 0.0284764 0.0285212 0.0286244 0.0288038 0.0290075
 0.0292047 0.0292646 0.0292071 0.0291495 0.0290928 0.0290414 0.0290043 0.0290094 0.0290762 0.0291948
 0.0294073 0.0297072 0.0301363 0.0320838 0.0365773 0.0425128 0.0495861 0.0574062 0.0657271 0.0743939
 0.0833146 0.0924018 0.0994604 0.0996307 0.0999179 0.100252 0.100575 0.101031 0.101935 0.103615
 -3
