UdUm 180 d
 0 0 0.0185714 0.0185714 0.039906 0.039906 0.0586236 0.0586236 0.0860166 0.0860166
 0.126082 0.126082 0.184587 0.184587 0.268869 0.268869 0.382496 0.382496 0.522289 0.522289
 0.657899 0.657899 0.755774 0.755774 0.818767 0.818767 0.874083 0.874083 0.929663 0.929663
 0.978721 0.978721 1.02341 1.02341 1.05844 1.05844 1.08614 1.08614 1.10723 1.10723
 1.12376 1.12376 1.13778 1.13778 1.14423 1.14423 1.13778 1.13778 1.12376 1.12376
 1.10723 1.10723 1.08614 1.08614 1.05844 1.05844 1.02341 1.02341 0.978721 0.978721
 0.929663 0.929663 0.874083 0.874083 0.818767 0.818767 0.755774 0.755774 0.657899 0.657899
 0.522289 0.522289 0.382496 0.382496 0.268869 0.268869 0.184587 0.184587 0.126082 0.126082
 0.0860166 0.0860166 0.0586236 0.0586236 0.039906 0.039906 0.0185714 0.0185714 0 0
 0 0 0.0185714 0.0185714 0.039906 0.039906 0.0586236 0.0586236 0.0860166 0.0860166
 0.126082 0.126082 0.184587 0.184587 0.268869 0.268869 0.382496 0.382496 0.522289 0.522289
 0.657899 0.657899 0.755774 0.755774 0.818767 0.818767 0.874083 0.874083 0.929663 0.929663
 0.978721 0.978721 1.02341 1.02341 1.05844 1.05844 1.08614 1.08614 1.10723 1.10723
 1.12376 1.12376 1.13778 1.13778 1.14423 1.14423 1.13778 1.13778 1.12376 1.12376
 1.10723 1.10723 1.08614 1.08614 1.05844 1.05844 1.02341 1.02341 0.978721 0.978721
 0.929663 0.929663 0.874083 0.874083 0.818767 0.818767 0.755774 0.755774 0.657899 0.657899
 0.522289 0.522289 0.382496 0.382496 0.268869 0.268869 0.184587 0.184587 0.126082 0.126082
 0.0860166 0.0860166 0.0586236 0.0586236 0.039906 0.039906 0.0185714 0.0185714 0 0
