idim4d 4 i
 2 45 2 1
abcd 50 d
 -5 0 1 1.001 1.00215 1.00316 1.00464 1.00681 1.01 1.0147
 1.0215 1.0316 1.0464 1.0681 1.1 1.147 1.215 1.3 1.4 1.5
 1.6 1.7 1.8 1.9 2 2.1 2.2 2.3 2.4 2.5
 2.6 2.7 2.785 2.853 2.9 2.9319 2.9536 2.9684 2.9785 2.9853
 2.99 2.99319 2.99536 2.99684 2.99785 2.999 3 0 0.2 0
U1 180 d
 0 0 0.0185714 0.0185714 0.039906 0.039906 0.0586236 0.0586236 0.0860166 0.0860166
 0.126082 0.126082 0.184587 0.184587 0.268869 0.268869 0.382496 0.382496 0.522289 0.522289
 0.657899 0.657899 0.755774 0.755774 0.818767 0.818767 0.874083 0.874083 0.929663 0.929663
 0.978721 0.978721 1.02341 1.02341 1.05844 1.05844 1.08614 1.08614 1.10723 1.10723
 1.12376 1.12376 1.13778 1.13778 1.14423 1.14423 1.13778 1.13778 1.12376 1.12376
 1.10723 1.10723 1.08614 1.08614 1.05844 1.05844 1.02341 1.02341 0.978721 0.978721
 0.929663 0.929663 0.874083 0.874083 0.818767 0.818767 0.755774 0.755774 0.657899 0.657899
 0.522289 0.522289 0.382496 0.382496 0.268869 0.268869 0.184587 0.184587 0.126082 0.126082
 0.0860166 0.0860166 0.0586236 0.0586236 0.039906 0.039906 0.0185714 0.0185714 0 0
 0 0 0.0185714 0.0185714 0.039906 0.039906 0.0586236 0.0586236 0.0860166 0.0860166
 0.126082 0.126082 0.184587 0.184587 0.268869 0.268869 0.382496 0.382496 0.522289 0.522289
 0.657899 0.657899 0.755774 0.755774 0.818767 0.818767 0.874083 0.874083 0.929663 0.929663
 0.978721 0.978721 1.02341 1.02341 1.05844 1.05844 1.08614 1.08614 1.10723 1.10723
 1.12376 1.12376 1.13778 1.13778 1.14423 1.14423 1.13778 1.13778 1.12376 1.12376
 1.10723 1.10723 1.08614 1.08614 1.05844 1.05844 1.02341 1.02341 0.978721 0.978721
 0.929663 0.929663 0.874083 0.874083 0.818767 0.818767 0.755774 0.755774 0.657899 0.657899
 0.522289 0.522289 0.382496 0.382496 0.268869 0.268869 0.184587 0.184587 0.126082 0.126082
 0.0860166 0.0860166 0.0586236 0.0586236 0.039906 0.039906 0.0185714 0.0185714 0 0
pg 180 d
 0 0 -8.59782e-08 -8.59782e-08 -5.67421e-07 -5.67421e-07 -1.68791e-06 -1.68791e-06 -5.2091e-06 -5.2091e-06
 -1.54609e-05 -1.54609e-05 -4.30518e-05 -4.30518e-05 -0.000110075 -0.000110075 -0.000255171 -0.000255171 -0.000553044 -0.000553044
 -0.00109403 -0.00109403 -0.00191365 -0.00191365 -0.00282773 -0.00282773 -0.00344217 -0.00344217 -0.00352632 -0.00352632
 -0.00323092 -0.00323092 -0.00279335 -0.00279335 -0.00237548 -0.00237548 -0.00200533 -0.00200533 -0.00169812 -0.00169812
 -0.00146418 -0.00146418 -0.00131349 -0.00131349 -0.00126044 -0.00126044 -0.00131349 -0.00131349 -0.00146418 -0.00146418
 -0.00169812 -0.00169812 -0.00200533 -0.00200533 -0.00237548 -0.00237548 -0.00279335 -0.00279335 -0.00323092 -0.00323092
 -0.00352632 -0.00352632 -0.00344217 -0.00344217 -0.00282773 -0.00282773 -0.00191365 -0.00191365 -0.00109403 -0.00109403
 -0.000553044 -0.000553044 -0.000255171 -0.000255171 -0.000110075 -0.000110075 -4.30518e-05 -4.30518e-05 -1.54609e-05 -1.54609e-05
 -5.2091e-06 -5.2091e-06 -1.68791e-06 -1.68791e-06 -5.67421e-07 -5.67421e-07 -8.59782e-08 -8.59782e-08 -7.14789e-15 -7.14789e-15
 0 0 -8.59782e-08 -8.59782e-08 -5.67421e-07 -5.67421e-07 -1.68791e-06 -1.68791e-06 -5.2091e-06 -5.2091e-06
 -1.54609e-05 -1.54609e-05 -4.30518e-05 -4.30518e-05 -0.000110075 -0.000110075 -0.000255171 -0.000255171 -0.000553044 -0.000553044
 -0.00109403 -0.00109403 -0.00191365 -0.00191365 -0.00282773 -0.00282773 -0.00344217 -0.00344217 -0.00352632 -0.00352632
 -0.00323092 -0.00323092 -0.00279335 -0.00279335 -0.00237548 -0.00237548 -0.00200533 -0.00200533 -0.00169812 -0.00169812
 -0.00146418 -0.00146418 -0.00131349 -0.00131349 -0.00126044 -0.00126044 -0.00131349 -0.00131349 -0.00146418 -0.00146418
 -0.00169812 -0.00169812 -0.00200533 -0.00200533 -0.00237548 -0.00237548 -0.00279335 -0.00279335 -0.00323092 -0.00323092
 -0.00352632 -0.00352632 -0.00344217 -0.00344217 -0.00282773 -0.00282773 -0.00191365 -0.00191365 -0.00109403 -0.00109403
 -0.000553044 -0.000553044 -0.000255171 -0.000255171 -0.000110075 -0.000110075 -4.30518e-05 -4.30518e-05 -1.54609e-05 -1.54609e-05
 -5.2091e-06 -5.2091e-06 -1.68791e-06 -1.68791e-06 -5.67421e-07 -5.67421e-07 -8.59782e-08 -8.59782e-08 -7.14789e-15 -7.14789e-15
qturb 180 d
 0 0 0.00529545 0.00529545 0.0113787 0.0113787 0.0167009 0.0167009 0.0244247 0.0244247
 0.0354621 0.0354621 0.0507065 0.0507065 0.0703632 0.0703632 0.0924542 0.0924542 0.112793 0.112793
 0.124046 0.124046 0.123796 0.123796 0.117262 0.117262 0.109444 0.109444 0.101357 0.101357
 0.093602 0.093602 0.0857339 0.0857339 0.0779766 0.0779766 0.0701844 0.0701844 0.0627557 0.0627557
 0.0563719 0.0563719 0.0517432 0.0517432 0.0499571 0.0499571 0.0517432 0.0517432 0.0563719 0.0563719
 0.0627557 0.0627557 0.0701844 0.0701844 0.0779766 0.0779766 0.0857339 0.0857339 0.093602 0.093602
 0.101357 0.101357 0.109444 0.109444 0.117262 0.117262 0.123796 0.123796 0.124046 0.124046
 0.112793 0.112793 0.0924542 0.0924542 0.0703632 0.0703632 0.0507065 0.0507065 0.0354621 0.0354621
 0.0244247 0.0244247 0.0167009 0.0167009 0.0113787 0.0113787 0.00529545 0.00529545 0 0
 0 0 0.00529545 0.00529545 0.0113787 0.0113787 0.0167009 0.0167009 0.0244247 0.0244247
 0.0354621 0.0354621 0.0507065 0.0507065 0.0703632 0.0703632 0.0924542 0.0924542 0.112793 0.112793
 0.124046 0.124046 0.123796 0.123796 0.117262 0.117262 0.109444 0.109444 0.101357 0.101357
 0.093602 0.093602 0.0857339 0.0857339 0.0779766 0.0779766 0.0701844 0.0701844 0.0627557 0.0627557
 0.0563719 0.0563719 0.0517432 0.0517432 0.0499571 0.0499571 0.0517432 0.0517432 0.0563719 0.0563719
 0.0627557 0.0627557 0.0701844 0.0701844 0.0779766 0.0779766 0.0857339 0.0857339 0.093602 0.093602
 0.101357 0.101357 0.109444 0.109444 0.117262 0.117262 0.123796 0.123796 0.124046 0.124046
 0.112793 0.112793 0.0924542 0.0924542 0.0703632 0.0703632 0.0507065 0.0507065 0.0354621 0.0354621
 0.0244247 0.0244247 0.0167009 0.0167009 0.0113787 0.0113787 0.00529545 0.00529545 0 0
omturb 180 d
 0.503067 0.503067 0.503147 0.503147 0.503864 0.503864 0.50506 0.50506 0.507765 0.507765
 0.513563 0.513563 0.52472 0.52472 0.541844 0.541844 0.557842 0.557842 0.554334 0.554334
 0.510705 0.510705 0.431194 0.431194 0.343276 0.343276 0.265011 0.265011 0.200079 0.200079
 0.152434 0.152434 0.117866 0.117866 0.0942974 0.0942974 0.0769724 0.0769724 0.063954 0.063954
 0.0545479 0.0545479 0.0485647 0.0485647 0.0464274 0.0464274 0.0485647 0.0485647 0.0545479 0.0545479
 0.063954 0.063954 0.0769724 0.0769724 0.0942974 0.0942974 0.117866 0.117866 0.152434 0.152434
 0.200079 0.200079 0.265011 0.265011 0.343276 0.343276 0.431194 0.431194 0.510705 0.510705
 0.554334 0.554334 0.557842 0.557842 0.541844 0.541844 0.52472 0.52472 0.513563 0.513563
 0.507765 0.507765 0.50506 0.50506 0.503864 0.503864 0.503147 0.503147 0.503067 0.503067
 0.503067 0.503067 0.503147 0.503147 0.503864 0.503864 0.50506 0.50506 0.507765 0.507765
 0.513563 0.513563 0.52472 0.52472 0.541844 0.541844 0.557842 0.557842 0.554334 0.554334
 0.510705 0.510705 0.431194 0.431194 0.343276 0.343276 0.265011 0.265011 0.200079 0.200079
 0.152434 0.152434 0.117866 0.117866 0.0942974 0.0942974 0.0769724 0.0769724 0.063954 0.063954
 0.0545479 0.0545479 0.0485647 0.0485647 0.0464274 0.0464274 0.0485647 0.0485647 0.0545479 0.0545479
 0.063954 0.063954 0.0769724 0.0769724 0.0942974 0.0942974 0.117866 0.117866 0.152434 0.152434
 0.200079 0.200079 0.265011 0.265011 0.343276 0.343276 0.431194 0.431194 0.510705 0.510705
 0.554334 0.554334 0.557842 0.557842 0.541844 0.541844 0.52472 0.52472 0.513563 0.513563
 0.507765 0.507765 0.50506 0.50506 0.503864 0.503864 0.503147 0.503147 0.503067 0.503067
bij 1080 d
 0.563543 0.563543 0.563107 0.563107 0.562616 0.562616 0.562201 0.562201 0.561627 0.561627
 0.560839 0.560839 0.559634 0.559634 0.557069 0.557069 0.550215 0.550215 0.532389 0.532389
 0.494936 0.494936 0.43077 0.43077 0.342678 0.342678 0.266819 0.266819 0.22575 0.22575
 0.209096 0.209096 0.201448 0.201448 0.194472 0.194472 0.183862 0.183862 0.168148 0.168148
 0.148561 0.148561 0.129348 0.129348 0.12038 0.12038 0.129348 0.129348 0.148561 0.148561
 0.168148 0.168148 0.183862 0.183862 0.194472 0.194472 0.201448 0.201448 0.209097 0.209097
 0.22575 0.22575 0.266819 0.266819 0.342678 0.342678 0.43077 0.43077 0.494936 0.494936
 0.532389 0.532389 0.550215 0.550215 0.557069 0.557069 0.559634 0.559634 0.560839 0.560839
 0.561627 0.561627 0.562201 0.562201 0.562616 0.562616 0.563107 0.563107 0.563543 0.563543
 0.563543 0.563543 0.563107 0.563107 0.562616 0.562616 0.562201 0.562201 0.561627 0.561627
 0.560839 0.560839 0.559634 0.559634 0.557069 0.557069 0.550215 0.550215 0.532389 0.532389
 0.494936 0.494936 0.43077 0.43077 0.342678 0.342678 0.266819 0.266819 0.22575 0.22575
 0.209096 0.209096 0.201448 0.201448 0.194472 0.194472 0.183862 0.183862 0.168148 0.168148
 0.148561 0.148561 0.129348 0.129348 0.12038 0.12038 0.129348 0.129348 0.148561 0.148561
 0.168148 0.168148 0.183862 0.183862 0.194472 0.194472 0.201448 0.201448 0.209097 0.209097
 0.22575 0.22575 0.266819 0.266819 0.342678 0.342678 0.43077 0.43077 0.494936 0.494936
 0.532389 0.532389 0.550215 0.550215 0.557069 0.557069 0.559634 0.559634 0.560839 0.560839
 0.561627 0.561627 0.562201 0.562201 0.562616 0.562616 0.563107 0.563107 0.563543 0.563543
 -0.33333 -0.33333 -0.332459 -0.332459 -0.33146 -0.33146 -0.330592 -0.330592 -0.329349 -0.329349
 -0.327622 -0.327622 -0.325347 -0.325347 -0.32248 -0.32248 -0.318616 -0.318616 -0.311733 -0.311733
 -0.297672 -0.297672 -0.269962 -0.269962 -0.22522 -0.22522 -0.18278 -0.18278 -0.158595 -0.158595
 -0.148468 -0.148468 -0.143591 -0.143591 -0.138802 -0.138802 -0.131312 -0.131312 -0.120163 -0.120163
 -0.106282 -0.106282 -0.0927449 -0.0927449 -0.0864623 -0.0864623 -0.0927448 -0.0927448 -0.106282 -0.106282
 -0.120163 -0.120163 -0.131313 -0.131313 -0.138802 -0.138802 -0.143591 -0.143591 -0.148468 -0.148468
 -0.158595 -0.158595 -0.18278 -0.18278 -0.22522 -0.22522 -0.269962 -0.269962 -0.297672 -0.297672
 -0.311733 -0.311733 -0.318616 -0.318616 -0.32248 -0.32248 -0.325347 -0.325347 -0.327622 -0.327622
 -0.329349 -0.329349 -0.330592 -0.330592 -0.33146 -0.33146 -0.332459 -0.332459 -0.33333 -0.33333
 -0.33333 -0.33333 -0.332459 -0.332459 -0.33146 -0.33146 -0.330592 -0.330592 -0.329349 -0.329349
 -0.327622 -0.327622 -0.325347 -0.325347 -0.32248 -0.32248 -0.318616 -0.318616 -0.311733 -0.311733
 -0.297672 -0.297672 -0.269962 -0.269962 -0.22522 -0.22522 -0.18278 -0.18278 -0.158595 -0.158595
 -0.148468 -0.148468 -0.143591 -0.143591 -0.138802 -0.138802 -0.131312 -0.131312 -0.120163 -0.120163
 -0.106282 -0.106282 -0.0927449 -0.0927449 -0.0864623 -0.0864623 -0.0927448 -0.0927448 -0.106282 -0.106282
 -0.120163 -0.120163 -0.131313 -0.131313 -0.138802 -0.138802 -0.143591 -0.143591 -0.148468 -0.148468
 -0.158595 -0.158595 -0.18278 -0.18278 -0.22522 -0.22522 -0.269962 -0.269962 -0.297672 -0.297672
 -0.311733 -0.311733 -0.318616 -0.318616 -0.32248 -0.32248 -0.325347 -0.325347 -0.327622 -0.327622
 -0.329349 -0.329349 -0.330592 -0.330592 -0.33146 -0.33146 -0.332459 -0.332459 -0.33333 -0.33333
 -0.230213 -0.230213 -0.230648 -0.230648 -0.231156 -0.231156 -0.231609 -0.231609 -0.232277 -0.232277
 -0.233216 -0.233216 -0.234287 -0.234287 -0.234588 -0.234588 -0.2316 -0.2316 -0.220656 -0.220656
 -0.197264 -0.197264 -0.160808 -0.160808 -0.117458 -0.117458 -0.084039 -0.084039 -0.0671553 -0.0671553
 -0.0606288 -0.0606288 -0.0578562 -0.0578562 -0.0556698 -0.0556698 -0.0525497 -0.0525497 -0.0479848 -0.0479848
 -0.0422794 -0.0422794 -0.0366029 -0.0366029 -0.0339172 -0.0339172 -0.0366029 -0.0366029 -0.0422794 -0.0422794
 -0.0479847 -0.0479847 -0.0525497 -0.0525497 -0.0556698 -0.0556698 -0.0578562 -0.0578562 -0.0606288 -0.0606288
 -0.0671552 -0.0671552 -0.084039 -0.084039 -0.117458 -0.117458 -0.160808 -0.160808 -0.197264 -0.197264
 -0.220656 -0.220656 -0.2316 -0.2316 -0.234588 -0.234588 -0.234287 -0.234287 -0.233216 -0.233216
 -0.232277 -0.232277 -0.231609 -0.231609 -0.231156 -0.231156 -0.230648 -0.230648 -0.230213 -0.230213
 -0.230213 -0.230213 -0.230648 -0.230648 -0.231156 -0.231156 -0.231609 -0.231609 -0.232277 -0.232277
 -0.233216 -0.233216 -0.234287 -0.234287 -0.234588 -0.234588 -0.2316 -0.2316 -0.220656 -0.220656
 -0.197264 -0.197264 -0.160808 -0.160808 -0.117458 -0.117458 -0.084039 -0.084039 -0.0671553 -0.0671553
 -0.0606288 -0.0606288 -0.0578562 -0.0578562 -0.0556698 -0.0556698 -0.0525497 -0.0525497 -0.0479848 -0.0479848
 -0.0422794 -0.0422794 -0.0366029 -0.0366029 -0.0339172 -0.0339172 -0.0366029 -0.0366029 -0.0422794 -0.0422794
 -0.0479847 -0.0479847 -0.0525497 -0.0525497 -0.0556698 -0.0556698 -0.0578562 -0.0578562 -0.0606288 -0.0606288
 -0.0671552 -0.0671552 -0.084039 -0.084039 -0.117458 -0.117458 -0.160808 -0.160808 -0.197264 -0.197264
 -0.220656 -0.220656 -0.2316 -0.2316 -0.234588 -0.234588 -0.234287 -0.234287 -0.233216 -0.233216
 -0.232277 -0.232277 -0.231609 -0.231609 -0.231156 -0.231156 -0.230648 -0.230648 -0.230213 -0.230213
 -1.59317e-15 -1.59317e-15 0.000392783 0.000392783 0.00058489 0.00058489 0.00046728 0.00046728 -0.000225681 -0.000225681
 -0.00230968 -0.00230968 -0.00721713 -0.00721713 -0.0167238 -0.0167238 -0.0317685 -0.0317685 -0.0526753 -0.0526753
 -0.0771508 -0.0771508 -0.100228 -0.100228 -0.11665 -0.11665 -0.129611 -0.129611 -0.141852 -0.141852
 -0.149488 -0.149488 -0.153449 -0.153449 -0.15502 -0.15502 -0.153486 -0.153486 -0.144767 -0.144767
 -0.119676 -0.119676 -0.070017 -0.070017 6.12887e-08 6.12887e-08 0.0700169 0.0700169 0.119677 0.119677
 0.144767 0.144767 0.153486 0.153486 0.15502 0.15502 0.153449 0.153449 0.149488 0.149488
 0.141852 0.141852 0.129611 0.129611 0.11665 0.11665 0.100228 0.100228 0.0771508 0.0771508
 0.0526753 0.0526753 0.0317685 0.0317685 0.0167238 0.0167238 0.00721713 0.00721713 0.00230968 0.00230968
 0.000225681 0.000225681 -0.00046728 -0.00046728 -0.00058489 -0.00058489 -0.000392783 -0.000392783 0 0
 -1.59317e-15 -1.59317e-15 0.000392783 0.000392783 0.00058489 0.00058489 0.00046728 0.00046728 -0.000225681 -0.000225681
 -0.00230968 -0.00230968 -0.00721713 -0.00721713 -0.0167238 -0.0167238 -0.0317685 -0.0317685 -0.0526753 -0.0526753
 -0.0771508 -0.0771508 -0.100228 -0.100228 -0.11665 -0.11665 -0.129611 -0.129611 -0.141852 -0.141852
 -0.149488 -0.149488 -0.153449 -0.153449 -0.15502 -0.15502 -0.153486 -0.153486 -0.144767 -0.144767
 -0.119676 -0.119676 -0.070017 -0.070017 6.12887e-08 6.12887e-08 0.0700169 0.0700169 0.119677 0.119677
 0.144767 0.144767 0.153486 0.153486 0.15502 0.15502 0.153449 0.153449 0.149488 0.149488
 0.141852 0.141852 0.129611 0.129611 0.11665 0.11665 0.100228 0.100228 0.0771508 0.0771508
 0.0526753 0.0526753 0.0317685 0.0317685 0.0167238 0.0167238 0.00721713 0.00721713 0.00230968 0.00230968
 0.000225681 0.000225681 -0.00046728 -0.00046728 -0.00058489 -0.00058489 -0.000392783 -0.000392783 0 0
 0 0 0 0 0 0 0 0 0 0
 0 0 0 0 0 0 0 0 0 0
 0 0 0 0 0 0 0 0 0 0
 0 0 0 0 0 0 0 0 0 0
 0 0 0 0 0 0 0 0 0 0
 0 0 0 0 0 0 0 0 0 0
 0 0 0 0 0 0 0 0 0 0
 0 0 0 0 0 0 0 0 0 0
 0 0 0 0 0 0 0 0 0 0
 0 0 0 0 0 0 0 0 0 0
 0 0 0 0 0 0 0 0 0 0
 0 0 0 0 0 0 0 0 0 0
 0 0 0 0 0 0 0 0 0 0
 0 0 0 0 0 0 0 0 0 0
 0 0 0 0 0 0 0 0 0 0
 0 0 0 0 0 0 0 0 0 0
 0 0 0 0 0 0 0 0 0 0
 0 0 0 0 0 0 0 0 0 0
 0 0 0 0 0 0 0 0 0 0
 0 0 0 0 0 0 0 0 0 0
 0 0 0 0 0 0 0 0 0 0
 0 0 0 0 0 0 0 0 0 0
 0 0 0 0 0 0 0 0 0 0
 0 0 0 0 0 0 0 0 0 0
 0 0 0 0 0 0 0 0 0 0
 0 0 0 0 0 0 0 0 0 0
 0 0 0 0 0 0 0 0 0 0
 0 0 0 0 0 0 0 0 0 0
 0 0 0 0 0 0 0 0 0 0
 0 0 0 0 0 0 0 0 0 0
 0 0 0 0 0 0 0 0 0 0
 0 0 0 0 0 0 0 0 0 0
 0 0 0 0 0 0 0 0 0 0
 0 0 0 0 0 0 0 0 0 0
 0 0 0 0 0 0 0 0 0 0
 0 0 0 0 0 0 0 0 0 0
