cc 132 d
 0 0 0 2 2 2 2.20585 1.62994 0.292668 -0.0960413
 0.0245428 -0.0033379 0.0103628 -0.0844193 1.63392 2.16557 2.16554 2.12363 1.38528 0.195359
 -0.0928336 0.0267284 -0.00785905 0.0207153 -0.121057 0.588338 1.50091 1.75904 1.46238 0.643003
 0.0245107 -0.079826 0.032458 -0.0145494 0.0260059 -0.0669224 -0.0803759 0.0770281 0.183968 0.102055
 0.00180563 -0.0651103 -0.0572978 0.043241 -0.0281145 0.0213131 0.0199285 -0.0150406 -0.0542611 -0.0646155
 -0.0634596 -0.0646127 -0.0551781 -0.0285093 0.0704401 -0.0784808 -0.0274886 -0.00874358 0.00745017 0.0179661
 0.0193601 0.021235 0.0290699 0.0427435 0.0704143 0.169299 0 0 0 2
 2 2 2.20585 1.62994 0.292668 -0.0960413 0.0245428 -0.0033379 0.0103628 -0.0844193
 1.63392 2.16557 2.16554 2.12363 1.38528 0.195359 -0.0928336 0.0267284 -0.00785905 0.0207153
 -0.121057 0.588338 1.50091 1.75904 1.46238 0.643003 0.0245107 -0.079826 0.032458 -0.0145494
 0.0260059 -0.0669224 -0.0803759 0.0770281 0.183968 0.102055 0.00180563 -0.0651103 -0.0572978 0.043241
 -0.0281145 0.0213131 0.0199285 -0.0150406 -0.0542611 -0.0646155 -0.0634596 -0.0646127 -0.0551781 -0.0285093
 0.0704401 -0.0784808 -0.0274886 -0.00874358 0.00745017 0.0179661 0.0193601 0.021235 0.0290699 0.0427435
 0.0704143 0.169299
