cc 132 d
 0 0 0 2 2 2 2.20587 1.62987 0.292988 -0.0974584
 0.0321996 -0.0033379 0.0103628 -0.0844193 1.63392 2.16557 2.16554 2.12363 1.38526 0.195537
 -0.0938679 0.0327979 -0.00785905 0.0207153 -0.121057 0.588338 1.50091 1.75904 1.46238 0.642998
 0.0245798 -0.0805553 0.037539 -0.0145494 0.026006 -0.0669223 -0.0803757 0.0770286 0.183969 0.102057
 0.00179829 -0.0650783 -0.0577998 0.0477256 -0.0281147 0.0213122 0.0199273 -0.0150424 -0.0542637 -0.0646193
 -0.0634644 -0.0646215 -0.0551439 -0.0288481 0.0748506 -0.0784677 -0.027479 -0.00873343 0.00746208 0.0179808
 0.0193792 0.0212613 0.0291096 0.0428116 0.0704627 0.175653 0 0 0 2
 2 2 2.20587 1.62987 0.292988 -0.0974584 0.0321996 -0.0033379 0.0103628 -0.0844193
 1.63392 2.16557 2.16554 2.12363 1.38526 0.195537 -0.0938679 0.0327979 -0.00785905 0.0207153
 -0.121057 0.588338 1.50091 1.75904 1.46238 0.642998 0.0245798 -0.0805553 0.037539 -0.0145494
 0.026006 -0.0669223 -0.0803757 0.0770286 0.183969 0.102057 0.00179829 -0.0650783 -0.0577998 0.0477256
 -0.0281147 0.0213122 0.0199273 -0.0150424 -0.0542637 -0.0646193 -0.0634644 -0.0646215 -0.0551439 -0.0288481
 0.0748506 -0.0784677 -0.027479 -0.00873343 0.00746208 0.0179808 0.0193792 0.0212613 0.0291096 0.0428116
 0.0704627 0.175653
