 keyword from out/converge
 9
 t dum ccmin ccrms ccmax dccdtrms dccdtmax dcedtrms dcedtmax
 0.1 1.01854 0 1.07897 2 1.8781 9.01239 5.47684e-08
 2.58888e-07

 0.2 0.991649 -0.0240869 1.07189 2 1.57362 7.50391 1.19978e-08
 6.43822e-08

 0.3 0.962346 -0.0755616 1.0624 2 1.40332 5.57986 1.34926e-08
 6.6691e-08

 0.4 0.938604 -0.0926638 1.05765 2.00317 1.231 4.62247 8.94528e-09
 3.47346e-08

 0.5 0.917752 -0.135496 1.05581 2.08042 1.17729 4.37773 1.35136e-09
 6.55577e-09

 0.6 0.895896 -0.139184 1.05258 2.12324 1.03916 3.61707 7.131e-09
 3.82943e-08

 0.7 0.871644 -0.126698 1.04526 2.14734 0.956116 3.33554 6.62834e-09
 3.42856e-08

 0.8 0.845491 -0.119544 1.03533 2.16058 0.939452 3.25497 4.01547e-09
 1.91094e-08

 0.9 0.81842 -0.118488 1.02504 2.16705 0.928852 3.2225 3.09609e-09
 1.69824e-08

 1 0.791067 -0.119712 1.01541 2.16942 0.911044 3.18945 2.72399e-09
 1.10376e-08

 1.1 0.763583 -0.120845 1.00648 2.16965 0.891304 3.08672 2.31529e-09
 1.10569e-08

 1.2 0.735798 -0.131032 0.997801 2.16901 0.871557 2.84483 4.15236e-09
 2.36054e-08

 1.3 0.707582 -0.141861 0.988905 2.16819 0.84938 2.91833 3.02199e-09
 1.68941e-08

 1.4 0.679106 -0.148518 0.979548 2.16747 0.82303 2.6834 2.80666e-09
 1.67864e-08

 1.5 0.650801 -0.145205 0.969716 2.16691 0.794879 2.60547 8.08337e-09
 4.92415e-08

 1.6 0.623148 -0.135501 0.959596 2.16651 0.771616 2.10747 8.98135e-09
 5.44367e-08

 1.7 0.596568 -0.122534 0.949685 2.16621 0.758644 2.32547 5.26543e-09
 3.15639e-08

 1.8 0.571459 -0.132023 0.940657 2.166 0.739822 2.34126 4.6019e-10
 2.2057e-09

 1.9 0.548255 -0.135444 0.932724 2.16585 0.688033 2.26897 4.22169e-09
 2.59064e-08

 2 0.527369 -0.12216 0.925281 2.16575 0.597273 2.21075 5.71441e-09
 3.49277e-08

 2.1 0.509038 -0.121085 0.917406 2.16578 0.489808 2.00677 5.12417e-09
 3.12545e-08

 2.2 0.493209 -0.121078 0.908619 2.17153 0.398579 1.65021 3.56313e-09
 2.16974e-08

 2.3 0.479566 -0.121073 0.899132 2.18245 0.34318 1.3083 1.95601e-09
 1.18828e-08

 2.4 0.467662 -0.139542 0.889555 2.18988 0.317793 1.31871 7.50927e-10
 4.52483e-09

 2.5 0.45708 -0.146133 0.880508 2.19489 0.304714 1.53225 5.76123e-11
 3.24862e-10

 2.6 0.447527 -0.152814 0.872407 2.19827 0.292059 1.5832 3.6568e-10
 2.24224e-09

 2.7 0.438849 -0.155095 0.865446 2.20058 0.27593 1.52547 5.11067e-10
 3.13546e-09

 2.8 0.430992 -0.154926 0.859657 2.20219 0.256254 1.40414 5.34244e-10
 3.277e-09

 2.9 0.423947 -0.153377 0.854969 2.20333 0.234054 1.25201 4.98077e-10
 3.05502e-09

 3 0.417709 -0.150569 0.851262 2.20414 0.210464 1.09087 4.3738e-10
 2.68292e-09

 3.1 0.412256 -0.14661 0.84839 2.20471 0.186501 0.934133 3.70355e-10
 2.27212e-09

 3.2 0.407547 -0.141811 0.846203 2.20512 0.163033 0.789291 3.06156e-10
 1.87863e-09

 3.3 0.403525 -0.13659 0.844562 2.2054 0.140763 0.659926 2.48964e-10
 1.52805e-09

 3.4 0.400122 -0.131328 0.843344 2.2056 0.120203 0.547132 2.00171e-10
 1.2289e-09

 3.5 0.397267 -0.126306 0.842448 2.20573 0.10166 0.450514 1.59669e-10
 9.80511e-10

 3.6 0.39489 -0.121692 0.841791 2.20581 0.0852601 0.368862 1.26641e-10
 7.77899e-10

 3.7 0.392922 -0.121058 0.84131 2.20587 0.0709889 0.300581 1.00025e-10
 6.14575e-10

 3.8 0.391303 -0.121058 0.840958 2.2059 0.0587358 0.243961 7.87548e-11
 4.84014e-10

 3.9 0.389977 -0.121058 0.840699 2.20591 0.0483328 0.197331 6.18609e-11
 3.80288e-10

 4 0.388896 -0.121058 0.840509 2.20592 0.0395837 0.159144 4.85065e-11
 2.98269e-10

 4.1 0.388017 -0.121057 0.840367 2.20592 0.032284 0.130069 3.7988e-11
 2.33649e-10

 4.2 0.387305 -0.121057 0.840262 2.20591 0.026235 0.106852 2.97255e-11
 1.82875e-10

 4.3 0.38673 -0.121057 0.840182 2.20591 0.0212513 0.0873731 2.32477e-11
 1.43056e-10

 4.4 0.386267 -0.121057 0.840123 2.2059 0.0171657 0.0711585 1.81758e-11
 1.11871e-10

 4.5 0.385895 -0.121057 0.840077 2.20589 0.0138308 0.0577498 1.42082e-11
 8.74695e-11

 4.6 0.385596 -0.121057 0.840042 2.20589 0.011119 0.0467233 1.11063e-11
 6.83872e-11

 4.7 0.385357 -0.121057 0.840015 2.20588 0.00892094 0.0376994 8.68194e-12
 5.34697e-11

 4.8 0.385166 -0.121057 0.839994 2.20587 0.0071446 0.0303449 6.78745e-12
 4.18097e-11

 4.9 0.385013 -0.121057 0.839978 2.20587 0.00571271 0.0243728 5.30706e-12
 3.26964e-11

 5 0.384891 -0.121057 0.839965 2.20587 0.00456113 0.0195384 4.15016e-12
 2.5573e-11

 5.1 0.384794 -0.121057 0.839955 2.20586 0.00363687 0.015636 3.24595e-12
 2.00045e-11

 5.2 0.384717 -0.121057 0.839948 2.20586 0.0028964 0.0124936 2.53913e-12
 1.56507e-11

 5.3 0.384656 -0.121057 0.839942 2.20586 0.00230416 0.00996875 1.9865e-12
 1.22461e-11

 5.4 0.384607 -0.121057 0.839937 2.20586 0.00183118 0.00794404 1.55435e-12
 9.58326e-12

 5.5 0.384569 -0.121057 0.839933 2.20585 0.00145394 0.00632324 1.21634e-12
 7.50023e-12

 5.6 0.384538 -0.121057 0.83993 2.20585 0.00115343 0.00502781 9.5193e-13
 5.87048e-12

 5.7 0.384514 -0.121057 0.839928 2.20585 0.000914312 0.00399391 7.45052e-13
 4.59518e-12

 5.8 0.384495 -0.121057 0.839926 2.20585 0.000724238 0.00316979 5.83167e-13
 3.59712e-12

 5.9 0.384479 -0.121057 0.839924 2.20585 0.000573288 0.00251365 4.56475e-13
 2.81593e-12

 6 0.384467 -0.121057 0.839923 2.20585 0.000453514 0.00199182 3.57315e-13
 2.20443e-12

 6.1 0.384458 -0.121057 0.839922 2.20585 0.000358552 0.00157721 2.79698e-13
 1.72573e-12

 6.2 0.38445 -0.121057 0.839922 2.20585 0.000283317 0.00124809 2.1894e-13
 1.35097e-12

 6.3 0.384445 -0.121057 0.839921 2.20585 0.000223752 0.000987036 1.71377e-13
 1.05757e-12

 6.4 0.38444 -0.121057 0.839921 2.20585 0.000176624 0.00078014 1.34142e-13
 8.27855e-13

 6.5 0.384436 -0.121057 0.83992 2.20585 0.000139358 0.000616282 1.04993e-13
 6.4801e-13

 6.6 0.384433 -0.121057 0.83992 2.20585 0.000109906 0.000486593 8.21739e-14
 5.07208e-13

 6.7 0.384431 -0.121057 0.83992 2.20585 8.66429e-05 0.000384013 6.43105e-14
 3.96975e-13

 6.8 0.384429 -0.121057 0.83992 2.20585 6.82768e-05 0.000302922 5.0327e-14
 3.10678e-13

 6.9 0.384428 -0.121057 0.83992 2.20585 5.37837e-05 0.000238853 3.93812e-14
 2.43123e-13

 7 0.384427 -0.121057 0.839919 2.20585 4.23519e-05 0.000188258 3.08136e-14
 1.90242e-13

 7.1 0.384426 -0.121057 0.839919 2.20585 3.33386e-05 0.000148324 2.4108e-14
 1.4885e-13

 7.2 0.384425 -0.121057 0.839919 2.20585 2.62349e-05 0.000116818 1.88601e-14
 1.16454e-13

 7.3 0.384425 -0.121057 0.839919 2.20585 2.06384e-05 9.19717e-05 1.47532e-14
 9.11008e-14

 7.4 0.384424 -0.121057 0.839919 2.20585 1.62309e-05 7.23861e-05 1.15396e-14
 7.12605e-14

 7.5 0.384424 -0.121057 0.839919 2.20585 1.2761e-05 5.69531e-05 9.02514e-15
 5.57359e-14

 7.6 0.384424 -0.121057 0.839919 2.20585 1.00302e-05 4.47968e-05 7.05792e-15
 4.35892e-14

 7.7 0.384423 -0.121057 0.839919 2.20585 7.8816e-06 3.52248e-05 5.51898e-15
 3.40864e-14

 7.8 0.384423 -0.121057 0.839919 2.20585 6.19169e-06 2.76903e-05 4.31518e-15
 2.66528e-14

 7.9 0.384423 -0.121057 0.839919 2.20585 4.86292e-06 2.17616e-05 3.37363e-15
 2.08382e-14

 8 0.384423 -0.121057 0.839919 2.20585 3.8184e-06 1.70977e-05 2.63727e-15
 1.62906e-14

 8.1 0.384423 -0.121057 0.839919 2.20585 2.99754e-06 1.343e-05 2.06144e-15
 1.27342e-14

 8.2 0.384423 -0.121057 0.839919 2.20585 2.35263e-06 1.05465e-05 1.61118e-15
 9.95321e-15

 8.3 0.384423 -0.121057 0.839919 2.20585 1.84606e-06 8.28021e-06 1.25915e-15
 7.77882e-15

 8.4 0.384423 -0.121057 0.839919 2.20585 1.44827e-06 6.49941e-06 9.83945e-16
 6.07888e-15

 8.5 0.384423 -0.121057 0.839919 2.20585 1.13597e-06 5.10049e-06 7.68816e-16
 4.74998e-15

 8.6 0.384423 -0.121057 0.839919 2.20585 8.90831e-07 4.00182e-06 6.00668e-16
 3.71125e-15

 8.7 0.384423 -0.121057 0.839919 2.20585 6.98462e-07 3.13916e-06 4.69253e-16
 2.8994e-15

 8.8 0.384423 -0.121057 0.839919 2.20585 5.47532e-07 2.46197e-06 3.66556e-16
 2.26494e-15

 8.9 0.384423 -0.121057 0.839919 2.20585 4.2914e-07 1.9305e-06 2.86308e-16
 1.76916e-15

 9 0.384423 -0.121057 0.839919 2.20585 3.36289e-07 1.51347e-06 2.23609e-16
 1.38177e-15

 9.1 0.384423 -0.121057 0.839919 2.20585 2.63483e-07 1.18631e-06 1.74626e-16
 1.07912e-15

 9.2 0.384423 -0.121057 0.839919 2.20585 2.06405e-07 9.29709e-07 1.36361e-16
 8.42685e-16

 9.3 0.384423 -0.121057 0.839919 2.20585 1.61666e-07 7.28485e-07 1.06472e-16
 6.57997e-16

 9.4 0.384423 -0.121057 0.839919 2.20585 1.26605e-07 5.70718e-07 8.31271e-17
 5.13743e-16

 9.5 0.384423 -0.121057 0.839919 2.20585 9.9132e-08 4.47046e-07 6.48957e-17
 4.01081e-16

 9.6 0.384423 -0.121057 0.839919 2.20585 7.76093e-08 3.50117e-07 5.06587e-17
 3.131e-16

 9.7 0.384423 -0.121057 0.839919 2.20585 6.07507e-08 2.74163e-07 3.95419e-17
 2.44399e-16

 9.8 0.384423 -0.121057 0.839919 2.20585 4.75474e-08 2.14653e-07 3.08622e-17
 1.90757e-16

 9.9 0.384423 -0.121057 0.839919 2.20585 3.72086e-08 1.68036e-07 2.40859e-17
 1.48878e-16

 10 0.384423 -0.121057 0.839919 2.20585 2.91139e-08 1.31525e-07 1.8796e-17
 1.16184e-16

 10.1 0.384423 -0.121057 0.839919 2.20585 2.27773e-08 1.02932e-07 1.46669e-17
 9.06625e-17

 10.2 0.384423 -0.121057 0.839919 2.20585 1.78175e-08 8.05442e-08 1.1444e-17
 7.07422e-17

 10.3 0.384423 -0.121057 0.839919 2.20585 1.3936e-08 6.30175e-08 8.92861e-18
 5.51947e-17

 10.4 0.384423 -0.121057 0.839919 2.20585 1.08988e-08 4.92982e-08 6.96564e-18
 4.30611e-17

 10.5 0.384423 -0.121057 0.839919 2.20585 8.52242e-09 3.85609e-08 5.43385e-18
 3.35926e-17

 10.6 0.384423 -0.121057 0.839919 2.20585 6.66344e-09 3.01584e-08 4.23862e-18
 2.62042e-17

 10.7 0.384423 -0.121057 0.839919 2.20585 5.20936e-09 2.3584e-08 3.30607e-18
 2.04394e-17

 10.8 0.384423 -0.121057 0.839919 2.20585 4.07214e-09 1.84406e-08 2.57853e-18
 1.59418e-17

 10.9 0.384423 -0.121057 0.839919 2.20585 3.18282e-09 1.44173e-08 2.01095e-18
 1.24331e-17

 11 0.384423 -0.121057 0.839919 2.20585 2.48746e-09 1.12705e-08 1.56821e-18
 9.69598e-18

 11.1 0.384423 -0.121057 0.839919 2.20585 1.94381e-09 8.80957e-09 1.22287e-18
 7.56095e-18

 11.2 0.384423 -0.121057 0.839919 2.20585 1.51883e-09 6.88524e-09 9.53516e-19
 5.89569e-18

 11.3 0.384423 -0.121057 0.839919 2.20585 1.18664e-09 5.38068e-09 7.4344e-19
 4.59687e-18

 11.4 0.384423 -0.121057 0.839919 2.20585 9.27015e-10 4.20447e-09 5.79621e-19
 3.58402e-18

 11.5 0.384423 -0.121057 0.839919 2.20585 7.24124e-10 3.28504e-09 4.51869e-19
 2.79413e-18

 11.6 0.384423 -0.121057 0.839919 2.20585 5.65585e-10 2.56642e-09 3.52256e-19
 2.17822e-18

 11.7 0.384423 -0.121057 0.839919 2.20585 4.41716e-10 2.0048e-09 2.74584e-19
 1.69796e-18

 11.8 0.384423 -0.121057 0.839919 2.20585 3.44944e-10 1.56594e-09 2.14027e-19
 1.32352e-18

 11.9 0.384423 -0.121057 0.839919 2.20585 2.69349e-10 1.22303e-09 1.66816e-19
 1.03159e-18

 12 0.384423 -0.121057 0.839919 2.20585 2.10303e-10 9.55124e-10 1.30014e-19
 8.04024e-19

 12.1 0.384423 -0.121057 0.839919 2.20585 1.64186e-10 7.45837e-10 1.01323e-19
 6.26609e-19

 12.2 0.384423 -0.121057 0.839919 2.20585 1.28172e-10 5.82357e-10 7.89601e-20
 4.88318e-19

 12.3 0.384423 -0.121057 0.839919 2.20585 1.00049e-10 4.54672e-10 6.15285e-20
 3.80522e-19

 12.4 0.384423 -0.121057 0.839919 2.20585 7.80905e-11 3.54952e-10 4.79469e-20
 2.96529e-19

 12.5 0.384423 -0.121057 0.839919 2.20585 6.09466e-11 2.7708e-10 3.73579e-20
 2.31046e-19

 12.6 0.384423 -0.121057 0.839919 2.20585 4.75627e-11 2.16275e-10 2.91073e-20
 1.80025e-19

 12.7 0.384423 -0.121057 0.839919 2.20585 3.71151e-11 1.688e-10 2.26758e-20
 1.40249e-19

 12.8 0.384423 -0.121057 0.839919 2.20585 2.89602e-11 1.31736e-10 1.76654e-20
 1.09261e-19

 12.9 0.384423 -0.121057 0.839919 2.20585 2.25954e-11 1.02802e-10 1.37613e-20
 8.51162e-20

 13 0.384423 -0.121057 0.839919 2.20585 1.76282e-11 8.02171e-11 1.07214e-20
 6.63143e-20

 13.1 0.384423 -0.121057 0.839919 2.20585 1.3752e-11 6.25891e-11 8.3504e-21
 5.16505e-20

 13.2 0.384423 -0.121057 0.839919 2.20585 1.07274e-11 4.8832e-11 6.50513e-21
 4.02358e-20

 13.3 0.384423 -0.121057 0.839919 2.20585 8.36741e-12 3.80955e-11 5.06565e-21
 3.13343e-20

 13.4 0.384423 -0.121057 0.839919 2.20585 6.52617e-12 2.97175e-11 3.94759e-21
 2.44168e-20

 13.5 0.384423 -0.121057 0.839919 2.20585 5.08979e-12 2.31804e-11 3.06894e-21
 1.89843e-20

 13.6 0.384423 -0.121057 0.839919 2.20585 3.96927e-12 1.80803e-11 2.39437e-21
 1.48104e-20

 13.7 0.384423 -0.121057 0.839919 2.20585 3.09522e-12 1.41012e-11 1.86405e-21
 1.15306e-20

 13.8 0.384423 -0.121057 0.839919 2.20585 2.4135e-12 1.0997e-11 1.45289e-21
 8.98505e-21

 13.9 0.384423 -0.121057 0.839919 2.20585 1.88184e-12 8.57584e-12 1.12864e-21
 6.98155e-21

 14 0.384423 -0.121057 0.839919 2.20585 1.46719e-12 6.68724e-12 8.79506e-22
 5.43972e-21

 14.1 0.384423 -0.121057 0.839919 2.20585 1.14382e-12 5.21419e-12 6.85969e-22
 4.24288e-21

 14.2 0.384423 -0.121057 0.839919 2.20585 8.91637e-13 4.06527e-12 5.34099e-22
 3.2987e-21

 14.3 0.384423 -0.121057 0.839919 2.20585 6.95061e-13 3.16929e-12 4.13372e-22
 2.55397e-21

 14.4 0.384423 -0.121057 0.839919 2.20585 5.41784e-13 2.47058e-12 3.24428e-22
 2.00328e-21

 14.5 0.384423 -0.121057 0.839919 2.20585 4.22288e-13 1.92606e-12 2.52916e-22
 1.5574e-21

 14.6 0.384423 -0.121057 0.839919 2.20585 3.2916e-13 1.50159e-12 1.9677e-22
 1.21326e-21

 14.7 0.384423 -0.121057 0.839919 2.20585 2.56517e-13 1.17036e-12 1.54569e-22
 9.50865e-22

 14.8 0.384423 -0.121057 0.839919 2.20585 1.99887e-13 9.12185e-13 1.2212e-22
 7.30419e-22

 14.9 0.384423 -0.121057 0.839919 2.20585 1.5576e-13 7.10702e-13 9.68377e-23
 5.80835e-22

 15 0.384423 -0.121057 0.839919 2.20585 1.21376e-13 5.53861e-13 7.50376e-23
 4.37737e-22

 15.1 0.384423 -0.121057 0.839919 2.20585 9.45909e-14 4.3176e-13 6.44806e-23
 3.46061e-22

 15.2 0.384423 -0.121057 0.839919 2.20585 7.37116e-14 3.36499e-13 5.10322e-23
 2.73976e-22

 15.3 0.384423 -0.121057 0.839919 2.20585 5.74221e-14 2.62303e-13 4.25675e-23
 2.09831e-22

 15.4 0.384423 -0.121057 0.839919 2.20585 4.4723e-14 2.0411e-13 4.10359e-23
 1.66202e-22

 15.5 0.384423 -0.121057 0.839919 2.20585 3.48716e-14 1.59378e-13 3.20547e-23
 1.34381e-22

 15.6 0.384423 -0.121057 0.839919 2.20585 2.71233e-14 1.23919e-13 2.85616e-23
 1.28147e-22

 15.7 0.384423 -0.121057 0.839919 2.20585 2.11449e-14 9.66284e-14 3.37908e-23
 1.65658e-22

 15.8 0.384423 -0.121057 0.839919 2.20585 1.64535e-14 7.51193e-14 2.47518e-23
 1.23894e-22

 15.9 0.384423 -0.121057 0.839919 2.20585 1.28206e-14 5.85821e-14 2.48524e-23
 1.28977e-22

 16 0.384423 -0.121057 0.839919 2.20585 9.98485e-15 4.56451e-14 3.00185e-23
 1.57242e-22

 16.1 0.384423 -0.121057 0.839919 2.20585 7.7809e-15 3.54694e-14 2.37998e-23
 1.26951e-22

 16.2 0.384423 -0.121057 0.839919 2.20585 6.08408e-15 2.77373e-14 2.55781e-23
 1.38749e-22

 16.3 0.384423 -0.121057 0.839919 2.20585 4.75233e-15 2.15874e-14 3.04557e-23
 1.62249e-22

 16.4 0.384423 -0.121057 0.839919 2.20585 3.70602e-15 1.68615e-14 2.41526e-23
 1.31724e-22

 16.5 0.384423 -0.121057 0.839919 2.20585 2.89311e-15 1.31e-14 2.41667e-23
 1.30983e-22

 16.6 0.384423 -0.121057 0.839919 2.20585 2.25881e-15 1.01765e-14 3.01201e-23
 1.60542e-22

 16.7 0.384423 -0.121057 0.839919 2.20585 1.77475e-15 7.90726e-15 2.3249e-23
 1.25818e-22

 16.8 0.384423 -0.121057 0.839919 2.20585 1.40562e-15 6.07709e-15 2.4888e-23
 1.35891e-22

 16.9 0.384423 -0.121057 0.839919 2.20585 1.12027e-15 4.75522e-15 3.03495e-23
 1.62223e-22

 17 0.384423 -0.121057 0.839919 2.20585 9.11327e-16 3.70909e-15 2.35183e-23
 1.28741e-22

 17.1 0.384423 -0.121057 0.839919 2.20585 8.05206e-16 2.94072e-15 2.41631e-23
 1.30435e-22

 17.2 0.384423 -0.121057 0.839919 2.20585 6.3759e-16 2.30258e-15 3.0773e-23
 1.65075e-22

 17.3 0.384423 -0.121057 0.839919 2.20585 5.56883e-16 2.16641e-15 2.29316e-23
 1.25341e-22

 17.4 0.384423 -0.121057 0.839919 2.20585 5.11068e-16 2.1756e-15 2.41595e-23
 1.31635e-22

 17.5 0.384423 -0.121057 0.839919 2.20585 4.94578e-16 2.19241e-15 3.03177e-23
 1.62399e-22

 17.6 0.384423 -0.121057 0.839919 2.20585 4.38515e-16 2.16552e-15 2.37308e-23
 1.29966e-22

 17.7 0.384423 -0.121057 0.839919 2.20585 4.17208e-16 2.17766e-15 2.39974e-23
 1.30717e-22

 17.8 0.384423 -0.121057 0.839919 2.20585 4.16621e-16 2.19392e-15 3.06922e-23
 1.64343e-22

 17.9 0.384423 -0.121057 0.839919 2.20585 4.07055e-16 2.16641e-15 2.29845e-23
 1.25357e-22

 18 0.384423 -0.121057 0.839919 2.20585 4.12068e-16 2.17562e-15 2.41914e-23
 1.31827e-22

 18.1 0.384423 -0.121057 0.839919 2.20585 4.29794e-16 2.1924e-15 3.03491e-23
 1.62613e-22

 18.2 0.384423 -0.121057 0.839919 2.20585 4.00559e-16 2.16553e-15 2.36462e-23
 1.29454e-22

 18.3 0.384423 -0.121057 0.839919 2.20585 4.01673e-16 2.17768e-15 2.39386e-23
 1.30396e-22

 18.4 0.384423 -0.121057 0.839919 2.20585 4.00742e-16 2.19393e-15 3.07858e-23
 1.64656e-22

 18.5 0.384423 -0.121057 0.839919 2.20585 3.98616e-16 2.16639e-15 2.29245e-23
 1.25144e-22

 18.6 0.384423 -0.121057 0.839919 2.20585 4.04754e-16 2.17559e-15 2.42808e-23
 1.32239e-22

 18.7 0.384423 -0.121057 0.839919 2.20585 4.19335e-16 2.19244e-15 3.02877e-23
 1.6241e-22

 18.8 0.384423 -0.121057 0.839919 2.20585 3.99622e-16 2.16555e-15 2.36372e-23
 1.29484e-22

 18.9 0.384423 -0.121057 0.839919 2.20585 3.97441e-16 2.17767e-15 2.43047e-23
 1.31312e-22

 19 0.384423 -0.121057 0.839919 2.20585 4.10266e-16 2.19395e-15 3.08043e-23
 1.65319e-22

 19.1 0.384423 -0.121057 0.839919 2.20585 3.95916e-16 2.16639e-15 2.2907e-23
 1.25206e-22

 19.2 0.384423 -0.121057 0.839919 2.20585 3.96673e-16 2.17559e-15 2.42332e-23
 1.32056e-22

 19.3 0.384423 -0.121057 0.839919 2.20585 3.96343e-16 2.1924e-15 2.99702e-23
 1.60691e-22

 19.4 0.384423 -0.121057 0.839919 2.20585 3.95849e-16 2.16555e-15 2.41169e-23
 1.31668e-22

 19.5 0.384423 -0.121057 0.839919 2.20585 3.93539e-16 2.17764e-15 2.39706e-23
 1.3047e-22

 19.6 0.384423 -0.121057 0.839919 2.20585 3.95599e-16 2.19393e-15 3.08601e-23
 1.65619e-22

 19.7 0.384423 -0.121057 0.839919 2.20585 3.94286e-16 2.16639e-15 2.28829e-23
 1.24978e-22

 19.8 0.384423 -0.121057 0.839919 2.20585 3.99439e-16 2.17559e-15 2.42389e-23
 1.32063e-22

 19.9 0.384423 -0.121057 0.839919 2.20585 4.23979e-16 2.19244e-15 3.02966e-23
 1.62393e-22

 20 0.384423 -0.121057 0.839919 2.20585 4.0005e-16 2.16555e-15 2.36805e-23
 1.29734e-22

 20.1 0.384423 -0.121057 0.839919 2.20585 3.97423e-16 2.17766e-15 2.44426e-23
 1.31816e-22

 20.2 0.384423 -0.121057 0.839919 2.20585 3.97756e-16 2.19393e-15 3.08432e-23
 1.65506e-22

 20.3 0.384423 -0.121057 0.839919 2.20585 3.9559e-16 2.16641e-15 2.28907e-23
 1.25038e-22

 20.4 0.384423 -0.121057 0.839919 2.20585 4.02511e-16 2.17564e-15 2.42283e-23
 1.32027e-22

 20.5 0.384423 -0.121057 0.839919 2.20585 4.18206e-16 2.1924e-15 3.0017e-23
 1.60833e-22

 20.6 0.384423 -0.121057 0.839919 2.20585 3.97353e-16 2.16551e-15 2.40461e-23
 1.31553e-22

 20.7 0.384423 -0.121057 0.839919 2.20585 3.95432e-16 2.17767e-15 2.41728e-23
 1.31782e-22

 20.8 0.384423 -0.121057 0.839919 2.20585 3.97241e-16 2.19358e-15 2.96559e-23
 1.58791e-22

 20.9 0.384423 -0.121057 0.839919 2.20585 3.95965e-16 2.16677e-15 2.3894e-23
 1.30548e-22

 21 0.384423 -0.121057 0.839919 2.20585 3.97289e-16 2.17559e-15 2.41159e-23
 1.31325e-22

 21.1 0.384423 -0.121057 0.839919 2.20585 3.97643e-16 2.19239e-15 3.0316e-23
 1.6236e-22

 21.2 0.384423 -0.121057 0.839919 2.20585 3.97899e-16 2.16556e-15 2.37173e-23
 1.29494e-22

 21.3 0.384423 -0.121057 0.839919 2.20585 3.95161e-16 2.17767e-15 2.40528e-23
 1.30755e-22

 21.4 0.384423 -0.121057 0.839919 2.20585 3.97383e-16 2.19396e-15 3.0849e-23
 1.65626e-22

 21.5 0.384423 -0.121057 0.839919 2.20585 3.95322e-16 2.16642e-15 2.28961e-23
 1.25124e-22

 21.6 0.384423 -0.121057 0.839919 2.20585 3.96887e-16 2.17559e-15 2.42993e-23
 1.32386e-22

 21.7 0.384423 -0.121057 0.839919 2.20585 3.98169e-16 2.19246e-15 3.04972e-23
 1.63537e-22

 21.8 0.384423 -0.121057 0.839919 2.20585 3.97892e-16 2.16518e-15 2.25973e-23
 1.2362e-22

 21.9 0.384423 -0.121057 0.839919 2.20585 3.98806e-16 2.17805e-15 2.54024e-23
 1.37689e-22

 22 0.384423 -0.121057 0.839919 2.20585 3.98809e-16 2.19359e-15 2.97215e-23
 1.592e-22

 22.1 0.384423 -0.121057 0.839919 2.20585 3.98011e-16 2.16673e-15 2.39111e-23
 1.30778e-22

 22.2 0.384423 -0.121057 0.839919 2.20585 3.99507e-16 2.17557e-15 2.42473e-23
 1.31636e-22

 22.3 0.384423 -0.121057 0.839919 2.20585 3.98701e-16 2.19244e-15 3.01091e-23
 1.61316e-22

 22.4 0.384423 -0.121057 0.839919 2.20585 3.99506e-16 2.16555e-15 2.37799e-23
 1.3017e-22

 22.5 0.384423 -0.121057 0.839919 2.20585 4.07475e-16 2.17771e-15 2.4404e-23
 1.31715e-22

 22.6 0.384423 -0.121057 0.839919 2.20585 3.97606e-16 2.19396e-15 3.10098e-23
 1.66441e-22

 22.7 0.384423 -0.121057 0.839919 2.20585 3.95391e-16 2.1664e-15 2.29027e-23
 1.25176e-22

 22.8 0.384423 -0.121057 0.839919 2.20585 3.97069e-16 2.17558e-15 2.43608e-23
 1.32689e-22

 22.9 0.384423 -0.121057 0.839919 2.20585 3.97277e-16 2.19242e-15 3.0243e-23
 1.62187e-22

 23 0.384423 -0.121057 0.839919 2.20585 3.98261e-16 2.16556e-15 2.37337e-23
 1.29979e-22

 23.1 0.384423 -0.121057 0.839919 2.20585 3.9813e-16 2.17764e-15 2.41602e-23
 1.30459e-22

 23.2 0.384423 -0.121057 0.839919 2.20585 3.97574e-16 2.19397e-15 3.0928e-23
 1.65997e-22

 23.3 0.384423 -0.121057 0.839919 2.20585 3.96303e-16 2.16642e-15 2.28755e-23
 1.25038e-22

 23.4 0.384423 -0.121057 0.839919 2.20585 4.01848e-16 2.17563e-15 2.42391e-23
 1.32069e-22

 23.5 0.384423 -0.121057 0.839919 2.20585 4.17777e-16 2.19239e-15 3.02782e-23
 1.62191e-22

 23.6 0.384423 -0.121057 0.839919 2.20585 3.9778e-16 2.16553e-15 2.38377e-23
 1.30462e-22

 23.7 0.384423 -0.121057 0.839919 2.20585 3.9618e-16 2.17769e-15 2.39207e-23
 1.30487e-22

 23.8 0.384423 -0.121057 0.839919 2.20585 3.99829e-16 2.19361e-15 3.00049e-23
 1.60137e-22

 23.9 0.384423 -0.121057 0.839919 2.20585 3.96211e-16 2.16639e-15 2.29586e-23
 1.25244e-22

 24 0.384423 -0.121057 0.839919 2.20585 3.97706e-16 2.17597e-15 2.53337e-23
 1.38191e-22

 24.1 0.384423 -0.121057 0.839919 2.20585 3.98599e-16 2.19237e-15 2.98491e-23
 1.59866e-22

 24.2 0.384423 -0.121057 0.839919 2.20585 3.99079e-16 2.16555e-15 2.36812e-23
 1.29668e-22

 24.3 0.384423 -0.121057 0.839919 2.20585 3.96858e-16 2.17766e-15 2.42016e-23
 1.31345e-22

 24.4 0.384423 -0.121057 0.839919 2.20585 3.99509e-16 2.19393e-15 3.0593e-23
 1.64169e-22

 24.5 0.384423 -0.121057 0.839919 2.20585 3.96566e-16 2.1664e-15 2.29374e-23
 1.25216e-22

 24.6 0.384423 -0.121057 0.839919 2.20585 4.00849e-16 2.17561e-15 2.42792e-23
 1.32293e-22

 24.7 0.384423 -0.121057 0.839919 2.20585 4.17471e-16 2.19242e-15 3.01292e-23
 1.61517e-22

 24.8 0.384423 -0.121057 0.839919 2.20585 3.95495e-16 2.1652e-15 2.30112e-23
 1.25741e-22

 24.9 0.384423 -0.121057 0.839919 2.20585 3.96095e-16 2.17805e-15 2.54026e-23
 1.38691e-22

 25 0.384423 -0.121057 0.839919 2.20585 3.97803e-16 2.19355e-15 2.95574e-23
 1.58314e-22

 25.1 0.384423 -0.121057 0.839919 2.20585 4.0199e-16 2.16673e-15 2.40677e-23
 1.31157e-22

 25.2 0.384423 -0.121057 0.839919 2.20585 3.98872e-16 2.17555e-15 2.41684e-23
 1.31517e-22

 25.3 0.384423 -0.121057 0.839919 2.20585 3.98498e-16 2.19242e-15 3.00331e-23
 1.61051e-22

 25.4 0.384423 -0.121057 0.839919 2.20585 3.99427e-16 2.16555e-15 2.37874e-23
 1.30084e-22

 25.5 0.384423 -0.121057 0.839919 2.20585 3.96863e-16 2.17766e-15 2.419e-23
 1.3097e-22

 25.6 0.384423 -0.121057 0.839919 2.20585 4.03862e-16 2.19396e-15 3.09771e-23
 1.6634e-22

 25.7 0.384423 -0.121057 0.839919 2.20585 4.17027e-16 2.16642e-15 2.29411e-23
 1.25365e-22

 25.8 0.384423 -0.121057 0.839919 2.20585 3.98369e-16 2.1756e-15 2.41472e-23
 1.31567e-22

 25.9 0.384423 -0.121057 0.839919 2.20585 3.98813e-16 2.1924e-15 3.03145e-23
 1.624e-22

 26 0.384423 -0.121057 0.839919 2.20585 3.9709e-16 2.16552e-15 2.36973e-23
 1.29754e-22

 26.1 0.384423 -0.121057 0.839919 2.20585 4.06644e-16 2.17768e-15 2.43146e-23
 1.31491e-22

 26.2 0.384423 -0.121057 0.839919 2.20585 3.97897e-16 2.19392e-15 3.06807e-23
 1.64515e-22

 26.3 0.384423 -0.121057 0.839919 2.20585 3.95624e-16 2.16641e-15 2.30053e-23
 1.25376e-22

 26.4 0.384423 -0.121057 0.839919 2.20585 3.9916e-16 2.17561e-15 2.41507e-23
 1.31613e-22

 26.5 0.384423 -0.121057 0.839919 2.20585 4.22105e-16 2.1924e-15 3.03746e-23
 1.62603e-22

 26.6 0.384423 -0.121057 0.839919 2.20585 3.96411e-16 2.16555e-15 2.37052e-23
 1.29773e-22

 26.7 0.384423 -0.121057 0.839919 2.20585 3.94061e-16 2.17767e-15 2.38962e-23
 1.30162e-22

 26.8 0.384423 -0.121057 0.839919 2.20585 3.99325e-16 2.19393e-15 3.078e-23
 1.64528e-22

 26.9 0.384423 -0.121057 0.839919 2.20585 3.96666e-16 2.16639e-15 2.29394e-23
 1.25275e-22

 27 0.384423 -0.121057 0.839919 2.20585 3.98092e-16 2.17558e-15 2.42483e-23
 1.32076e-22

 27.1 0.384423 -0.121057 0.839919 2.20585 4.00227e-16 2.19244e-15 3.03027e-23
 1.62388e-22

 27.2 0.384423 -0.121057 0.839919 2.20585 3.99752e-16 2.16555e-15 2.36046e-23
 1.29318e-22

 27.3 0.384423 -0.121057 0.839919 2.20585 3.98017e-16 2.17767e-15 2.43722e-23
 1.31382e-22

 27.4 0.384423 -0.121057 0.839919 2.20585 4.0038e-16 2.19393e-15 3.07389e-23
 1.64982e-22

 27.5 0.384423 -0.121057 0.839919 2.20585 4.15642e-16 2.1664e-15 2.28566e-23
 1.2492e-22

 27.6 0.384423 -0.121057 0.839919 2.20585 4.00203e-16 2.17559e-15 2.42712e-23
 1.32252e-22

 27.7 0.384423 -0.121057 0.839919 2.20585 3.97751e-16 2.19241e-15 3.00208e-23
 1.60939e-22

 27.8 0.384423 -0.121057 0.839919 2.20585 3.97046e-16 2.16555e-15 2.41284e-23
 1.31757e-22

 27.9 0.384423 -0.121057 0.839919 2.20585 3.95982e-16 2.17765e-15 2.3954e-23
 1.30445e-22

 28 0.384423 -0.121057 0.839919 2.20585 3.96918e-16 2.19394e-15 3.08341e-23
 1.65532e-22

 28.1 0.384423 -0.121057 0.839919 2.20585 3.94957e-16 2.16639e-15 2.29017e-23
 1.25084e-22

 28.2 0.384423 -0.121057 0.839919 2.20585 3.9768e-16 2.17558e-15 2.42209e-23
 1.31953e-22

 28.3 0.384423 -0.121057 0.839919 2.20585 3.97665e-16 2.19243e-15 3.03497e-23
 1.62709e-22

 28.4 0.384423 -0.121057 0.839919 2.20585 3.98768e-16 2.16555e-15 2.36811e-23
 1.29737e-22

 28.5 0.384423 -0.121057 0.839919 2.20585 3.96485e-16 2.17766e-15 2.4279e-23
 1.31035e-22

 28.6 0.384423 -0.121057 0.839919 2.20585 3.98354e-16 2.19394e-15 3.09674e-23
 1.66104e-22

 28.7 0.384423 -0.121057 0.839919 2.20585 3.94827e-16 2.16642e-15 2.28791e-23
 1.25068e-22

 28.8 0.384423 -0.121057 0.839919 2.20585 3.97444e-16 2.17561e-15 2.41064e-23
 1.31387e-22

 28.9 0.384423 -0.121057 0.839919 2.20585 3.98331e-16 2.19241e-15 3.05493e-23
 1.63273e-22

 29 0.384423 -0.121057 0.839919 2.20585 3.96763e-16 2.16551e-15 2.37133e-23
 1.29834e-22

 29.1 0.384423 -0.121057 0.839919 2.20585 3.94314e-16 2.17765e-15 2.40937e-23
 1.31062e-22

 29.2 0.384423 -0.121057 0.839919 2.20585 3.98499e-16 2.19391e-15 3.06097e-23
 1.64213e-22

 29.3 0.384423 -0.121057 0.839919 2.20585 3.99424e-16 2.16642e-15 2.29295e-23
 1.25347e-22

 29.4 0.384423 -0.121057 0.839919 2.20585 4.20019e-16 2.1756e-15 2.40653e-23
 1.31116e-22

 29.5 0.384423 -0.121057 0.839919 2.20585 4.08682e-16 2.19242e-15 3.04396e-23
 1.63135e-22

 29.6 0.384423 -0.121057 0.839919 2.20585 3.96554e-16 2.16555e-15 2.36506e-23
 1.29489e-22

 29.7 0.384423 -0.121057 0.839919 2.20585 3.98174e-16 2.17765e-15 2.40887e-23
 1.30641e-22

 29.8 0.384423 -0.121057 0.839919 2.20585 3.97778e-16 2.19394e-15 3.08298e-23
 1.65521e-22

 29.9 0.384423 -0.121057 0.839919 2.20585 3.95207e-16 2.16642e-15 2.28249e-23
 1.24772e-22

 30 0.384423 -0.121057 0.839919 2.20585 4.08078e-16 2.17561e-15 2.44088e-23
 1.32863e-22

 30.1 0.384423 -0.121057 0.839919 2.20585 4.27789e-16 2.19246e-15 3.04514e-23
 1.63297e-22

 30.2 0.384423 -0.121057 0.839919 2.20585 4.03532e-16 2.16518e-15 2.25885e-23
 1.23593e-22

 30.3 0.384423 -0.121057 0.839919 2.20585 3.99011e-16 2.17805e-15 2.5405e-23
 1.37573e-22

 30.4 0.384423 -0.121057 0.839919 2.20585 4.00097e-16 2.19358e-15 2.9738e-23
 1.59304e-22

 30.5 0.384423 -0.121057 0.839919 2.20585 3.98332e-16 2.16673e-15 2.38757e-23
 1.30599e-22

 30.6 0.384423 -0.121057 0.839919 2.20585 4.00371e-16 2.17557e-15 2.42235e-23
 1.31423e-22

 30.7 0.384423 -0.121057 0.839919 2.20585 3.9906e-16 2.19244e-15 3.01113e-23
 1.61273e-22

 30.8 0.384423 -0.121057 0.839919 2.20585 4.01083e-16 2.16555e-15 2.38686e-23
 1.30485e-22

 30.9 0.384423 -0.121057 0.839919 2.20585 4.18942e-16 2.17769e-15 2.42486e-23
 1.30992e-22

 31 0.384423 -0.121057 0.839919 2.20585 4.08987e-16 2.19398e-15 3.10304e-23
 1.66637e-22

 31.1 0.384423 -0.121057 0.839919 2.20585 3.96047e-16 2.1664e-15 2.29232e-23
 1.25267e-22

 31.2 0.384423 -0.121057 0.839919 2.20585 3.98186e-16 2.17558e-15 2.43579e-23
 1.32641e-22

 31.3 0.384423 -0.121057 0.839919 2.20585 3.9856e-16 2.19238e-15 2.98016e-23
 1.59614e-22

 31.4 0.384423 -0.121057 0.839919 2.20585 3.99172e-16 2.16553e-15 2.39946e-23
 1.30711e-22

 31.5 0.384423 -0.121057 0.839919 2.20585 3.96516e-16 2.17767e-15 2.41749e-23
 1.31165e-22

 31.6 0.384423 -0.121057 0.839919 2.20585 4.04827e-16 2.19393e-15 3.04998e-23
 1.63736e-22

 31.7 0.384423 -0.121057 0.839919 2.20585 4.19078e-16 2.16643e-15 2.30053e-23
 1.25463e-22

 31.8 0.384423 -0.121057 0.839919 2.20585 3.98834e-16 2.17558e-15 2.42816e-23
 1.32269e-22

 31.9 0.384423 -0.121057 0.839919 2.20585 3.98255e-16 2.19245e-15 3.01147e-23
 1.61487e-22

 32 0.384423 -0.121057 0.839919 2.20585 3.98473e-16 2.16558e-15 2.38844e-23
 1.3065e-22

 32.1 0.384423 -0.121057 0.839919 2.20585 3.96575e-16 2.17767e-15 2.4032e-23
 1.30538e-22

 32.2 0.384423 -0.121057 0.839919 2.20585 4.00877e-16 2.19397e-15 3.10094e-23
 1.66423e-22

 32.3 0.384423 -0.121057 0.839919 2.20585 3.96124e-16 2.16641e-15 2.29401e-23
 1.25382e-22

 32.4 0.384423 -0.121057 0.839919 2.20585 3.9635e-16 2.17561e-15 2.42995e-23
 1.3237e-22

 32.5 0.384423 -0.121057 0.839919 2.20585 3.98042e-16 2.19239e-15 3.0024e-23
 1.60911e-22

 32.6 0.384423 -0.121057 0.839919 2.20585 3.97023e-16 2.16555e-15 2.40384e-23
 1.31598e-22

 32.7 0.384423 -0.121057 0.839919 2.20585 3.94832e-16 2.17764e-15 2.39691e-23
 1.30531e-22

 32.8 0.384423 -0.121057 0.839919 2.20585 3.97072e-16 2.19394e-15 3.08512e-23
 1.65649e-22

 32.9 0.384423 -0.121057 0.839919 2.20585 3.9487e-16 2.1664e-15 2.29352e-23
 1.25132e-22

 33 0.384423 -0.121057 0.839919 2.20585 3.96966e-16 2.17558e-15 2.42914e-23
 1.32316e-22

 33.1 0.384423 -0.121057 0.839919 2.20585 3.98007e-16 2.19246e-15 3.03749e-23
 1.62784e-22

 33.2 0.384423 -0.121057 0.839919 2.20585 3.96991e-16 2.1652e-15 2.28253e-23
 1.24853e-22

 33.3 0.384423 -0.121057 0.839919 2.20585 3.97585e-16 2.17771e-15 2.44248e-23
 1.3233e-22

 33.4 0.384423 -0.121057 0.839919 2.20585 4.0939e-16 2.19362e-15 2.98248e-23
 1.59753e-22

 33.5 0.384423 -0.121057 0.839919 2.20585 4.26597e-16 2.16674e-15 2.38779e-23
 1.30481e-22

 33.6 0.384423 -0.121057 0.839919 2.20585 4.02331e-16 2.17557e-15 2.41107e-23
 1.31165e-22

 33.7 0.384423 -0.121057 0.839919 2.20585 3.98863e-16 2.19243e-15 3.00847e-23
 1.61253e-22

 33.8 0.384423 -0.121057 0.839919 2.20585 3.99383e-16 2.16555e-15 2.38061e-23
 1.30286e-22

 33.9 0.384423 -0.121057 0.839919 2.20585 4.01338e-16 2.17769e-15 2.41774e-23
 1.31297e-22

 34 0.384423 -0.121057 0.839919 2.20585 3.98243e-16 2.19395e-15 3.10624e-23
 1.66431e-22

 34.1 0.384423 -0.121057 0.839919 2.20585 3.95767e-16 2.16641e-15 2.28952e-23
 1.25107e-22

 34.2 0.384423 -0.121057 0.839919 2.20585 3.99753e-16 2.17558e-15 2.43071e-23
 1.32271e-22

 34.3 0.384423 -0.121057 0.839919 2.20585 3.99517e-16 2.19246e-15 3.00875e-23
 1.61378e-22

 34.4 0.384423 -0.121057 0.839919 2.20585 3.99355e-16 2.16555e-15 2.38522e-23
 1.30244e-22

 34.5 0.384423 -0.121057 0.839919 2.20585 3.97552e-16 2.1777e-15 2.44481e-23
 1.32517e-22

 34.6 0.384423 -0.121057 0.839919 2.20585 3.9997e-16 2.19359e-15 2.97324e-23
 1.59273e-22

 34.7 0.384423 -0.121057 0.839919 2.20585 3.98072e-16 2.16672e-15 2.38882e-23
 1.30664e-22

 34.8 0.384423 -0.121057 0.839919 2.20585 4.00529e-16 2.17556e-15 2.42162e-23
 1.3138e-22

 34.9 0.384423 -0.121057 0.839919 2.20585 4.1916e-16 2.19244e-15 3.00331e-23
 1.60835e-22

 35 0.384423 -0.121057 0.839919 2.20585 4.01837e-16 2.16557e-15 2.39009e-23
 1.30607e-22

 35.1 0.384423 -0.121057 0.839919 2.20585 3.97486e-16 2.17769e-15 2.4149e-23
 1.31009e-22

 35.2 0.384423 -0.121057 0.839919 2.20585 3.988e-16 2.19397e-15 3.10522e-23
 1.66453e-22

 35.3 0.384423 -0.121057 0.839919 2.20585 3.96337e-16 2.16641e-15 2.28856e-23
 1.25035e-22

 35.4 0.384423 -0.121057 0.839919 2.20585 4.00011e-16 2.17559e-15 2.43996e-23
 1.32839e-22

 35.5 0.384423 -0.121057 0.839919 2.20585 4.1909e-16 2.19244e-15 3.02755e-23
 1.62356e-22

 35.6 0.384423 -0.121057 0.839919 2.20585 4.00862e-16 2.16555e-15 2.36541e-23
 1.29515e-22

 35.7 0.384423 -0.121057 0.839919 2.20585 3.99016e-16 2.17766e-15 2.43489e-23
 1.31288e-22

 35.8 0.384423 -0.121057 0.839919 2.20585 4.11002e-16 2.19395e-15 3.08162e-23
 1.65288e-22

 35.9 0.384423 -0.121057 0.839919 2.20585 3.97235e-16 2.1664e-15 2.29492e-23
 1.25439e-22

 36 0.384423 -0.121057 0.839919 2.20585 3.98089e-16 2.17559e-15 2.41369e-23
 1.31457e-22

 36.1 0.384423 -0.121057 0.839919 2.20585 3.98338e-16 2.1924e-15 3.03925e-23
 1.6262e-22

 36.2 0.384423 -0.121057 0.839919 2.20585 3.96005e-16 2.16551e-15 2.38233e-23
 1.30368e-22

 36.3 0.384423 -0.121057 0.839919 2.20585 3.94871e-16 2.17768e-15 2.41956e-23
 1.31819e-22

 36.4 0.384423 -0.121057 0.839919 2.20585 4.01098e-16 2.19359e-15 2.95475e-23
 1.58338e-22

 36.5 0.384423 -0.121057 0.839919 2.20585 4.22366e-16 2.16673e-15 2.41883e-23
 1.30872e-22

 36.6 0.384423 -0.121057 0.839919 2.20585 3.98076e-16 2.17555e-15 2.41837e-23
 1.31738e-22

 36.7 0.384423 -0.121057 0.839919 2.20585 4.0001e-16 2.19242e-15 3.0303e-23
 1.62459e-22

 36.8 0.384423 -0.121057 0.839919 2.20585 3.99922e-16 2.16555e-15 2.35882e-23
 1.2926e-22

 36.9 0.384423 -0.121057 0.839919 2.20585 3.9631e-16 2.17766e-15 2.43463e-23
 1.31013e-22

 37 0.384423 -0.121057 0.839919 2.20585 3.96131e-16 2.19394e-15 3.08926e-23
 1.65786e-22

 37.1 0.384423 -0.121057 0.839919 2.20585 3.93757e-16 2.16641e-15 2.29088e-23
 1.25142e-22

 37.2 0.384423 -0.121057 0.839919 2.20585 3.95688e-16 2.17563e-15 2.42017e-23
 1.31873e-22

 37.3 0.384423 -0.121057 0.839919 2.20585 3.97327e-16 2.1924e-15 3.0211e-23
 1.6191e-22

 37.4 0.384423 -0.121057 0.839919 2.20585 3.9624e-16 2.16549e-15 2.38686e-23
 1.30585e-22

 37.5 0.384423 -0.121057 0.839919 2.20585 3.95398e-16 2.17767e-15 2.41751e-23
 1.31797e-22

 37.6 0.384423 -0.121057 0.839919 2.20585 3.98095e-16 2.19359e-15 2.96733e-23
 1.58919e-22

 37.7 0.384423 -0.121057 0.839919 2.20585 3.98157e-16 2.16675e-15 2.42077e-23
 1.31634e-22

 37.8 0.384423 -0.121057 0.839919 2.20585 3.99109e-16 2.17557e-15 2.40684e-23
 1.30812e-22

 37.9 0.384423 -0.121057 0.839919 2.20585 3.97855e-16 2.19241e-15 3.00058e-23
 1.60881e-22

 38 0.384423 -0.121057 0.839919 2.20585 3.98661e-16 2.16558e-15 2.3857e-23
 1.30553e-22

 38.1 0.384423 -0.121057 0.839919 2.20585 3.97276e-16 2.17768e-15 2.39994e-23
 1.30709e-22

 38.2 0.384423 -0.121057 0.839919 2.20585 4.0287e-16 2.19397e-15 3.10566e-23
 1.6646e-22

 38.3 0.384423 -0.121057 0.839919 2.20585 3.96749e-16 2.16643e-15 2.29959e-23
 1.25687e-22

 38.4 0.384423 -0.121057 0.839919 2.20585 3.98584e-16 2.17561e-15 2.42219e-23
 1.31983e-22

 38.5 0.384423 -0.121057 0.839919 2.20585 4.17857e-16 2.19239e-15 3.01611e-23
 1.61467e-22

 38.6 0.384423 -0.121057 0.839919 2.20585 3.98151e-16 2.16552e-15 2.39955e-23
 1.3133e-22

 38.7 0.384423 -0.121057 0.839919 2.20585 3.95772e-16 2.17767e-15 2.41309e-23
 1.31603e-22

 38.8 0.384423 -0.121057 0.839919 2.20585 4.08264e-16 2.1936e-15 2.97042e-23
 1.58926e-22

 38.9 0.384423 -0.121057 0.839919 2.20585 3.96503e-16 2.16673e-15 2.39671e-23
 1.30784e-22

 39 0.384423 -0.121057 0.839919 2.20585 3.97757e-16 2.17556e-15 2.41325e-23
 1.31468e-22

 39.1 0.384423 -0.121057 0.839919 2.20585 3.98943e-16 2.19243e-15 3.0038e-23
 1.61078e-22

 39.2 0.384423 -0.121057 0.839919 2.20585 3.9873e-16 2.16557e-15 2.37737e-23
 1.30126e-22

 39.3 0.384423 -0.121057 0.839919 2.20585 4.15926e-16 2.17768e-15 2.42518e-23
 1.3167e-22

 39.4 0.384423 -0.121057 0.839919 2.20585 3.98868e-16 2.19394e-15 3.09365e-23
 1.66074e-22

 39.5 0.384423 -0.121057 0.839919 2.20585 3.95146e-16 2.1664e-15 2.28523e-23
 1.24908e-22

 39.6 0.384423 -0.121057 0.839919 2.20585 3.9741e-16 2.17561e-15 2.42146e-23
 1.31971e-22

 39.7 0.384423 -0.121057 0.839919 2.20585 3.98752e-16 2.19239e-15 3.04193e-23
 1.62719e-22

 39.8 0.384423 -0.121057 0.839919 2.20585 3.96263e-16 2.1655e-15 2.37742e-23
 1.3011e-22

 39.9 0.384423 -0.121057 0.839919 2.20585 3.95957e-16 2.17768e-15 2.39793e-23
 1.3081e-22

 40 0.384423 -0.121057 0.839919 2.20585 4.00523e-16 2.19359e-15 3.00658e-23
 1.60309e-22

 40.1 0.384423 -0.121057 0.839919 2.20585 3.99482e-16 2.16674e-15 2.39782e-23
 1.30974e-22

 40.2 0.384423 -0.121057 0.839919 2.20585 4.04797e-16 2.17557e-15 2.41222e-23
 1.31411e-22

 40.3 0.384423 -0.121057 0.839919 2.20585 4.0217e-16 2.19241e-15 2.99626e-23
 1.6057e-22

 40.4 0.384423 -0.121057 0.839919 2.20585 4.0316e-16 2.16552e-15 2.36098e-23
 1.293e-22

 40.5 0.384423 -0.121057 0.839919 2.20585 3.98163e-16 2.17766e-15 2.43488e-23
 1.3143e-22

 40.6 0.384423 -0.121057 0.839919 2.20585 3.98474e-16 2.19395e-15 3.09179e-23
 1.65991e-22

 40.7 0.384423 -0.121057 0.839919 2.20585 3.95979e-16 2.16642e-15 2.29141e-23
 1.2526e-22

 40.8 0.384423 -0.121057 0.839919 2.20585 3.97595e-16 2.17561e-15 2.41649e-23
 1.31688e-22

 40.9 0.384423 -0.121057 0.839919 2.20585 3.97434e-16 2.19239e-15 3.03898e-23
 1.6275e-22

 41 0.384423 -0.121057 0.839919 2.20585 3.96577e-16 2.16555e-15 2.37188e-23
 1.29878e-22

 41.1 0.384423 -0.121057 0.839919 2.20585 3.95811e-16 2.17766e-15 2.4011e-23
 1.30509e-22

 41.2 0.384423 -0.121057 0.839919 2.20585 4.02346e-16 2.19396e-15 3.08549e-23
 1.65622e-22

 41.3 0.384423 -0.121057 0.839919 2.20585 4.1625e-16 2.16643e-15 2.28009e-23
 1.2462e-22

 41.4 0.384423 -0.121057 0.839919 2.20585 3.97538e-16 2.17559e-15 2.45184e-23
 1.33446e-22

 41.5 0.384423 -0.121057 0.839919 2.20585 3.98273e-16 2.19244e-15 3.03098e-23
 1.62526e-22

 41.6 0.384423 -0.121057 0.839919 2.20585 4.00876e-16 2.16553e-15 2.35914e-23
 1.29259e-22

 41.7 0.384423 -0.121057 0.839919 2.20585 3.99159e-16 2.17769e-15 2.45318e-23
 1.31744e-22

 41.8 0.384423 -0.121057 0.839919 2.20585 4.01508e-16 2.19393e-15 3.06495e-23
 1.6445e-22

 41.9 0.384423 -0.121057 0.839919 2.20585 4.01214e-16 2.16642e-15 2.29373e-23
 1.2531e-22

 42 0.384423 -0.121057 0.839919 2.20585 3.9944e-16 2.17558e-15 2.43081e-23
 1.32387e-22

 42.1 0.384423 -0.121057 0.839919 2.20585 4.17426e-16 2.19246e-15 3.0299e-23
 1.62458e-22

 42.2 0.384423 -0.121057 0.839919 2.20585 4.01999e-16 2.16554e-15 2.37905e-23
 1.30319e-22

 42.3 0.384423 -0.121057 0.839919 2.20585 3.97468e-16 2.17768e-15 2.42468e-23
 1.31107e-22

 42.4 0.384423 -0.121057 0.839919 2.20585 3.99783e-16 2.19393e-15 3.05835e-23
 1.64168e-22

 42.5 0.384423 -0.121057 0.839919 2.20585 3.96187e-16 2.16642e-15 2.29603e-23
 1.25481e-22

 42.6 0.384423 -0.121057 0.839919 2.20585 3.97054e-16 2.1756e-15 2.4139e-23
 1.31523e-22

 42.7 0.384423 -0.121057 0.839919 2.20585 3.98526e-16 2.19239e-15 3.03746e-23
 1.62808e-22

 42.8 0.384423 -0.121057 0.839919 2.20585 3.95345e-16 2.16554e-15 2.36864e-23
 1.29691e-22

 42.9 0.384423 -0.121057 0.839919 2.20585 3.95166e-16 2.17765e-15 2.38988e-23
 1.30221e-22

 43 0.384423 -0.121057 0.839919 2.20585 3.99183e-16 2.19394e-15 3.07398e-23
 1.64531e-22

 43.1 0.384423 -0.121057 0.839919 2.20585 3.97405e-16 2.1664e-15 2.2997e-23
 1.25571e-22

 43.2 0.384423 -0.121057 0.839919 2.20585 3.9782e-16 2.1756e-15 2.41233e-23
 1.31452e-22

 43.3 0.384423 -0.121057 0.839919 2.20585 3.98258e-16 2.19239e-15 3.04469e-23
 1.63097e-22

 43.4 0.384423 -0.121057 0.839919 2.20585 3.96451e-16 2.16554e-15 2.36502e-23
 1.29488e-22

 43.5 0.384423 -0.121057 0.839919 2.20585 3.97012e-16 2.17767e-15 2.3889e-23
 1.30086e-22

 43.6 0.384423 -0.121057 0.839919 2.20585 4.04988e-16 2.19394e-15 3.07381e-23
 1.64733e-22

 43.7 0.384423 -0.121057 0.839919 2.20585 4.19887e-16 2.16641e-15 2.29166e-23
 1.25199e-22

 43.8 0.384423 -0.121057 0.839919 2.20585 4.03802e-16 2.17557e-15 2.42025e-23
 1.31816e-22

 43.9 0.384423 -0.121057 0.839919 2.20585 4.09065e-16 2.19246e-15 3.03647e-23
 1.62868e-22

 44 0.384423 -0.121057 0.839919 2.20585 3.9834e-16 2.16555e-15 2.35932e-23
 1.29253e-22

 44.1 0.384423 -0.121057 0.839919 2.20585 3.96326e-16 2.17767e-15 2.43467e-23
 1.31365e-22

 44.2 0.384423 -0.121057 0.839919 2.20585 3.98382e-16 2.19393e-15 3.07328e-23
 1.64943e-22

 44.3 0.384423 -0.121057 0.839919 2.20585 3.9544e-16 2.16639e-15 2.29025e-23
 1.25189e-22

 44.4 0.384423 -0.121057 0.839919 2.20585 3.96725e-16 2.17559e-15 2.4264e-23
 1.3221e-22

 44.5 0.384423 -0.121057 0.839919 2.20585 3.96818e-16 2.19241e-15 3.00159e-23
 1.60911e-22

 44.6 0.384423 -0.121057 0.839919 2.20585 3.98131e-16 2.16554e-15 2.41007e-23
 1.31601e-22

 44.7 0.384423 -0.121057 0.839919 2.20585 3.96393e-16 2.17765e-15 2.39529e-23
 1.30438e-22

 44.8 0.384423 -0.121057 0.839919 2.20585 3.98919e-16 2.19395e-15 3.08563e-23
 1.65657e-22

 44.9 0.384423 -0.121057 0.839919 2.20585 4.20491e-16 2.1664e-15 2.28452e-23
 1.24756e-22

 45 0.384423 -0.121057 0.839919 2.20585 4.01923e-16 2.17557e-15 2.41976e-23
 1.31818e-22

 45.1 0.384423 -0.121057 0.839919 2.20585 3.9849e-16 2.19243e-15 3.03473e-23
 1.62697e-22

 45.2 0.384423 -0.121057 0.839919 2.20585 3.98867e-16 2.16555e-15 2.36813e-23
 1.29738e-22

 45.3 0.384423 -0.121057 0.839919 2.20585 3.966e-16 2.17766e-15 2.42803e-23
 1.31042e-22

 45.4 0.384423 -0.121057 0.839919 2.20585 3.97531e-16 2.19394e-15 3.09683e-23
 1.66107e-22

 45.5 0.384423 -0.121057 0.839919 2.20585 3.94828e-16 2.16641e-15 2.28833e-23
 1.25091e-22

 45.6 0.384423 -0.121057 0.839919 2.20585 3.97519e-16 2.17561e-15 2.40809e-23
 1.3125e-22

 45.7 0.384423 -0.121057 0.839919 2.20585 4.02728e-16 2.19243e-15 3.05719e-23
 1.63424e-22

 45.8 0.384423 -0.121057 0.839919 2.20585 3.97175e-16 2.16551e-15 2.37102e-23
 1.29818e-22

 45.9 0.384423 -0.121057 0.839919 2.20585 4.14421e-16 2.17766e-15 2.40353e-23
 1.30743e-22

 46 0.384423 -0.121057 0.839919 2.20585 3.97563e-16 2.19391e-15 3.06426e-23
 1.64371e-22

 46.1 0.384423 -0.121057 0.839919 2.20585 3.94599e-16 2.16641e-15 2.28993e-23
 1.25177e-22

 46.2 0.384423 -0.121057 0.839919 2.20585 3.9735e-16 2.1756e-15 2.41127e-23
 1.31395e-22

 46.3 0.384423 -0.121057 0.839919 2.20585 4.02593e-16 2.19241e-15 3.04144e-23
 1.62992e-22

 46.4 0.384423 -0.121057 0.839919 2.20585 3.96826e-16 2.16555e-15 2.36602e-23
 1.29545e-22

 46.5 0.384423 -0.121057 0.839919 2.20585 3.96192e-16 2.17766e-15 2.41183e-23
 1.30807e-22

 46.6 0.384423 -0.121057 0.839919 2.20585 3.97887e-16 2.19395e-15 3.08309e-23
 1.65527e-22

 46.7 0.384423 -0.121057 0.839919 2.20585 3.95206e-16 2.16642e-15 2.28255e-23
 1.24775e-22

 46.8 0.384423 -0.121057 0.839919 2.20585 4.08078e-16 2.17561e-15 2.44094e-23
 1.32866e-22

 46.9 0.384423 -0.121057 0.839919 2.20585 4.27789e-16 2.19246e-15 3.0452e-23
 1.633e-22

 47 0.384423 -0.121057 0.839919 2.20585 4.03532e-16 2.16518e-15 2.2589e-23
 1.23596e-22

 47.1 0.384423 -0.121057 0.839919 2.20585 3.9904e-16 2.17805e-15 2.5403e-23
 1.37565e-22

 47.2 0.384423 -0.121057 0.839919 2.20585 4.00074e-16 2.19359e-15 2.97356e-23
 1.5929e-22

 47.3 0.384423 -0.121057 0.839919 2.20585 3.98332e-16 2.16673e-15 2.38763e-23
 1.30603e-22

 47.4 0.384423 -0.121057 0.839919 2.20585 4.00198e-16 2.17557e-15 2.42322e-23
 1.31485e-22

 47.5 0.384423 -0.121057 0.839919 2.20585 3.99012e-16 2.19244e-15 3.01104e-23
 1.61267e-22

 47.6 0.384423 -0.121057 0.839919 2.20585 4.01033e-16 2.16555e-15 2.38671e-23
 1.30476e-22

 47.7 0.384423 -0.121057 0.839919 2.20585 3.98366e-16 2.17768e-15 2.4293e-23
 1.31257e-22

 47.8 0.384423 -0.121057 0.839919 2.20585 4.08016e-16 2.19398e-15 3.10542e-23
 1.6675e-22

 47.9 0.384423 -0.121057 0.839919 2.20585 4.26697e-16 2.16641e-15 2.28426e-23
 1.24808e-22

 48 0.384423 -0.121057 0.839919 2.20585 4.07136e-16 2.17558e-15 2.43856e-23
 1.32812e-22

 48.1 0.384423 -0.121057 0.839919 2.20585 3.99925e-16 2.19238e-15 2.98322e-23
 1.59861e-22

 48.2 0.384423 -0.121057 0.839919 2.20585 3.98128e-16 2.16554e-15 2.4004e-23
 1.30908e-22

 48.3 0.384423 -0.121057 0.839919 2.20585 3.97218e-16 2.17767e-15 2.41996e-23
 1.31175e-22

 48.4 0.384423 -0.121057 0.839919 2.20585 3.98122e-16 2.19391e-15 3.04596e-23
 1.6349e-22

 48.5 0.384423 -0.121057 0.839919 2.20585 3.9526e-16 2.16642e-15 2.29094e-23
 1.25139e-22

 48.6 0.384423 -0.121057 0.839919 2.20585 3.97197e-16 2.17561e-15 2.4251e-23
 1.32168e-22

 48.7 0.384423 -0.121057 0.839919 2.20585 3.96751e-16 2.19238e-15 3.01421e-23
 1.61555e-22

 48.8 0.384423 -0.121057 0.839919 2.20585 3.9745e-16 2.16554e-15 2.40252e-23
 1.31515e-22

 48.9 0.384423 -0.121057 0.839919 2.20585 3.94199e-16 2.17768e-15 2.41728e-23
 1.31654e-22

 49 0.384423 -0.121057 0.839919 2.20585 3.98678e-16 2.19358e-15 2.96265e-23
 1.58713e-22

 49.1 0.384423 -0.121057 0.839919 2.20585 4.01724e-16 2.16674e-15 2.3948e-23
 1.30779e-22

 49.2 0.384423 -0.121057 0.839919 2.20585 4.20676e-16 2.17557e-15 2.40927e-23
 1.31211e-22

 49.3 0.384423 -0.121057 0.839919 2.20585 4.08459e-16 2.19245e-15 3.01223e-23
 1.61519e-22

 49.4 0.384423 -0.121057 0.839919 2.20585 3.97933e-16 2.16557e-15 2.38029e-23
 1.30178e-22

 49.5 0.384423 -0.121057 0.839919 2.20585 3.96295e-16 2.17767e-15 2.42869e-23
 1.31928e-22

 49.6 0.384423 -0.121057 0.839919 2.20585 3.97074e-16 2.19395e-15 3.09324e-23
 1.66033e-22

 49.7 0.384423 -0.121057 0.839919 2.20585 3.94769e-16 2.1664e-15 2.28524e-23
 1.24832e-22

 49.8 0.384423 -0.121057 0.839919 2.20585 3.96598e-16 2.17561e-15 2.42675e-23
 1.32252e-22

 49.9 0.384423 -0.121057 0.839919 2.20585 3.96423e-16 2.19241e-15 3.00865e-23
 1.61072e-22

 50 0.384423 -0.121057 0.839919 2.20585 3.95748e-16 2.16555e-15 2.4042e-23
 1.31583e-22

 50.1 0.384423 -0.121057 0.839919 2.20585 3.93907e-16 2.17765e-15 2.39614e-23
 1.30491e-22

 50.2 0.384423 -0.121057 0.839919 2.20585 3.97148e-16 2.19394e-15 3.08475e-23
 1.65632e-22

 50.3 0.384423 -0.121057 0.839919 2.20585 3.94225e-16 2.16639e-15 2.29402e-23
 1.25143e-22

 50.4 0.384423 -0.121057 0.839919 2.20585 3.96373e-16 2.17558e-15 2.42278e-23
 1.31974e-22

 50.5 0.384423 -0.121057 0.839919 2.20585 3.97159e-16 2.19243e-15 3.0372e-23
 1.62751e-22

 50.6 0.384423 -0.121057 0.839919 2.20585 3.97393e-16 2.16555e-15 2.36921e-23
 1.29748e-22

 50.7 0.384423 -0.121057 0.839919 2.20585 3.96245e-16 2.17766e-15 2.42044e-23
 1.30921e-22

 50.8 0.384423 -0.121057 0.839919 2.20585 3.98139e-16 2.19394e-15 3.09489e-23
 1.66121e-22

 50.9 0.384423 -0.121057 0.839919 2.20585 3.95452e-16 2.16642e-15 2.28887e-23
 1.25025e-22

 51 0.384423 -0.121057 0.839919 2.20585 3.98429e-16 2.17561e-15 2.41413e-23
 1.31558e-22

 51.1 0.384423 -0.121057 0.839919 2.20585 3.98847e-16 2.19241e-15 3.04934e-23
 1.63221e-22

 51.2 0.384423 -0.121057 0.839919 2.20585 3.96831e-16 2.16551e-15 2.36701e-23
 1.29592e-22

 51.3 0.384423 -0.121057 0.839919 2.20585 4.0062e-16 2.17766e-15 2.41181e-23
 1.31153e-22

 51.4 0.384423 -0.121057 0.839919 2.20585 4.2067e-16 2.19393e-15 3.06169e-23
 1.64176e-22

 51.5 0.384423 -0.121057 0.839919 2.20585 4.0023e-16 2.1664e-15 2.28862e-23
 1.25073e-22

 51.6 0.384423 -0.121057 0.839919 2.20585 3.98726e-16 2.1756e-15 2.41192e-23
 1.31403e-22

 51.7 0.384423 -0.121057 0.839919 2.20585 4.08343e-16 2.19242e-15 3.04394e-23
 1.63132e-22

 51.8 0.384423 -0.121057 0.839919 2.20585 3.95618e-16 2.16555e-15 2.36564e-23
 1.29522e-22

 51.9 0.384423 -0.121057 0.839919 2.20585 3.94757e-16 2.17766e-15 2.40926e-23
 1.30774e-22

 52 0.384423 -0.121057 0.839919 2.20585 3.96966e-16 2.19394e-15 3.08254e-23
 1.65496e-22

 52.1 0.384423 -0.121057 0.839919 2.20585 3.94917e-16 2.16642e-15 2.2824e-23
 1.24766e-22

 52.2 0.384423 -0.121057 0.839919 2.20585 3.9882e-16 2.1756e-15 2.43737e-23
 1.32676e-22

 52.3 0.384423 -0.121057 0.839919 2.20585 4.2127e-16 2.19246e-15 3.04401e-23
 1.63248e-22

 52.4 0.384423 -0.121057 0.839919 2.20585 3.96307e-16 2.16519e-15 2.25895e-23
 1.23598e-22

 52.5 0.384423 -0.121057 0.839919 2.20585 3.98597e-16 2.17805e-15 2.54454e-23
 1.37719e-22

 52.6 0.384423 -0.121057 0.839919 2.20585 3.98597e-16 2.19359e-15 2.97311e-23
 1.59251e-22

 52.7 0.384423 -0.121057 0.839919 2.20585 3.99205e-16 2.16672e-15 2.38896e-23
 1.30652e-22

 52.8 0.384423 -0.121057 0.839919 2.20585 3.99692e-16 2.17557e-15 2.42344e-23
 1.31493e-22

 52.9 0.384423 -0.121057 0.839919 2.20585 3.99778e-16 2.19244e-15 3.01242e-23
 1.61328e-22

 53 0.384423 -0.121057 0.839919 2.20585 3.996e-16 2.16555e-15 2.37858e-23
 1.30158e-22

 53.1 0.384423 -0.121057 0.839919 2.20585 4.02056e-16 2.1777e-15 2.43725e-23
 1.31583e-22

 53.2 0.384423 -0.121057 0.839919 2.20585 3.99155e-16 2.19396e-15 3.09965e-23
 1.66388e-22

 53.3 0.384423 -0.121057 0.839919 2.20585 3.96634e-16 2.16641e-15 2.29034e-23
 1.25185e-22

 53.4 0.384423 -0.121057 0.839919 2.20585 3.98596e-16 2.17558e-15 2.43973e-23
 1.32896e-22

 53.5 0.384423 -0.121057 0.839919 2.20585 3.99617e-16 2.19242e-15 3.02991e-23
 1.62476e-22

 53.6 0.384423 -0.121057 0.839919 2.20585 3.99524e-16 2.16556e-15 2.36915e-23
 1.29801e-22

 53.7 0.384423 -0.121057 0.839919 2.20585 4.01391e-16 2.17765e-15 2.41728e-23
 1.30668e-22

 53.8 0.384423 -0.121057 0.839919 2.20585 4.19835e-16 2.19397e-15 3.08534e-23
 1.65607e-22

 53.9 0.384423 -0.121057 0.839919 2.20585 3.95831e-16 2.16642e-15 2.2894e-23
 1.25142e-22

 54 0.384423 -0.121057 0.839919 2.20585 3.97942e-16 2.17561e-15 2.42205e-23
 1.31913e-22

 54.1 0.384423 -0.121057 0.839919 2.20585 3.97929e-16 2.19238e-15 3.03189e-23
 1.62505e-22

 54.2 0.384423 -0.121057 0.839919 2.20585 3.97143e-16 2.16553e-15 2.38157e-23
 1.30339e-22

 54.3 0.384423 -0.121057 0.839919 2.20585 4.0255e-16 2.1777e-15 2.39541e-23
 1.30668e-22

 54.4 0.384423 -0.121057 0.839919 2.20585 4.04553e-16 2.19362e-15 2.99829e-23
 1.60226e-22

 54.5 0.384423 -0.121057 0.839919 2.20585 4.01199e-16 2.16638e-15 2.2897e-23
 1.24943e-22

 54.6 0.384423 -0.121057 0.839919 2.20585 3.98405e-16 2.17598e-15 2.54881e-23
 1.3908e-22

 54.7 0.384423 -0.121057 0.839919 2.20585 3.97685e-16 2.19237e-15 2.98595e-23
 1.60028e-22

 54.8 0.384423 -0.121057 0.839919 2.20585 3.97753e-16 2.16554e-15 2.34751e-23
 1.2856e-22

 54.9 0.384423 -0.121057 0.839919 2.20585 3.97114e-16 2.17767e-15 2.4187e-23
 1.31428e-22

 55 0.384423 -0.121057 0.839919 2.20585 3.99486e-16 2.19393e-15 3.07433e-23
 1.64995e-22

 55.1 0.384423 -0.121057 0.839919 2.20585 3.96687e-16 2.16639e-15 2.29111e-23
 1.25212e-22

 55.2 0.384423 -0.121057 0.839919 2.20585 3.98516e-16 2.1756e-15 2.42731e-23
 1.32256e-22

 55.3 0.384423 -0.121057 0.839919 2.20585 3.98608e-16 2.19241e-15 3.00243e-23
 1.60961e-22

 55.4 0.384423 -0.121057 0.839919 2.20585 3.97928e-16 2.16555e-15 2.40887e-23
 1.31642e-22

 55.5 0.384423 -0.121057 0.839919 2.20585 3.95783e-16 2.17765e-15 2.39478e-23
 1.30531e-22

 55.6 0.384423 -0.121057 0.839919 2.20585 3.97115e-16 2.19394e-15 3.08354e-23
 1.65551e-22

 55.7 0.384423 -0.121057 0.839919 2.20585 3.95093e-16 2.16639e-15 2.29117e-23
 1.25024e-22

 55.8 0.384423 -0.121057 0.839919 2.20585 3.9754e-16 2.17558e-15 2.42161e-23
 1.31935e-22

 55.9 0.384423 -0.121057 0.839919 2.20585 3.98347e-16 2.19244e-15 3.03536e-23
 1.62736e-22

 56 0.384423 -0.121057 0.839919 2.20585 3.98577e-16 2.16555e-15 2.36886e-23
 1.2977e-22

 56.1 0.384423 -0.121057 0.839919 2.20585 3.97268e-16 2.17766e-15 2.42991e-23
 1.31113e-22

 56.2 0.384423 -0.121057 0.839919 2.20585 3.99514e-16 2.19394e-15 3.09368e-23
 1.6596e-22

 56.3 0.384423 -0.121057 0.839919 2.20585 4.01663e-16 2.16643e-15 2.29104e-23
 1.25255e-22

 56.4 0.384423 -0.121057 0.839919 2.20585 4.20881e-16 2.17563e-15 2.41076e-23
 1.31362e-22

 56.5 0.384423 -0.121057 0.839919 2.20585 4.03788e-16 2.19241e-15 3.06008e-23
 1.63389e-22

 56.6 0.384423 -0.121057 0.839919 2.20585 3.9811e-16 2.16551e-15 2.37408e-23
 1.29758e-22

 56.7 0.384423 -0.121057 0.839919 2.20585 3.9525e-16 2.17765e-15 2.41362e-23
 1.31132e-22

 56.8 0.384423 -0.121057 0.839919 2.20585 3.97832e-16 2.19391e-15 3.06646e-23
 1.64364e-22

 56.9 0.384423 -0.121057 0.839919 2.20585 3.95014e-16 2.16641e-15 2.2878e-23
 1.25051e-22

 57 0.384423 -0.121057 0.839919 2.20585 4.0625e-16 2.17562e-15 2.42034e-23
 1.31883e-22

 57.1 0.384423 -0.121057 0.839919 2.20585 3.96992e-16 2.19239e-15 3.04146e-23
 1.62874e-22

 57.2 0.384423 -0.121057 0.839919 2.20585 3.96254e-16 2.16555e-15 2.36042e-23
 1.29282e-22

 57.3 0.384423 -0.121057 0.839919 2.20585 3.98297e-16 2.17767e-15 2.41276e-23
 1.30798e-22

 57.4 0.384423 -0.121057 0.839919 2.20585 4.22426e-16 2.19395e-15 3.07719e-23
 1.65179e-22

 57.5 0.384423 -0.121057 0.839919 2.20585 3.99778e-16 2.16641e-15 2.28319e-23
 1.24796e-22

 57.6 0.384423 -0.121057 0.839919 2.20585 3.98232e-16 2.17559e-15 2.4523e-23
 1.33466e-22

 57.7 0.384423 -0.121057 0.839919 2.20585 3.99376e-16 2.19244e-15 3.02757e-23
 1.62352e-22

 57.8 0.384423 -0.121057 0.839919 2.20585 4.0056e-16 2.16553e-15 2.3584e-23
 1.29206e-22

 57.9 0.384423 -0.121057 0.839919 2.20585 3.9943e-16 2.17769e-15 2.46314e-23
 1.31777e-22

 58 0.384423 -0.121057 0.839919 2.20585 3.99962e-16 2.19393e-15 3.06779e-23
 1.64576e-22

 58.1 0.384423 -0.121057 0.839919 2.20585 3.96729e-16 2.1664e-15 2.29231e-23
 1.25174e-22

 58.2 0.384423 -0.121057 0.839919 2.20585 3.98787e-16 2.17558e-15 2.43138e-23
 1.32371e-22

 58.3 0.384423 -0.121057 0.839919 2.20585 3.99033e-16 2.19245e-15 3.03612e-23
 1.62816e-22

 58.4 0.384423 -0.121057 0.839919 2.20585 3.99016e-16 2.16554e-15 2.37248e-23
 1.29979e-22

 58.5 0.384423 -0.121057 0.839919 2.20585 3.96312e-16 2.17768e-15 2.42834e-23
 1.31241e-22

 58.6 0.384423 -0.121057 0.839919 2.20585 3.99407e-16 2.19392e-15 3.05897e-23
 1.64197e-22

 58.7 0.384423 -0.121057 0.839919 2.20585 3.96414e-16 2.16642e-15 2.29467e-23
 1.25406e-22

 58.8 0.384423 -0.121057 0.839919 2.20585 3.99039e-16 2.17561e-15 2.41616e-23
 1.31652e-22

 58.9 0.384423 -0.121057 0.839919 2.20585 3.99797e-16 2.19239e-15 3.03434e-23
 1.62647e-22

 59 0.384423 -0.121057 0.839919 2.20585 3.95515e-16 2.16554e-15 2.36833e-23
 1.29679e-22

 59.1 0.384423 -0.121057 0.839919 2.20585 3.94912e-16 2.17765e-15 2.38983e-23
 1.30213e-22

 59.2 0.384423 -0.121057 0.839919 2.20585 3.9973e-16 2.19394e-15 3.07675e-23
 1.64673e-22

 59.3 0.384423 -0.121057 0.839919 2.20585 3.96695e-16 2.1664e-15 2.29662e-23
 1.25413e-22

 59.4 0.384423 -0.121057 0.839919 2.20585 4.01914e-16 2.17561e-15 2.41511e-23
 1.31615e-22

 59.5 0.384423 -0.121057 0.839919 2.20585 4.19456e-16 2.1924e-15 3.04254e-23
 1.62936e-22

 59.6 0.384423 -0.121057 0.839919 2.20585 3.95454e-16 2.16554e-15 2.365e-23
 1.29483e-22

 59.7 0.384423 -0.121057 0.839919 2.20585 3.949e-16 2.17767e-15 2.39164e-23
 1.3022e-22

 59.8 0.384423 -0.121057 0.839919 2.20585 3.99757e-16 2.19393e-15 3.07045e-23
 1.64521e-22

 59.9 0.384423 -0.121057 0.839919 2.20585 3.96657e-16 2.16639e-15 2.29193e-23
 1.25245e-22

 60 0.384423 -0.121057 0.839919 2.20585 3.97742e-16 2.17558e-15 2.42476e-23
 1.32068e-22

 60.1 0.384423 -0.121057 0.839919 2.20585 3.98718e-16 2.19244e-15 3.03166e-23
 1.6259e-22

 60.2 0.384423 -0.121057 0.839919 2.20585 3.98869e-16 2.16555e-15 2.3603e-23
 1.29308e-22

 60.3 0.384423 -0.121057 0.839919 2.20585 3.97622e-16 2.17767e-15 2.43646e-23
 1.31468e-22

 60.4 0.384423 -0.121057 0.839919 2.20585 3.99411e-16 2.19393e-15 3.07509e-23
 1.65025e-22

 60.5 0.384423 -0.121057 0.839919 2.20585 3.97476e-16 2.16639e-15 2.28908e-23
 1.25132e-22

 60.6 0.384423 -0.121057 0.839919 2.20585 4.02324e-16 2.1756e-15 2.42803e-23
 1.32298e-22

 60.7 0.384423 -0.121057 0.839919 2.20585 3.98974e-16 2.1924e-15 3.0025e-23
 1.60955e-22

 60.8 0.384423 -0.121057 0.839919 2.20585 3.97379e-16 2.16554e-15 2.40523e-23
 1.31582e-22

 60.9 0.384423 -0.121057 0.839919 2.20585 3.95272e-16 2.17765e-15 2.39927e-23
 1.30538e-22

 61 0.384423 -0.121057 0.839919 2.20585 3.97077e-16 2.19393e-15 3.08631e-23
 1.65686e-22

 61.1 0.384423 -0.121057 0.839919 2.20585 3.94749e-16 2.16639e-15 2.29409e-23
 1.2515e-22

 61.2 0.384423 -0.121057 0.839919 2.20585 3.97446e-16 2.17557e-15 2.42023e-23
 1.31839e-22

 61.3 0.384423 -0.121057 0.839919 2.20585 3.97979e-16 2.19243e-15 3.03563e-23
 1.62692e-22

 61.4 0.384423 -0.121057 0.839919 2.20585 3.98009e-16 2.16555e-15 2.36763e-23
 1.29662e-22

 61.5 0.384423 -0.121057 0.839919 2.20585 3.95773e-16 2.17766e-15 2.42567e-23
 1.31086e-22

 61.6 0.384423 -0.121057 0.839919 2.20585 3.97732e-16 2.19394e-15 3.08973e-23
 1.65882e-22

 61.7 0.384423 -0.121057 0.839919 2.20585 3.95116e-16 2.16641e-15 2.28747e-23
 1.25032e-22

 61.8 0.384423 -0.121057 0.839919 2.20585 3.96858e-16 2.17563e-15 2.42513e-23
 1.32103e-22

 61.9 0.384423 -0.121057 0.839919 2.20585 3.98063e-16 2.1924e-15 3.02431e-23
 1.62056e-22

 62 0.384423 -0.121057 0.839919 2.20585 3.96069e-16 2.16549e-15 2.38199e-23
 1.30351e-22

 62.1 0.384423 -0.121057 0.839919 2.20585 3.97024e-16 2.17768e-15 2.39417e-23
 1.30604e-22

 62.2 0.384423 -0.121057 0.839919 2.20585 4.00563e-16 2.1936e-15 3.00929e-23
 1.60471e-22

 62.3 0.384423 -0.121057 0.839919 2.20585 3.9765e-16 2.16642e-15 2.31623e-23
 1.26349e-22

 62.4 0.384423 -0.121057 0.839919 2.20585 4.00459e-16 2.17598e-15 2.5223e-23
 1.37518e-22

 62.5 0.384423 -0.121057 0.839919 2.20585 4.00236e-16 2.19237e-15 2.97608e-23
 1.59518e-22

 62.6 0.384423 -0.121057 0.839919 2.20585 3.99721e-16 2.16558e-15 2.3834e-23
 1.30534e-22

 62.7 0.384423 -0.121057 0.839919 2.20585 3.98022e-16 2.17766e-15 2.39829e-23
 1.30276e-22

 62.8 0.384423 -0.121057 0.839919 2.20585 3.97242e-16 2.19396e-15 3.09062e-23
 1.65825e-22

 62.9 0.384423 -0.121057 0.839919 2.20585 3.94945e-16 2.1664e-15 2.28667e-23
 1.24984e-22

 63 0.384423 -0.121057 0.839919 2.20585 3.97541e-16 2.17559e-15 2.42953e-23
 1.32237e-22

 63.1 0.384423 -0.121057 0.839919 2.20585 3.97304e-16 2.19244e-15 3.03569e-23
 1.62745e-22

 63.2 0.384423 -0.121057 0.839919 2.20585 3.97968e-16 2.16555e-15 2.36482e-23
 1.29542e-22

 63.3 0.384423 -0.121057 0.839919 2.20585 3.9699e-16 2.17767e-15 2.42941e-23
 1.31306e-22

 63.4 0.384423 -0.121057 0.839919 2.20585 4.03109e-16 2.19394e-15 3.0779e-23
 1.65126e-22

 63.5 0.384423 -0.121057 0.839919 2.20585 4.16679e-16 2.1664e-15 2.28537e-23
 1.24905e-22

 63.6 0.384423 -0.121057 0.839919 2.20585 3.98441e-16 2.17559e-15 2.42674e-23
 1.32229e-22

 63.7 0.384423 -0.121057 0.839919 2.20585 3.97591e-16 2.19241e-15 3.00187e-23
 1.60925e-22

 63.8 0.384423 -0.121057 0.839919 2.20585 3.97178e-16 2.16555e-15 2.41047e-23
 1.31623e-22

 63.9 0.384423 -0.121057 0.839919 2.20585 3.95255e-16 2.17765e-15 2.39939e-23
 1.30579e-22

 64 0.384423 -0.121057 0.839919 2.20585 3.96893e-16 2.19393e-15 3.08301e-23
 1.65505e-22

 64.1 0.384423 -0.121057 0.839919 2.20585 3.95061e-16 2.16639e-15 2.29023e-23
 1.25122e-22

 64.2 0.384423 -0.121057 0.839919 2.20585 3.98034e-16 2.17558e-15 2.42183e-23
 1.31933e-22

 64.3 0.384423 -0.121057 0.839919 2.20585 3.97773e-16 2.19243e-15 3.03537e-23
 1.62727e-22

 64.4 0.384423 -0.121057 0.839919 2.20585 3.98165e-16 2.16555e-15 2.36795e-23
 1.29725e-22

 64.5 0.384423 -0.121057 0.839919 2.20585 3.97088e-16 2.17766e-15 2.42735e-23
 1.30961e-22

 64.6 0.384423 -0.121057 0.839919 2.20585 4.02052e-16 2.19395e-15 3.09984e-23
 1.66284e-22

 64.7 0.384423 -0.121057 0.839919 2.20585 3.95797e-16 2.16642e-15 2.28751e-23
 1.25049e-22

 64.8 0.384423 -0.121057 0.839919 2.20585 3.97357e-16 2.17561e-15 2.41416e-23
 1.31553e-22

 64.9 0.384423 -0.121057 0.839919 2.20585 3.9883e-16 2.19241e-15 3.04957e-23
 1.63217e-22

 65 0.384423 -0.121057 0.839919 2.20585 3.97654e-16 2.16551e-15 2.36579e-23
 1.29529e-22

 65.1 0.384423 -0.121057 0.839919 2.20585 4.01113e-16 2.17766e-15 2.41373e-23
 1.31173e-22

 65.2 0.384423 -0.121057 0.839919 2.20585 4.20917e-16 2.19393e-15 3.0606e-23
 1.64133e-22

 65.3 0.384423 -0.121057 0.839919 2.20585 3.99094e-16 2.1664e-15 2.28742e-23
 1.25037e-22

 65.4 0.384423 -0.121057 0.839919 2.20585 3.96564e-16 2.1756e-15 2.41377e-23
 1.31525e-22

 65.5 0.384423 -0.121057 0.839919 2.20585 3.97411e-16 2.19239e-15 3.03901e-23
 1.62845e-22

 65.6 0.384423 -0.121057 0.839919 2.20585 3.96347e-16 2.16555e-15 2.36767e-23
 1.2964e-22

 65.7 0.384423 -0.121057 0.839919 2.20585 3.95918e-16 2.17766e-15 2.4089e-23
 1.30685e-22

 65.8 0.384423 -0.121057 0.839919 2.20585 3.97175e-16 2.19395e-15 3.0848e-23
 1.65572e-22

 65.9 0.384423 -0.121057 0.839919 2.20585 3.9538e-16 2.16642e-15 2.28529e-23
 1.24878e-22

 66 0.384423 -0.121057 0.839919 2.20585 3.97918e-16 2.17559e-15 2.43864e-23
 1.32647e-22

 66.1 0.384423 -0.121057 0.839919 2.20585 3.98014e-16 2.19245e-15 3.03158e-23
 1.62584e-22

 66.2 0.384423 -0.121057 0.839919 2.20585 3.98698e-16 2.16553e-15 2.36483e-23
 1.29564e-22

 66.3 0.384423 -0.121057 0.839919 2.20585 3.96596e-16 2.17769e-15 2.42977e-23
 1.3156e-22

 66.4 0.384423 -0.121057 0.839919 2.20585 3.99145e-16 2.19394e-15 3.06612e-23
 1.64529e-22

 66.5 0.384423 -0.121057 0.839919 2.20585 3.96826e-16 2.1664e-15 2.29124e-23
 1.25217e-22

 66.6 0.384423 -0.121057 0.839919 2.20585 3.998e-16 2.17557e-15 2.43704e-23
 1.32688e-22

 66.7 0.384423 -0.121057 0.839919 2.20585 4.00547e-16 2.19244e-15 3.00594e-23
 1.61197e-22

 66.8 0.384423 -0.121057 0.839919 2.20585 4.04247e-16 2.16556e-15 2.37247e-23
 1.29831e-22

 66.9 0.384423 -0.121057 0.839919 2.20585 3.99012e-16 2.17768e-15 2.43478e-23
 1.31524e-22

 67 0.384423 -0.121057 0.839919 2.20585 4.15927e-16 2.19397e-15 3.07553e-23
 1.65026e-22

 67.1 0.384423 -0.121057 0.839919 2.20585 3.97446e-16 2.16639e-15 2.28245e-23
 1.24724e-22

 67.2 0.384423 -0.121057 0.839919 2.20585 3.9849e-16 2.17558e-15 2.43562e-23
 1.326e-22

 67.3 0.384423 -0.121057 0.839919 2.20585 4.00918e-16 2.19244e-15 3.01618e-23
 1.61414e-22

 67.4 0.384423 -0.121057 0.839919 2.20585 3.98274e-16 2.16556e-15 2.38092e-23
 1.30342e-22

 67.5 0.384423 -0.121057 0.839919 2.20585 3.96615e-16 2.17768e-15 2.41722e-23
 1.30901e-22

 67.6 0.384423 -0.121057 0.839919 2.20585 3.98104e-16 2.19395e-15 3.09429e-23
 1.66097e-22

 67.7 0.384423 -0.121057 0.839919 2.20585 3.95936e-16 2.16642e-15 2.28625e-23
 1.24883e-22

 67.8 0.384423 -0.121057 0.839919 2.20585 3.97301e-16 2.17561e-15 2.4162e-23
 1.31651e-22

 67.9 0.384423 -0.121057 0.839919 2.20585 3.97735e-16 2.1924e-15 3.05393e-23
 1.63237e-22

 68 0.384423 -0.121057 0.839919 2.20585 3.97201e-16 2.16554e-15 2.36411e-23
 1.29303e-22

 68.1 0.384423 -0.121057 0.839919 2.20585 3.95177e-16 2.17767e-15 2.39447e-23
 1.3022e-22

 68.2 0.384423 -0.121057 0.839919 2.20585 3.9922e-16 2.19393e-15 3.07618e-23
 1.64607e-22

 68.3 0.384423 -0.121057 0.839919 2.20585 3.9685e-16 2.16639e-15 2.29295e-23
 1.2513e-22

 68.4 0.384423 -0.121057 0.839919 2.20585 4.02233e-16 2.17559e-15 2.42845e-23
 1.32234e-22

 68.5 0.384423 -0.121057 0.839919 2.20585 3.99839e-16 2.19244e-15 3.05071e-23
 1.63625e-22

 68.6 0.384423 -0.121057 0.839919 2.20585 4.18399e-16 2.1652e-15 2.25194e-23
 1.23177e-22

 68.7 0.384423 -0.121057 0.839919 2.20585 4.00151e-16 2.17803e-15 2.54716e-23
 1.37704e-22

 68.8 0.384423 -0.121057 0.839919 2.20585 3.99315e-16 2.19357e-15 2.98446e-23
 1.59864e-22

 68.9 0.384423 -0.121057 0.839919 2.20585 3.98558e-16 2.16672e-15 2.39419e-23
 1.30942e-22

 69 0.384423 -0.121057 0.839919 2.20585 3.99465e-16 2.17555e-15 2.41637e-23
 1.31394e-22

 69.1 0.384423 -0.121057 0.839919 2.20585 3.9864e-16 2.19238e-15 2.99175e-23
 1.60112e-22

 69.2 0.384423 -0.121057 0.839919 2.20585 3.98658e-16 2.16552e-15 2.35443e-23
 1.28892e-22

 69.3 0.384423 -0.121057 0.839919 2.20585 3.97395e-16 2.1777e-15 2.43604e-23
 1.31645e-22

 69.4 0.384423 -0.121057 0.839919 2.20585 3.99716e-16 2.19393e-15 3.06512e-23
 1.64465e-22

 69.5 0.384423 -0.121057 0.839919 2.20585 3.96645e-16 2.1664e-15 2.29356e-23
 1.25289e-22

 69.6 0.384423 -0.121057 0.839919 2.20585 3.98041e-16 2.17556e-15 2.42715e-23
 1.32195e-22

 69.7 0.384423 -0.121057 0.839919 2.20585 4.00312e-16 2.19243e-15 3.00357e-23
 1.60841e-22

 69.8 0.384423 -0.121057 0.839919 2.20585 4.02319e-16 2.16557e-15 2.39001e-23
 1.30374e-22

 69.9 0.384423 -0.121057 0.839919 2.20585 3.98342e-16 2.17766e-15 2.42555e-23
 1.30772e-22

 70 0.384423 -0.121057 0.839919 2.20585 3.98934e-16 2.19395e-15 3.09793e-23
 1.66323e-22

 70.1 0.384423 -0.121057 0.839919 2.20585 3.95977e-16 2.16642e-15 2.29883e-23
 1.25632e-22

 70.2 0.384423 -0.121057 0.839919 2.20585 3.9717e-16 2.17562e-15 2.41494e-23
 1.31542e-22

 70.3 0.384423 -0.121057 0.839919 2.20585 3.97338e-16 2.1924e-15 3.01762e-23
 1.61531e-22

 70.4 0.384423 -0.121057 0.839919 2.20585 3.9763e-16 2.16551e-15 2.40208e-23
 1.31497e-22

 70.5 0.384423 -0.121057 0.839919 2.20585 3.94662e-16 2.17767e-15 2.42386e-23
 1.32038e-22

 70.6 0.384423 -0.121057 0.839919 2.20585 3.9831e-16 2.19357e-15 2.9524e-23
 1.58161e-22

 70.7 0.384423 -0.121057 0.839919 2.20585 3.97414e-16 2.16675e-15 2.40209e-23
 1.3079e-22

 70.8 0.384423 -0.121057 0.839919 2.20585 3.97708e-16 2.17558e-15 2.41337e-23
 1.3148e-22

 70.9 0.384423 -0.121057 0.839919 2.20585 3.97789e-16 2.19237e-15 2.97835e-23
 1.59646e-22

 71 0.384423 -0.121057 0.839919 2.20585 3.98734e-16 2.16557e-15 2.41932e-23
 1.31828e-22

 71.1 0.384423 -0.121057 0.839919 2.20585 3.95794e-16 2.17765e-15 2.39085e-23
 1.30123e-22

 71.2 0.384423 -0.121057 0.839919 2.20585 3.96978e-16 2.19394e-15 3.08628e-23
 1.65675e-22

 71.3 0.384423 -0.121057 0.839919 2.20585 3.94554e-16 2.1664e-15 2.28488e-23
 1.2489e-22

 71.4 0.384423 -0.121057 0.839919 2.20585 3.97715e-16 2.17559e-15 2.4264e-23
 1.32147e-22

 71.5 0.384423 -0.121057 0.839919 2.20585 3.97464e-16 2.19244e-15 3.03459e-23
 1.627e-22

 71.6 0.384423 -0.121057 0.839919 2.20585 3.97843e-16 2.16555e-15 2.36305e-23
 1.29457e-22

 71.7 0.384423 -0.121057 0.839919 2.20585 3.96363e-16 2.17767e-15 2.43029e-23
 1.31488e-22

 71.8 0.384423 -0.121057 0.839919 2.20585 3.98865e-16 2.19393e-15 3.07807e-23
 1.65106e-22

 71.9 0.384423 -0.121057 0.839919 2.20585 3.95105e-16 2.16639e-15 2.29463e-23
 1.25414e-22

 72 0.384423 -0.121057 0.839919 2.20585 3.97031e-16 2.17559e-15 2.4252e-23
 1.32153e-22

 72.1 0.384423 -0.121057 0.839919 2.20585 3.97652e-16 2.1924e-15 2.99922e-23
 1.60801e-22

 72.2 0.384423 -0.121057 0.839919 2.20585 3.9702e-16 2.16554e-15 2.40839e-23
 1.31742e-22

 72.3 0.384423 -0.121057 0.839919 2.20585 3.95045e-16 2.17764e-15 2.39692e-23
 1.30403e-22

 72.4 0.384423 -0.121057 0.839919 2.20585 4.07506e-16 2.19395e-15 3.08888e-23
 1.65851e-22

 72.5 0.384423 -0.121057 0.839919 2.20585 3.94295e-16 2.16639e-15 2.29018e-23
 1.24967e-22

 72.6 0.384423 -0.121057 0.839919 2.20585 3.96544e-16 2.17557e-15 2.42035e-23
 1.31862e-22

 72.7 0.384423 -0.121057 0.839919 2.20585 3.98028e-16 2.19243e-15 3.03216e-23
 1.62563e-22

 72.8 0.384423 -0.121057 0.839919 2.20585 3.98239e-16 2.16555e-15 2.36704e-23
 1.29682e-22

 72.9 0.384423 -0.121057 0.839919 2.20585 3.96675e-16 2.17766e-15 2.42993e-23
 1.31037e-22

 73 0.384423 -0.121057 0.839919 2.20585 3.97849e-16 2.19394e-15 3.09004e-23
 1.65833e-22

 73.1 0.384423 -0.121057 0.839919 2.20585 3.9471e-16 2.16641e-15 2.28839e-23
 1.25028e-22

 73.2 0.384423 -0.121057 0.839919 2.20585 3.97043e-16 2.17563e-15 2.4245e-23
 1.32145e-22

 73.3 0.384423 -0.121057 0.839919 2.20585 3.97953e-16 2.1924e-15 3.02026e-23
 1.61892e-22

 73.4 0.384423 -0.121057 0.839919 2.20585 3.97021e-16 2.16549e-15 2.38424e-23
 1.30477e-22

 73.5 0.384423 -0.121057 0.839919 2.20585 3.96648e-16 2.17768e-15 2.39347e-23
 1.30567e-22

 73.6 0.384423 -0.121057 0.839919 2.20585 4.00472e-16 2.1936e-15 3.01167e-23
 1.60482e-22

 73.7 0.384423 -0.121057 0.839919 2.20585 3.97747e-16 2.16642e-15 2.31659e-23
 1.26367e-22

 73.8 0.384423 -0.121057 0.839919 2.20585 4.00252e-16 2.17598e-15 2.52171e-23
 1.37524e-22

 73.9 0.384423 -0.121057 0.839919 2.20585 3.99382e-16 2.19237e-15 2.97552e-23
 1.59503e-22

 74 0.384423 -0.121057 0.839919 2.20585 4.02163e-16 2.16558e-15 2.38493e-23
 1.30562e-22

 74.1 0.384423 -0.121057 0.839919 2.20585 4.16886e-16 2.17767e-15 2.39389e-23
 1.29984e-22

 74.2 0.384423 -0.121057 0.839919 2.20585 3.98405e-16 2.19396e-15 3.09036e-23
 1.65837e-22

 74.3 0.384423 -0.121057 0.839919 2.20585 3.95201e-16 2.1664e-15 2.28689e-23
 1.24994e-22

 74.4 0.384423 -0.121057 0.839919 2.20585 3.97609e-16 2.17559e-15 2.42967e-23
 1.32243e-22

 74.5 0.384423 -0.121057 0.839919 2.20585 3.9839e-16 2.19244e-15 3.03337e-23
 1.62626e-22

 74.6 0.384423 -0.121057 0.839919 2.20585 4.02126e-16 2.16556e-15 2.36701e-23
 1.29673e-22

 74.7 0.384423 -0.121057 0.839919 2.20585 3.97634e-16 2.17767e-15 2.43238e-23
 1.31454e-22

 74.8 0.384423 -0.121057 0.839919 2.20585 3.99133e-16 2.19393e-15 3.07693e-23
 1.65043e-22

 74.9 0.384423 -0.121057 0.839919 2.20585 3.96943e-16 2.16639e-15 2.29153e-23
 1.25265e-22

 75 0.384423 -0.121057 0.839919 2.20585 3.97897e-16 2.17559e-15 2.42548e-23
 1.32153e-22

 75.1 0.384423 -0.121057 0.839919 2.20585 3.9908e-16 2.1924e-15 2.99932e-23
 1.60801e-22

 75.2 0.384423 -0.121057 0.839919 2.20585 4.02228e-16 2.16555e-15 2.41086e-23
 1.31881e-22

 75.3 0.384423 -0.121057 0.839919 2.20585 4.17731e-16 2.17766e-15 2.39481e-23
 1.3026e-22

 75.4 0.384423 -0.121057 0.839919 2.20585 3.99153e-16 2.19394e-15 3.08648e-23
 1.65683e-22

 75.5 0.384423 -0.121057 0.839919 2.20585 3.94763e-16 2.16639e-15 2.29069e-23
 1.24994e-22

 75.6 0.384423 -0.121057 0.839919 2.20585 3.96676e-16 2.17558e-15 2.42047e-23
 1.31872e-22

 75.7 0.384423 -0.121057 0.839919 2.20585 3.97287e-16 2.19243e-15 3.03506e-23
 1.62703e-22

 75.8 0.384423 -0.121057 0.839919 2.20585 3.97681e-16 2.16555e-15 2.36733e-23
 1.29689e-22

 75.9 0.384423 -0.121057 0.839919 2.20585 3.96667e-16 2.17766e-15 2.42517e-23
 1.30775e-22

 76 0.384423 -0.121057 0.839919 2.20585 3.97299e-16 2.19395e-15 3.08657e-23
 1.6567e-22

 76.1 0.384423 -0.121057 0.839919 2.20585 3.9528e-16 2.16642e-15 2.28783e-23
 1.25007e-22

 76.2 0.384423 -0.121057 0.839919 2.20585 3.97049e-16 2.17564e-15 2.42422e-23
 1.32138e-22

 76.3 0.384423 -0.121057 0.839919 2.20585 4.17112e-16 2.19241e-15 3.0175e-23
 1.6172e-22

 76.4 0.384423 -0.121057 0.839919 2.20585 3.96409e-16 2.1655e-15 2.38622e-23
 1.30608e-22

 76.5 0.384423 -0.121057 0.839919 2.20585 3.95442e-16 2.17768e-15 2.41697e-23
 1.31812e-22

 76.6 0.384423 -0.121057 0.839919 2.20585 4.18045e-16 2.19359e-15 2.96226e-23
 1.58601e-22

 76.7 0.384423 -0.121057 0.839919 2.20585 3.99305e-16 2.16676e-15 2.42859e-23
 1.31819e-22

 76.8 0.384423 -0.121057 0.839919 2.20585 3.98294e-16 2.17557e-15 2.40368e-23
 1.30891e-22

 76.9 0.384423 -0.121057 0.839919 2.20585 3.97908e-16 2.19241e-15 3.00114e-23
 1.60898e-22

 77 0.384423 -0.121057 0.839919 2.20585 3.9848e-16 2.16558e-15 2.38945e-23
 1.30565e-22

 77.1 0.384423 -0.121057 0.839919 2.20585 3.97246e-16 2.17768e-15 2.40392e-23
 1.30728e-22

 77.2 0.384423 -0.121057 0.839919 2.20585 4.02565e-16 2.19397e-15 3.10464e-23
 1.66475e-22

 77.3 0.384423 -0.121057 0.839919 2.20585 3.96648e-16 2.16643e-15 2.2985e-23
 1.25633e-22

 77.4 0.384423 -0.121057 0.839919 2.20585 3.98777e-16 2.17561e-15 2.42178e-23
 1.3189e-22

 77.5 0.384423 -0.121057 0.839919 2.20585 3.98643e-16 2.19239e-15 3.03896e-23
 1.62688e-22

 77.6 0.384423 -0.121057 0.839919 2.20585 3.97605e-16 2.1655e-15 2.37858e-23
 1.30157e-22

 77.7 0.384423 -0.121057 0.839919 2.20585 3.96998e-16 2.17768e-15 2.39515e-23
 1.30684e-22

 77.8 0.384423 -0.121057 0.839919 2.20585 4.01156e-16 2.1936e-15 3.00986e-23
 1.60144e-22

 77.9 0.384423 -0.121057 0.839919 2.20585 3.98831e-16 2.16672e-15 2.40467e-23
 1.30952e-22

 78 0.384423 -0.121057 0.839919 2.20585 3.99013e-16 2.17556e-15 2.42308e-23
 1.31738e-22

 78.1 0.384423 -0.121057 0.839919 2.20585 3.98553e-16 2.1924e-15 2.99002e-23
 1.60196e-22

 78.2 0.384423 -0.121057 0.839919 2.20585 3.99869e-16 2.16552e-15 2.40212e-23
 1.3062e-22

 78.3 0.384423 -0.121057 0.839919 2.20585 3.96113e-16 2.17767e-15 2.41831e-23
 1.31366e-22

 78.4 0.384423 -0.121057 0.839919 2.20585 3.98402e-16 2.19392e-15 3.05398e-23
 1.63886e-22

 78.5 0.384423 -0.121057 0.839919 2.20585 3.95377e-16 2.16639e-15 2.28744e-23
 1.24924e-22

 78.6 0.384423 -0.121057 0.839919 2.20585 3.97397e-16 2.1756e-15 2.41315e-23
 1.31496e-22

 78.7 0.384423 -0.121057 0.839919 2.20585 3.96849e-16 2.19238e-15 3.01676e-23
 1.61645e-22

 78.8 0.384423 -0.121057 0.839919 2.20585 3.96788e-16 2.16554e-15 2.40715e-23
 1.31756e-22

 78.9 0.384423 -0.121057 0.839919 2.20585 3.96129e-16 2.17765e-15 2.39671e-23
 1.30645e-22

 79 0.384423 -0.121057 0.839919 2.20585 4.01649e-16 2.19364e-15 3.00099e-23
 1.60647e-22

 79.1 0.384423 -0.121057 0.839919 2.20585 4.15038e-16 2.16642e-15 2.28815e-23
 1.25038e-22

 79.2 0.384423 -0.121057 0.839919 2.20585 3.96972e-16 2.17562e-15 2.44055e-23
 1.32936e-22

 79.3 0.384423 -0.121057 0.839919 2.20585 3.96663e-16 2.1924e-15 3.01497e-23
 1.61503e-22

 79.4 0.384423 -0.121057 0.839919 2.20585 3.97053e-16 2.16551e-15 2.40294e-23
 1.31461e-22

 79.5 0.384423 -0.121057 0.839919 2.20585 3.94362e-16 2.17767e-15 2.42222e-23
 1.31987e-22

 79.6 0.384423 -0.121057 0.839919 2.20585 3.97818e-16 2.19357e-15 2.95141e-23
 1.58137e-22

 79.7 0.384423 -0.121057 0.839919 2.20585 3.97219e-16 2.16675e-15 2.40845e-23
 1.30919e-22

 79.8 0.384423 -0.121057 0.839919 2.20585 3.97915e-16 2.17558e-15 2.41052e-23
 1.31328e-22

 79.9 0.384423 -0.121057 0.839919 2.20585 4.01123e-16 2.19238e-15 2.9807e-23
 1.59794e-22

 80 0.384423 -0.121057 0.839919 2.20585 3.97974e-16 2.16555e-15 2.41194e-23
 1.31645e-22

 80.1 0.384423 -0.121057 0.839919 2.20585 3.94832e-16 2.17766e-15 2.40485e-23
 1.30772e-22

 80.2 0.384423 -0.121057 0.839919 2.20585 3.98517e-16 2.19391e-15 3.0606e-23
 1.64213e-22

 80.3 0.384423 -0.121057 0.839919 2.20585 3.95252e-16 2.16639e-15 2.2829e-23
 1.24787e-22

 80.4 0.384423 -0.121057 0.839919 2.20585 3.97966e-16 2.1756e-15 2.42615e-23
 1.32109e-22

 80.5 0.384423 -0.121057 0.839919 2.20585 3.97207e-16 2.1924e-15 2.99877e-23
 1.60764e-22

 80.6 0.384423 -0.121057 0.839919 2.20585 4.01003e-16 2.16556e-15 2.40569e-23
 1.31675e-22

 80.7 0.384423 -0.121057 0.839919 2.20585 4.15682e-16 2.17765e-15 2.39293e-23
 1.30356e-22

 80.8 0.384423 -0.121057 0.839919 2.20585 3.96841e-16 2.19394e-15 3.08461e-23
 1.65566e-22

 80.9 0.384423 -0.121057 0.839919 2.20585 3.95252e-16 2.1664e-15 2.28797e-23
 1.25036e-22

 81 0.384423 -0.121057 0.839919 2.20585 3.97444e-16 2.17558e-15 2.42922e-23
 1.32313e-22

 81.1 0.384423 -0.121057 0.839919 2.20585 3.98267e-16 2.19246e-15 3.03414e-23
 1.62636e-22

 81.2 0.384423 -0.121057 0.839919 2.20585 4.08437e-16 2.16522e-15 2.28809e-23
 1.25188e-22

 81.3 0.384423 -0.121057 0.839919 2.20585 3.96435e-16 2.17772e-15 2.4466e-23
 1.32457e-22

 81.4 0.384423 -0.121057 0.839919 2.20585 3.98955e-16 2.1936e-15 2.97724e-23
 1.5945e-22

 81.5 0.384423 -0.121057 0.839919 2.20585 3.97818e-16 2.16674e-15 2.39325e-23
 1.30799e-22

 81.6 0.384423 -0.121057 0.839919 2.20585 3.98429e-16 2.17558e-15 2.41402e-23
 1.31245e-22

 81.7 0.384423 -0.121057 0.839919 2.20585 3.99845e-16 2.19243e-15 3.00705e-23
 1.61088e-22

 81.8 0.384423 -0.121057 0.839919 2.20585 3.98538e-16 2.16555e-15 2.38697e-23
 1.30425e-22

 81.9 0.384423 -0.121057 0.839919 2.20585 3.96736e-16 2.17768e-15 2.4192e-23
 1.3114e-22

 82 0.384423 -0.121057 0.839919 2.20585 3.98012e-16 2.19395e-15 3.09838e-23
 1.66299e-22

 82.1 0.384423 -0.121057 0.839919 2.20585 3.95959e-16 2.16641e-15 2.29184e-23
 1.2526e-22

 82.2 0.384423 -0.121057 0.839919 2.20585 3.98146e-16 2.17558e-15 2.43222e-23
 1.32462e-22

 82.3 0.384423 -0.121057 0.839919 2.20585 4.00634e-16 2.19245e-15 3.03272e-23
 1.62649e-22

 82.4 0.384423 -0.121057 0.839919 2.20585 3.98116e-16 2.16519e-15 2.27878e-23
 1.24677e-22

 82.5 0.384423 -0.121057 0.839919 2.20585 4.02818e-16 2.17772e-15 2.45155e-23
 1.32561e-22

 82.6 0.384423 -0.121057 0.839919 2.20585 4.19976e-16 2.19361e-15 2.97053e-23
 1.59043e-22

 82.7 0.384423 -0.121057 0.839919 2.20585 3.97879e-16 2.16673e-15 2.39506e-23
 1.30864e-22

 82.8 0.384423 -0.121057 0.839919 2.20585 3.99591e-16 2.17557e-15 2.41766e-23
 1.31552e-22

 82.9 0.384423 -0.121057 0.839919 2.20585 3.99178e-16 2.19244e-15 3.00727e-23
 1.61199e-22

 83 0.384423 -0.121057 0.839919 2.20585 3.98806e-16 2.16556e-15 2.38387e-23
 1.30458e-22

 83.1 0.384423 -0.121057 0.839919 2.20585 3.97721e-16 2.17768e-15 2.4117e-23
 1.31014e-22

 83.2 0.384423 -0.121057 0.839919 2.20585 4.10118e-16 2.19398e-15 3.11216e-23
 1.66744e-22

 83.3 0.384423 -0.121057 0.839919 2.20585 4.26007e-16 2.1664e-15 2.27319e-23
 1.24035e-22

 83.4 0.384423 -0.121057 0.839919 2.20585 4.02045e-16 2.17558e-15 2.4346e-23
 1.32591e-22

 83.5 0.384423 -0.121057 0.839919 2.20585 3.9821e-16 2.19243e-15 3.03188e-23
 1.62599e-22

 83.6 0.384423 -0.121057 0.839919 2.20585 3.98253e-16 2.16554e-15 2.36107e-23
 1.29339e-22

 83.7 0.384423 -0.121057 0.839919 2.20585 3.96826e-16 2.17766e-15 2.43885e-23
 1.31276e-22

 83.8 0.384423 -0.121057 0.839919 2.20585 3.98476e-16 2.19393e-15 3.05838e-23
 1.64179e-22

 83.9 0.384423 -0.121057 0.839919 2.20585 3.95314e-16 2.1664e-15 2.29452e-23
 1.25331e-22

 84 0.384423 -0.121057 0.839919 2.20585 3.96988e-16 2.1756e-15 2.4253e-23
 1.32153e-22

 84.1 0.384423 -0.121057 0.839919 2.20585 3.96828e-16 2.19241e-15 3.01471e-23
 1.61652e-22

 84.2 0.384423 -0.121057 0.839919 2.20585 3.9459e-16 2.1652e-15 2.30173e-23
 1.25709e-22

 84.3 0.384423 -0.121057 0.839919 2.20585 3.96101e-16 2.17805e-15 2.54044e-23
 1.38651e-22

 84.4 0.384423 -0.121057 0.839919 2.20585 3.974e-16 2.19356e-15 2.95683e-23
 1.58421e-22

 84.5 0.384423 -0.121057 0.839919 2.20585 3.97305e-16 2.16671e-15 2.40538e-23
 1.31032e-22

 84.6 0.384423 -0.121057 0.839919 2.20585 3.98654e-16 2.17555e-15 2.41825e-23
 1.31534e-22

 84.7 0.384423 -0.121057 0.839919 2.20585 3.98959e-16 2.19242e-15 3.00079e-23
 1.60935e-22

 84.8 0.384423 -0.121057 0.839919 2.20585 4.03584e-16 2.16557e-15 2.38113e-23
 1.30233e-22

 84.9 0.384423 -0.121057 0.839919 2.20585 3.97391e-16 2.17766e-15 2.43107e-23
 1.31128e-22

 85 0.384423 -0.121057 0.839919 2.20585 3.98435e-16 2.19395e-15 3.09596e-23
 1.66212e-22

 85.1 0.384423 -0.121057 0.839919 2.20585 3.96008e-16 2.16642e-15 2.29731e-23
 1.25546e-22

 85.2 0.384423 -0.121057 0.839919 2.20585 3.98326e-16 2.1756e-15 2.41381e-23
 1.31462e-22

 85.3 0.384423 -0.121057 0.839919 2.20585 3.97739e-16 2.19241e-15 3.02645e-23
 1.62182e-22

 85.4 0.384423 -0.121057 0.839919 2.20585 3.9965e-16 2.16552e-15 2.38748e-23
 1.3077e-22

 85.5 0.384423 -0.121057 0.839919 2.20585 4.16684e-16 2.17765e-15 2.40915e-23
 1.30657e-22

 85.6 0.384423 -0.121057 0.839919 2.20585 4.03099e-16 2.19392e-15 3.0672e-23
 1.64514e-22

 85.7 0.384423 -0.121057 0.839919 2.20585 3.94889e-16 2.1664e-15 2.28675e-23
 1.25002e-22

 85.8 0.384423 -0.121057 0.839919 2.20585 3.97607e-16 2.17559e-15 2.41426e-23
 1.31548e-22

 85.9 0.384423 -0.121057 0.839919 2.20585 3.97763e-16 2.19239e-15 3.02321e-23
 1.61976e-22

 86 0.384423 -0.121057 0.839919 2.20585 3.96521e-16 2.16556e-15 2.3683e-23
 1.29662e-22

 86.1 0.384423 -0.121057 0.839919 2.20585 3.96561e-16 2.17767e-15 2.40702e-23
 1.30685e-22

 86.2 0.384423 -0.121057 0.839919 2.20585 3.97752e-16 2.19396e-15 3.08491e-23
 1.6565e-22

 86.3 0.384423 -0.121057 0.839919 2.20585 3.94765e-16 2.16642e-15 2.29047e-23
 1.25165e-22

 86.4 0.384423 -0.121057 0.839919 2.20585 3.97133e-16 2.17559e-15 2.43183e-23
 1.3246e-22

 86.5 0.384423 -0.121057 0.839919 2.20585 3.97921e-16 2.19245e-15 3.03198e-23
 1.62586e-22

 86.6 0.384423 -0.121057 0.839919 2.20585 3.9844e-16 2.16553e-15 2.36497e-23
 1.29569e-22

 86.7 0.384423 -0.121057 0.839919 2.20585 3.97025e-16 2.17769e-15 2.43291e-23
 1.31564e-22

 86.8 0.384423 -0.121057 0.839919 2.20585 3.9919e-16 2.19394e-15 3.06588e-23
 1.64519e-22

 86.9 0.384423 -0.121057 0.839919 2.20585 3.97124e-16 2.1664e-15 2.2914e-23
 1.25228e-22

 87 0.384423 -0.121057 0.839919 2.20585 3.99481e-16 2.17557e-15 2.43646e-23
 1.3268e-22

 87.1 0.384423 -0.121057 0.839919 2.20585 4.01263e-16 2.19244e-15 3.0061e-23
 1.6121e-22

 87.2 0.384423 -0.121057 0.839919 2.20585 4.03411e-16 2.16556e-15 2.37147e-23
 1.29823e-22

 87.3 0.384423 -0.121057 0.839919 2.20585 4.20625e-16 2.17768e-15 2.42967e-23
 1.31222e-22

 87.4 0.384423 -0.121057 0.839919 2.20585 4.01279e-16 2.19396e-15 3.08064e-23
 1.65326e-22

 87.5 0.384423 -0.121057 0.839919 2.20585 3.96425e-16 2.16639e-15 2.28221e-23
 1.24707e-22

 87.6 0.384423 -0.121057 0.839919 2.20585 3.98783e-16 2.17558e-15 2.43576e-23
 1.32607e-22

 87.7 0.384423 -0.121057 0.839919 2.20585 4.00665e-16 2.19244e-15 3.01599e-23
 1.61416e-22

 87.8 0.384423 -0.121057 0.839919 2.20585 3.9795e-16 2.16556e-15 2.38088e-23
 1.30341e-22

 87.9 0.384423 -0.121057 0.839919 2.20585 3.9642e-16 2.17768e-15 2.41724e-23
 1.30902e-22

 88 0.384423 -0.121057 0.839919 2.20585 3.98027e-16 2.19395e-15 3.09446e-23
 1.66106e-22

 88.1 0.384423 -0.121057 0.839919 2.20585 3.95429e-16 2.16642e-15 2.28609e-23
 1.24874e-22

 88.2 0.384423 -0.121057 0.839919 2.20585 3.97598e-16 2.17561e-15 2.41635e-23
 1.3166e-22

 88.3 0.384423 -0.121057 0.839919 2.20585 3.97683e-16 2.1924e-15 3.05393e-23
 1.63237e-22

 88.4 0.384423 -0.121057 0.839919 2.20585 3.97178e-16 2.16554e-15 2.36411e-23
 1.29303e-22

 88.5 0.384423 -0.121057 0.839919 2.20585 3.95024e-16 2.17767e-15 2.39433e-23
 1.30212e-22

 88.6 0.384423 -0.121057 0.839919 2.20585 3.99982e-16 2.19393e-15 3.07631e-23
 1.64614e-22

 88.7 0.384423 -0.121057 0.839919 2.20585 3.96804e-16 2.16639e-15 2.2928e-23
 1.25122e-22

 88.8 0.384423 -0.121057 0.839919 2.20585 4.02582e-16 2.17559e-15 2.42858e-23
 1.32241e-22

 88.9 0.384423 -0.121057 0.839919 2.20585 4.20002e-16 2.19245e-15 3.04546e-23
 1.63316e-22

 89 0.384423 -0.121057 0.839919 2.20585 3.9832e-16 2.1652e-15 2.25685e-23
 1.23464e-22

 89.1 0.384423 -0.121057 0.839919 2.20585 4.00173e-16 2.17803e-15 2.5473e-23
 1.37712e-22

 89.2 0.384423 -0.121057 0.839919 2.20585 3.99258e-16 2.19357e-15 2.98445e-23
 1.59864e-22

 89.3 0.384423 -0.121057 0.839919 2.20585 3.98531e-16 2.16672e-15 2.39421e-23
 1.30943e-22

 89.4 0.384423 -0.121057 0.839919 2.20585 3.99489e-16 2.17555e-15 2.41636e-23
 1.31393e-22

 89.5 0.384423 -0.121057 0.839919 2.20585 3.98732e-16 2.19238e-15 2.99176e-23
 1.60113e-22

 89.6 0.384423 -0.121057 0.839919 2.20585 3.98658e-16 2.16552e-15 2.35443e-23
 1.28892e-22

 89.7 0.384423 -0.121057 0.839919 2.20585 3.97395e-16 2.1777e-15 2.43604e-23
 1.31645e-22

 89.8 0.384423 -0.121057 0.839919 2.20585 3.99716e-16 2.19393e-15 3.06512e-23
 1.64465e-22

 89.9 0.384423 -0.121057 0.839919 2.20585 3.96645e-16 2.1664e-15 2.29356e-23
 1.25289e-22

 90 0.384423 -0.121057 0.839919 2.20585 3.98041e-16 2.17556e-15 2.42715e-23
 1.32195e-22

 90.1 0.384423 -0.121057 0.839919 2.20585 4.00312e-16 2.19243e-15 3.00357e-23
 1.60841e-22

 90.2 0.384423 -0.121057 0.839919 2.20585 4.02319e-16 2.16557e-15 2.39001e-23
 1.30374e-22

 90.3 0.384423 -0.121057 0.839919 2.20585 3.98342e-16 2.17766e-15 2.42555e-23
 1.30772e-22

 90.4 0.384423 -0.121057 0.839919 2.20585 3.98934e-16 2.19395e-15 3.09793e-23
 1.66323e-22

 90.5 0.384423 -0.121057 0.839919 2.20585 3.95977e-16 2.16642e-15 2.29883e-23
 1.25632e-22

 90.6 0.384423 -0.121057 0.839919 2.20585 3.9717e-16 2.17562e-15 2.41494e-23
 1.31542e-22

 90.7 0.384423 -0.121057 0.839919 2.20585 3.97338e-16 2.1924e-15 3.01762e-23
 1.61531e-22

 90.8 0.384423 -0.121057 0.839919 2.20585 3.9763e-16 2.16551e-15 2.40208e-23
 1.31497e-22

 90.9 0.384423 -0.121057 0.839919 2.20585 3.94662e-16 2.17767e-15 2.42386e-23
 1.32038e-22

 91 0.384423 -0.121057 0.839919 2.20585 3.9831e-16 2.19357e-15 2.9524e-23
 1.58161e-22

 91.1 0.384423 -0.121057 0.839919 2.20585 3.97414e-16 2.16675e-15 2.40209e-23
 1.3079e-22

 91.2 0.384423 -0.121057 0.839919 2.20585 3.97708e-16 2.17558e-15 2.41337e-23
 1.3148e-22

 91.3 0.384423 -0.121057 0.839919 2.20585 3.97789e-16 2.19237e-15 2.97835e-23
 1.59646e-22

 91.4 0.384423 -0.121057 0.839919 2.20585 3.98734e-16 2.16557e-15 2.41932e-23
 1.31828e-22

 91.5 0.384423 -0.121057 0.839919 2.20585 3.95794e-16 2.17765e-15 2.39085e-23
 1.30123e-22

 91.6 0.384423 -0.121057 0.839919 2.20585 3.96978e-16 2.19394e-15 3.08628e-23
 1.65675e-22

 91.7 0.384423 -0.121057 0.839919 2.20585 3.94554e-16 2.1664e-15 2.28488e-23
 1.2489e-22

 91.8 0.384423 -0.121057 0.839919 2.20585 3.97715e-16 2.17559e-15 2.4264e-23
 1.32147e-22

 91.9 0.384423 -0.121057 0.839919 2.20585 3.97464e-16 2.19244e-15 3.03459e-23
 1.627e-22

 92 0.384423 -0.121057 0.839919 2.20585 3.97843e-16 2.16555e-15 2.36305e-23
 1.29457e-22

 92.1 0.384423 -0.121057 0.839919 2.20585 3.96363e-16 2.17767e-15 2.43029e-23
 1.31488e-22

 92.2 0.384423 -0.121057 0.839919 2.20585 3.98865e-16 2.19393e-15 3.07807e-23
 1.65106e-22

 92.3 0.384423 -0.121057 0.839919 2.20585 3.95105e-16 2.16639e-15 2.29463e-23
 1.25414e-22

 92.4 0.384423 -0.121057 0.839919 2.20585 3.97031e-16 2.17559e-15 2.4252e-23
 1.32153e-22

 92.5 0.384423 -0.121057 0.839919 2.20585 3.97652e-16 2.1924e-15 2.99922e-23
 1.60801e-22

 92.6 0.384423 -0.121057 0.839919 2.20585 3.9702e-16 2.16554e-15 2.40839e-23
 1.31742e-22

 92.7 0.384423 -0.121057 0.839919 2.20585 3.95045e-16 2.17764e-15 2.39692e-23
 1.30403e-22

 92.8 0.384423 -0.121057 0.839919 2.20585 4.07506e-16 2.19395e-15 3.08888e-23
 1.65851e-22

 92.9 0.384423 -0.121057 0.839919 2.20585 3.94295e-16 2.16639e-15 2.29018e-23
 1.24967e-22

 93 0.384423 -0.121057 0.839919 2.20585 3.96544e-16 2.17557e-15 2.42035e-23
 1.31862e-22

 93.1 0.384423 -0.121057 0.839919 2.20585 3.98028e-16 2.19243e-15 3.03216e-23
 1.62563e-22

 93.2 0.384423 -0.121057 0.839919 2.20585 3.98239e-16 2.16555e-15 2.36704e-23
 1.29682e-22

 93.3 0.384423 -0.121057 0.839919 2.20585 3.96675e-16 2.17766e-15 2.42993e-23
 1.31037e-22

 93.4 0.384423 -0.121057 0.839919 2.20585 3.97849e-16 2.19394e-15 3.09004e-23
 1.65833e-22

 93.5 0.384423 -0.121057 0.839919 2.20585 3.9471e-16 2.16641e-15 2.28839e-23
 1.25028e-22

 93.6 0.384423 -0.121057 0.839919 2.20585 3.97043e-16 2.17563e-15 2.4245e-23
 1.32145e-22

 93.7 0.384423 -0.121057 0.839919 2.20585 3.97953e-16 2.1924e-15 3.02026e-23
 1.61892e-22

 93.8 0.384423 -0.121057 0.839919 2.20585 3.97021e-16 2.16549e-15 2.38424e-23
 1.30477e-22

 93.9 0.384423 -0.121057 0.839919 2.20585 3.96648e-16 2.17768e-15 2.39347e-23
 1.30567e-22

 94 0.384423 -0.121057 0.839919 2.20585 4.00472e-16 2.1936e-15 3.01167e-23
 1.60482e-22

 94.1 0.384423 -0.121057 0.839919 2.20585 3.97747e-16 2.16642e-15 2.31659e-23
 1.26367e-22

 94.2 0.384423 -0.121057 0.839919 2.20585 4.00252e-16 2.17598e-15 2.52171e-23
 1.37524e-22

 94.3 0.384423 -0.121057 0.839919 2.20585 3.99382e-16 2.19237e-15 2.97552e-23
 1.59503e-22

 94.4 0.384423 -0.121057 0.839919 2.20585 4.02163e-16 2.16558e-15 2.38493e-23
 1.30562e-22

 94.5 0.384423 -0.121057 0.839919 2.20585 4.16886e-16 2.17767e-15 2.39389e-23
 1.29984e-22

 94.6 0.384423 -0.121057 0.839919 2.20585 3.98405e-16 2.19396e-15 3.09036e-23
 1.65837e-22

 94.7 0.384423 -0.121057 0.839919 2.20585 3.95201e-16 2.1664e-15 2.28689e-23
 1.24994e-22

 94.8 0.384423 -0.121057 0.839919 2.20585 3.97609e-16 2.17559e-15 2.42967e-23
 1.32243e-22

 94.9 0.384423 -0.121057 0.839919 2.20585 3.9839e-16 2.19244e-15 3.03337e-23
 1.62626e-22

 95 0.384423 -0.121057 0.839919 2.20585 4.02126e-16 2.16556e-15 2.36701e-23
 1.29673e-22

 95.1 0.384423 -0.121057 0.839919 2.20585 3.97634e-16 2.17767e-15 2.43238e-23
 1.31454e-22

 95.2 0.384423 -0.121057 0.839919 2.20585 3.99133e-16 2.19393e-15 3.07693e-23
 1.65043e-22

 95.3 0.384423 -0.121057 0.839919 2.20585 3.96943e-16 2.16639e-15 2.29153e-23
 1.25265e-22

 95.4 0.384423 -0.121057 0.839919 2.20585 3.97897e-16 2.17559e-15 2.42548e-23
 1.32153e-22

 95.5 0.384423 -0.121057 0.839919 2.20585 3.9908e-16 2.1924e-15 2.99932e-23
 1.60801e-22

 95.6 0.384423 -0.121057 0.839919 2.20585 4.02228e-16 2.16555e-15 2.41086e-23
 1.31881e-22

 95.7 0.384423 -0.121057 0.839919 2.20585 4.17731e-16 2.17766e-15 2.39481e-23
 1.3026e-22

 95.8 0.384423 -0.121057 0.839919 2.20585 3.99153e-16 2.19394e-15 3.08648e-23
 1.65683e-22

 95.9 0.384423 -0.121057 0.839919 2.20585 3.94763e-16 2.16639e-15 2.29069e-23
 1.24994e-22

 96 0.384423 -0.121057 0.839919 2.20585 3.96676e-16 2.17558e-15 2.42047e-23
 1.31872e-22

 96.1 0.384423 -0.121057 0.839919 2.20585 3.97287e-16 2.19243e-15 3.03506e-23
 1.62703e-22

 96.2 0.384423 -0.121057 0.839919 2.20585 3.97681e-16 2.16555e-15 2.36733e-23
 1.29689e-22

 96.3 0.384423 -0.121057 0.839919 2.20585 3.96667e-16 2.17766e-15 2.42517e-23
 1.30775e-22

 96.4 0.384423 -0.121057 0.839919 2.20585 3.97299e-16 2.19395e-15 3.08657e-23
 1.6567e-22

 96.5 0.384423 -0.121057 0.839919 2.20585 3.9528e-16 2.16642e-15 2.28783e-23
 1.25007e-22

 96.6 0.384423 -0.121057 0.839919 2.20585 3.97049e-16 2.17564e-15 2.42422e-23
 1.32138e-22

 96.7 0.384423 -0.121057 0.839919 2.20585 4.17112e-16 2.19241e-15 3.0175e-23
 1.6172e-22

 96.8 0.384423 -0.121057 0.839919 2.20585 3.96409e-16 2.1655e-15 2.38622e-23
 1.30608e-22

 96.9 0.384423 -0.121057 0.839919 2.20585 3.95442e-16 2.17768e-15 2.41697e-23
 1.31812e-22

 97 0.384423 -0.121057 0.839919 2.20585 4.18045e-16 2.19359e-15 2.96226e-23
 1.58601e-22

 97.1 0.384423 -0.121057 0.839919 2.20585 3.99305e-16 2.16676e-15 2.42859e-23
 1.31819e-22

 97.2 0.384423 -0.121057 0.839919 2.20585 3.98294e-16 2.17557e-15 2.40368e-23
 1.30891e-22

 97.3 0.384423 -0.121057 0.839919 2.20585 3.97908e-16 2.19241e-15 3.00114e-23
 1.60898e-22

 97.4 0.384423 -0.121057 0.839919 2.20585 3.9848e-16 2.16558e-15 2.38945e-23
 1.30565e-22

 97.5 0.384423 -0.121057 0.839919 2.20585 3.97246e-16 2.17768e-15 2.40392e-23
 1.30728e-22

 97.6 0.384423 -0.121057 0.839919 2.20585 4.02565e-16 2.19397e-15 3.10464e-23
 1.66475e-22

 97.7 0.384423 -0.121057 0.839919 2.20585 3.96648e-16 2.16643e-15 2.2985e-23
 1.25633e-22

 97.8 0.384423 -0.121057 0.839919 2.20585 3.98777e-16 2.17561e-15 2.42178e-23
 1.3189e-22

 97.9 0.384423 -0.121057 0.839919 2.20585 3.98643e-16 2.19239e-15 3.03896e-23
 1.62688e-22

 98 0.384423 -0.121057 0.839919 2.20585 3.97605e-16 2.1655e-15 2.37858e-23
 1.30157e-22

 98.1 0.384423 -0.121057 0.839919 2.20585 3.96998e-16 2.17768e-15 2.39515e-23
 1.30684e-22

 98.2 0.384423 -0.121057 0.839919 2.20585 4.01156e-16 2.1936e-15 3.00986e-23
 1.60144e-22

 98.3 0.384423 -0.121057 0.839919 2.20585 3.98831e-16 2.16672e-15 2.40467e-23
 1.30952e-22

 98.4 0.384423 -0.121057 0.839919 2.20585 3.99013e-16 2.17556e-15 2.42308e-23
 1.31738e-22

 98.5 0.384423 -0.121057 0.839919 2.20585 3.98553e-16 2.1924e-15 2.99002e-23
 1.60196e-22

 98.6 0.384423 -0.121057 0.839919 2.20585 3.99869e-16 2.16552e-15 2.40212e-23
 1.3062e-22

 98.7 0.384423 -0.121057 0.839919 2.20585 3.96113e-16 2.17767e-15 2.41831e-23
 1.31366e-22

 98.8 0.384423 -0.121057 0.839919 2.20585 3.98402e-16 2.19392e-15 3.05398e-23
 1.63886e-22

 98.9 0.384423 -0.121057 0.839919 2.20585 3.95377e-16 2.16639e-15 2.28744e-23
 1.24924e-22

 99 0.384423 -0.121057 0.839919 2.20585 3.97397e-16 2.1756e-15 2.41315e-23
 1.31496e-22

 99.1 0.384423 -0.121057 0.839919 2.20585 3.96849e-16 2.19238e-15 3.01676e-23
 1.61645e-22

 99.2 0.384423 -0.121057 0.839919 2.20585 3.96788e-16 2.16554e-15 2.40715e-23
 1.31756e-22

 99.3 0.384423 -0.121057 0.839919 2.20585 3.96129e-16 2.17765e-15 2.39671e-23
 1.30645e-22

 99.4 0.384423 -0.121057 0.839919 2.20585 4.01649e-16 2.19364e-15 3.00099e-23
 1.60647e-22

 99.5 0.384423 -0.121057 0.839919 2.20585 4.15038e-16 2.16642e-15 2.28815e-23
 1.25038e-22

 99.6 0.384423 -0.121057 0.839919 2.20585 3.96972e-16 2.17562e-15 2.44055e-23
 1.32936e-22

 99.7 0.384423 -0.121057 0.839919 2.20585 3.96663e-16 2.1924e-15 3.01497e-23
 1.61503e-22

 99.8 0.384423 -0.121057 0.839919 2.20585 3.97053e-16 2.16551e-15 2.40294e-23
 1.31461e-22

 99.9 0.384423 -0.121057 0.839919 2.20585 3.94362e-16 2.17767e-15 2.42222e-23
 1.31987e-22

 100 0.384423 -0.121057 0.839919 2.20585 3.97818e-16 2.19357e-15 2.95141e-23
 1.58137e-22

