idim4d 4 i
 5 36 2 1
abcd 44 d
 -5 0 1 10 15 0 0.01517 0.0379 0.072 0.1232
 0.2 0.3 0.4 0.5 0.6 0.7 0.8 0.8768 0.928 0.9621
 0.98483 1 1.01517 1.0379 1.072 1.1232 1.2 1.3352 1.5 1.7
 1.9 2.1 2.3 2.5 2.6648 2.8 2.8768 2.928 2.9621 2.98483
 3 0 1 0
U1 360 d
 0 0 0 0 0 0 0 0 0.666 0.666
 0 0 0 0.666 0.666 0 0 0 0.666 0.666
 0 0 0 0.666 0.666 0 0 0 0.666 0.666
 0 0 0 0.666 0.666 0 0 0 0.666 0.666
 0 0 0 0.666 0.666 0 0 0 0.666 0.666
 0 0 0 0.666 0.666 0 0 0 0.666 0.666
 0 0 0 0.666 0.666 0 0 0 0.666 0.666
 0 0 0 0.666 0.666 0 0 0 0.666 0.666
 0 0 0 0.666 0.666 0.276722 0.276722 0.276722 0.666 0.666
 0.580015 0.580015 0.580015 0.666 0.666 0.763475 0.763475 0.763475 0.666 0.666
 0.846072 0.846072 0.846072 0.666 0.666 0.917403 0.917403 0.917403 0.666 0.666
 0.994452 0.994452 0.994452 0.666 0.666 1.05844 1.05844 1.05844 0.666 0.666
 1.10723 1.10723 1.10723 0.666 0.666 1.13778 1.13778 1.13778 0.666 0.666
 1.13778 1.13778 1.13778 0.666 0.666 1.10723 1.10723 1.10723 0.666 0.666
 1.05844 1.05844 1.05844 0.666 0.666 0.994452 0.994452 0.994452 0.666 0.666
 0.917403 0.917403 0.917403 0.666 0.666 0.846072 0.846072 0.846072 0.666 0.666
 0.763475 0.763475 0.763475 0.666 0.666 0.580015 0.580015 0.580015 0.666 0.666
 0.276724 0.276724 0.276724 0.666 0.666 0 0 0 0 0
 0 0 0 0 0 0 0 0 0.666 0.666
 0 0 0 0.666 0.666 0 0 0 0.666 0.666
 0 0 0 0.666 0.666 0 0 0 0.666 0.666
 0 0 0 0.666 0.666 0 0 0 0.666 0.666
 0 0 0 0.666 0.666 0 0 0 0.666 0.666
 0 0 0 0.666 0.666 0 0 0 0.666 0.666
 0 0 0 0.666 0.666 0 0 0 0.666 0.666
 0 0 0 0.666 0.666 0 0 0 0.666 0.666
 0 0 0 0.666 0.666 0.276722 0.276722 0.276722 0.666 0.666
 0.580015 0.580015 0.580015 0.666 0.666 0.763475 0.763475 0.763475 0.666 0.666
 0.846072 0.846072 0.846072 0.666 0.666 0.917403 0.917403 0.917403 0.666 0.666
 0.994452 0.994452 0.994452 0.666 0.666 1.05844 1.05844 1.05844 0.666 0.666
 1.10723 1.10723 1.10723 0.666 0.666 1.13778 1.13778 1.13778 0.666 0.666
 1.13778 1.13778 1.13778 0.666 0.666 1.10723 1.10723 1.10723 0.666 0.666
 1.05844 1.05844 1.05844 0.666 0.666 0.994452 0.994452 0.994452 0.666 0.666
 0.917403 0.917403 0.917403 0.666 0.666 0.846072 0.846072 0.846072 0.666 0.666
 0.763475 0.763475 0.763475 0.666 0.666 0.580015 0.580015 0.580015 0.666 0.666
 0.276724 0.276724 0.276724 0.666 0.666 0 0 0 0 0
pg 360 d
 0 0 0 0 0 0 0 0 0 0
 0 0 0 0 0 0 0 0 0 0
 0 0 0 0 0 0 0 0 0 0
 0 0 0 0 0 0 0 0 0 0
 0 0 0 0 0 0 0 0 0 0
 0 0 0 0 0 0 0 0 0 0
 0 0 0 0 0 0 0 0 0 0
 0 0 0 0 0 0 0 0 0 0
 0 0 0 0 0 -0.000120103 -0.000120103 -0.000120103 -0.000120103 -0.000120103
 -0.000783327 -0.000783327 -0.000783327 -0.000783327 -0.000783327 -0.0020254 -0.0020254 -0.0020254 -0.0020254 -0.0020254
 -0.00313103 -0.00313103 -0.00313103 -0.00313103 -0.00313103 -0.00350776 -0.00350776 -0.00350776 -0.00350776 -0.00350776
 -0.0030769 -0.0030769 -0.0030769 -0.0030769 -0.0030769 -0.00237548 -0.00237548 -0.00237548 -0.00237548 -0.00237548
 -0.00169812 -0.00169812 -0.00169812 -0.00169812 -0.00169812 -0.00131349 -0.00131349 -0.00131349 -0.00131349 -0.00131349
 -0.00131349 -0.00131349 -0.00131349 -0.00131349 -0.00131349 -0.00169812 -0.00169812 -0.00169812 -0.00169812 -0.00169812
 -0.00237548 -0.00237548 -0.00237548 -0.00237548 -0.00237548 -0.0030769 -0.0030769 -0.0030769 -0.0030769 -0.0030769
 -0.00350776 -0.00350776 -0.00350776 -0.00350776 -0.00350776 -0.00313103 -0.00313103 -0.00313103 -0.00313103 -0.00313103
 -0.0020254 -0.0020254 -0.0020254 -0.0020254 -0.0020254 -0.000783327 -0.000783327 -0.000783327 -0.000783327 -0.000783327
 -0.000120106 -0.000120106 -0.000120106 -0.000120106 -0.000120106 -7.14789e-15 -7.14789e-15 -7.14789e-15 -7.14789e-15 -7.14789e-15
 0 0 0 0 0 0 0 0 0 0
 0 0 0 0 0 0 0 0 0 0
 0 0 0 0 0 0 0 0 0 0
 0 0 0 0 0 0 0 0 0 0
 0 0 0 0 0 0 0 0 0 0
 0 0 0 0 0 0 0 0 0 0
 0 0 0 0 0 0 0 0 0 0
 0 0 0 0 0 0 0 0 0 0
 0 0 0 0 0 -0.000120103 -0.000120103 -0.000120103 -0.000120103 -0.000120103
 -0.000783327 -0.000783327 -0.000783327 -0.000783327 -0.000783327 -0.0020254 -0.0020254 -0.0020254 -0.0020254 -0.0020254
 -0.00313103 -0.00313103 -0.00313103 -0.00313103 -0.00313103 -0.00350776 -0.00350776 -0.00350776 -0.00350776 -0.00350776
 -0.0030769 -0.0030769 -0.0030769 -0.0030769 -0.0030769 -0.00237548 -0.00237548 -0.00237548 -0.00237548 -0.00237548
 -0.00169812 -0.00169812 -0.00169812 -0.00169812 -0.00169812 -0.00131349 -0.00131349 -0.00131349 -0.00131349 -0.00131349
 -0.00131349 -0.00131349 -0.00131349 -0.00131349 -0.00131349 -0.00169812 -0.00169812 -0.00169812 -0.00169812 -0.00169812
 -0.00237548 -0.00237548 -0.00237548 -0.00237548 -0.00237548 -0.0030769 -0.0030769 -0.0030769 -0.0030769 -0.0030769
 -0.00350776 -0.00350776 -0.00350776 -0.00350776 -0.00350776 -0.00313103 -0.00313103 -0.00313103 -0.00313103 -0.00313103
 -0.0020254 -0.0020254 -0.0020254 -0.0020254 -0.0020254 -0.000783327 -0.000783327 -0.000783327 -0.000783327 -0.000783327
 -0.000120106 -0.000120106 -0.000120106 -0.000120106 -0.000120106 -7.14789e-15 -7.14789e-15 -7.14789e-15 -7.14789e-15 -7.14789e-15
qturb 360 d
 0 0 0 0 0 0 0 1e-07 1e-07 1e-07
 0 0 1e-07 1e-07 1e-07 0 0 1e-07 1e-07 1e-07
 0 0 1e-07 1e-07 1e-07 0 0 1e-07 1e-07 1e-07
 0 0 1e-07 1e-07 1e-07 0 0 1e-07 1e-07 1e-07
 0 0 1e-07 1e-07 1e-07 0 0 1e-07 1e-07 1e-07
 0 0 1e-07 1e-07 1e-07 0 0 1e-07 1e-07 1e-07
 0 0 1e-07 1e-07 1e-07 0 0 1e-07 1e-07 1e-07
 0 0 1e-07 1e-07 1e-07 0 0 1e-07 1e-07 1e-07
 0 0 1e-07 1e-07 1e-07 0.07189 0.07189 0.07189 0.07189 0.07189
 0.117583 0.117583 0.117583 0.117583 0.117583 0.122997 0.122997 0.122997 0.122997 0.122997
 0.113403 0.113403 0.113403 0.113403 0.113403 0.103141 0.103141 0.103141 0.103141 0.103141
 0.0908324 0.0908324 0.0908324 0.0908324 0.0908324 0.0779766 0.0779766 0.0779766 0.0779766 0.0779766
 0.0627557 0.0627557 0.0627557 0.0627557 0.0627557 0.0517432 0.0517432 0.0517432 0.0517432 0.0517432
 0.0517432 0.0517432 0.0517432 0.0517432 0.0517432 0.0627557 0.0627557 0.0627557 0.0627557 0.0627557
 0.0779766 0.0779766 0.0779766 0.0779766 0.0779766 0.0908324 0.0908324 0.0908324 0.0908324 0.0908324
 0.103141 0.103141 0.103141 0.103141 0.103141 0.113403 0.113403 0.113403 0.113403 0.113403
 0.122997 0.122997 0.122997 0.122997 0.122997 0.117583 0.117583 0.117583 0.117583 0.117583
 0.0718904 0.0718904 0.0718904 0.0718904 0.0718904 0 0 0 0 0
 0 0 0 0 0 0 0 1e-07 1e-07 1e-07
 0 0 1e-07 1e-07 1e-07 0 0 1e-07 1e-07 1e-07
 0 0 1e-07 1e-07 1e-07 0 0 1e-07 1e-07 1e-07
 0 0 1e-07 1e-07 1e-07 0 0 1e-07 1e-07 1e-07
 0 0 1e-07 1e-07 1e-07 0 0 1e-07 1e-07 1e-07
 0 0 1e-07 1e-07 1e-07 0 0 1e-07 1e-07 1e-07
 0 0 1e-07 1e-07 1e-07 0 0 1e-07 1e-07 1e-07
 0 0 1e-07 1e-07 1e-07 0 0 1e-07 1e-07 1e-07
 0 0 1e-07 1e-07 1e-07 0.07189 0.07189 0.07189 0.07189 0.07189
 0.117583 0.117583 0.117583 0.117583 0.117583 0.122997 0.122997 0.122997 0.122997 0.122997
 0.113403 0.113403 0.113403 0.113403 0.113403 0.103141 0.103141 0.103141 0.103141 0.103141
 0.0908324 0.0908324 0.0908324 0.0908324 0.0908324 0.0779766 0.0779766 0.0779766 0.0779766 0.0779766
 0.0627557 0.0627557 0.0627557 0.0627557 0.0627557 0.0517432 0.0517432 0.0517432 0.0517432 0.0517432
 0.0517432 0.0517432 0.0517432 0.0517432 0.0517432 0.0627557 0.0627557 0.0627557 0.0627557 0.0627557
 0.0779766 0.0779766 0.0779766 0.0779766 0.0779766 0.0908324 0.0908324 0.0908324 0.0908324 0.0908324
 0.103141 0.103141 0.103141 0.103141 0.103141 0.113403 0.113403 0.113403 0.113403 0.113403
 0.122997 0.122997 0.122997 0.122997 0.122997 0.117583 0.117583 0.117583 0.117583 0.117583
 0.0718904 0.0718904 0.0718904 0.0718904 0.0718904 0 0 0 0 0
omturb 360 d
 0.503067 0.503067 0.503067 0.503067 0.503067 0.503067 0.503067 0.503067 0.503067 0.503067
 0.503067 0.503067 0.503067 0.503067 0.503067 0.503067 0.503067 0.503067 0.503067 0.503067
 0.503067 0.503067 0.503067 0.503067 0.503067 0.503067 0.503067 0.503067 0.503067 0.503067
 0.503067 0.503067 0.503067 0.503067 0.503067 0.503067 0.503067 0.503067 0.503067 0.503067
 0.503067 0.503067 0.503067 0.503067 0.503067 0.503067 0.503067 0.503067 0.503067 0.503067
 0.503067 0.503067 0.503067 0.503067 0.503067 0.503067 0.503067 0.503067 0.503067 0.503067
 0.503067 0.503067 0.503067 0.503067 0.503067 0.503067 0.503067 0.503067 0.503067 0.503067
 0.503067 0.503067 0.503067 0.503067 0.503067 0.503067 0.503067 0.503067 0.503067 0.503067
 0.503067 0.503067 0.503067 0.503067 0.503067 0.54295 0.54295 0.54295 0.54295 0.54295
 0.535762 0.535762 0.535762 0.535762 0.535762 0.420445 0.420445 0.420445 0.420445 0.420445
 0.304643 0.304643 0.304643 0.304643 0.304643 0.214402 0.214402 0.214402 0.214402 0.214402
 0.140266 0.140266 0.140266 0.140266 0.140266 0.0942974 0.0942974 0.0942974 0.0942974 0.0942974
 0.063954 0.063954 0.063954 0.063954 0.063954 0.0485647 0.0485647 0.0485647 0.0485647 0.0485647
 0.0485647 0.0485647 0.0485647 0.0485647 0.0485647 0.063954 0.063954 0.063954 0.063954 0.063954
 0.0942974 0.0942974 0.0942974 0.0942974 0.0942974 0.140266 0.140266 0.140266 0.140266 0.140266
 0.214402 0.214402 0.214402 0.214402 0.214402 0.304643 0.304643 0.304643 0.304643 0.304643
 0.420445 0.420445 0.420445 0.420445 0.420445 0.535762 0.535762 0.535762 0.535762 0.535762
 0.54295 0.54295 0.54295 0.54295 0.54295 0.503067 0.503067 0.503067 0.503067 0.503067
 0.503067 0.503067 0.503067 0.503067 0.503067 0.503067 0.503067 0.503067 0.503067 0.503067
 0.503067 0.503067 0.503067 0.503067 0.503067 0.503067 0.503067 0.503067 0.503067 0.503067
 0.503067 0.503067 0.503067 0.503067 0.503067 0.503067 0.503067 0.503067 0.503067 0.503067
 0.503067 0.503067 0.503067 0.503067 0.503067 0.503067 0.503067 0.503067 0.503067 0.503067
 0.503067 0.503067 0.503067 0.503067 0.503067 0.503067 0.503067 0.503067 0.503067 0.503067
 0.503067 0.503067 0.503067 0.503067 0.503067 0.503067 0.503067 0.503067 0.503067 0.503067
 0.503067 0.503067 0.503067 0.503067 0.503067 0.503067 0.503067 0.503067 0.503067 0.503067
 0.503067 0.503067 0.503067 0.503067 0.503067 0.503067 0.503067 0.503067 0.503067 0.503067
 0.503067 0.503067 0.503067 0.503067 0.503067 0.54295 0.54295 0.54295 0.54295 0.54295
 0.535762 0.535762 0.535762 0.535762 0.535762 0.420445 0.420445 0.420445 0.420445 0.420445
 0.304643 0.304643 0.304643 0.304643 0.304643 0.214402 0.214402 0.214402 0.214402 0.214402
 0.140266 0.140266 0.140266 0.140266 0.140266 0.0942974 0.0942974 0.0942974 0.0942974 0.0942974
 0.063954 0.063954 0.063954 0.063954 0.063954 0.0485647 0.0485647 0.0485647 0.0485647 0.0485647
 0.0485647 0.0485647 0.0485647 0.0485647 0.0485647 0.063954 0.063954 0.063954 0.063954 0.063954
 0.0942974 0.0942974 0.0942974 0.0942974 0.0942974 0.140266 0.140266 0.140266 0.140266 0.140266
 0.214402 0.214402 0.214402 0.214402 0.214402 0.304643 0.304643 0.304643 0.304643 0.304643
 0.420445 0.420445 0.420445 0.420445 0.420445 0.535762 0.535762 0.535762 0.535762 0.535762
 0.54295 0.54295 0.54295 0.54295 0.54295 0.503067 0.503067 0.503067 0.503067 0.503067
bij 2160 d
 0.563543 0.563543 0.563543 0.563543 0.563543 0.563543 0.563543 0.563543 0.563543 0.563543
 0.563543 0.563543 0.563543 0.563543 0.563543 0.563543 0.563543 0.563543 0.563543 0.563543
 0.563543 0.563543 0.563543 0.563543 0.563543 0.563543 0.563543 0.563543 0.563543 0.563543
 0.563543 0.563543 0.563543 0.563543 0.563543 0.563543 0.563543 0.563543 0.563543 0.563543
 0.563543 0.563543 0.563543 0.563543 0.563543 0.563543 0.563543 0.563543 0.563543 0.563543
 0.563543 0.563543 0.563543 0.563543 0.563543 0.563543 0.563543 0.563543 0.563543 0.563543
 0.563543 0.563543 0.563543 0.563543 0.563543 0.563543 0.563543 0.563543 0.563543 0.563543
 0.563543 0.563543 0.563543 0.563543 0.563543 0.563543 0.563543 0.563543 0.563543 0.563543
 0.563543 0.563543 0.563543 0.563543 0.563543 0.556595 0.556595 0.556595 0.556595 0.556595
 0.516446 0.516446 0.516446 0.516446 0.516446 0.42 0.42 0.42 0.42 0.42
 0.305233 0.305233 0.305233 0.305233 0.305233 0.234809 0.234809 0.234809 0.234809 0.234809
 0.206404 0.206404 0.206404 0.206404 0.206404 0.194472 0.194472 0.194472 0.194472 0.194472
 0.168148 0.168148 0.168148 0.168148 0.168148 0.129348 0.129348 0.129348 0.129348 0.129348
 0.129348 0.129348 0.129348 0.129348 0.129348 0.168148 0.168148 0.168148 0.168148 0.168148
 0.194472 0.194472 0.194472 0.194472 0.194472 0.206405 0.206405 0.206405 0.206405 0.206405
 0.234809 0.234809 0.234809 0.234809 0.234809 0.305233 0.305233 0.305233 0.305233 0.305233
 0.42 0.42 0.42 0.42 0.42 0.516446 0.516446 0.516446 0.516446 0.516446
 0.556595 0.556595 0.556595 0.556595 0.556595 0.563543 0.563543 0.563543 0.563543 0.563543
 0.563543 0.563543 0.563543 0.563543 0.563543 0.563543 0.563543 0.563543 0.563543 0.563543
 0.563543 0.563543 0.563543 0.563543 0.563543 0.563543 0.563543 0.563543 0.563543 0.563543
 0.563543 0.563543 0.563543 0.563543 0.563543 0.563543 0.563543 0.563543 0.563543 0.563543
 0.563543 0.563543 0.563543 0.563543 0.563543 0.563543 0.563543 0.563543 0.563543 0.563543
 0.563543 0.563543 0.563543 0.563543 0.563543 0.563543 0.563543 0.563543 0.563543 0.563543
 0.563543 0.563543 0.563543 0.563543 0.563543 0.563543 0.563543 0.563543 0.563543 0.563543
 0.563543 0.563543 0.563543 0.563543 0.563543 0.563543 0.563543 0.563543 0.563543 0.563543
 0.563543 0.563543 0.563543 0.563543 0.563543 0.563543 0.563543 0.563543 0.563543 0.563543
 0.563543 0.563543 0.563543 0.563543 0.563543 0.556595 0.556595 0.556595 0.556595 0.556595
 0.516446 0.516446 0.516446 0.516446 0.516446 0.42 0.42 0.42 0.42 0.42
 0.305233 0.305233 0.305233 0.305233 0.305233 0.234809 0.234809 0.234809 0.234809 0.234809
 0.206404 0.206404 0.206404 0.206404 0.206404 0.194472 0.194472 0.194472 0.194472 0.194472
 0.168148 0.168148 0.168148 0.168148 0.168148 0.129348 0.129348 0.129348 0.129348 0.129348
 0.129348 0.129348 0.129348 0.129348 0.129348 0.168148 0.168148 0.168148 0.168148 0.168148
 0.194472 0.194472 0.194472 0.194472 0.194472 0.206405 0.206405 0.206405 0.206405 0.206405
 0.234809 0.234809 0.234809 0.234809 0.234809 0.305233 0.305233 0.305233 0.305233 0.305233
 0.42 0.42 0.42 0.42 0.42 0.516446 0.516446 0.516446 0.516446 0.516446
 0.556595 0.556595 0.556595 0.556595 0.556595 0.563543 0.563543 0.563543 0.563543 0.563543
 -0.33333 -0.33333 -0.33333 -0.33333 -0.33333 -0.33333 -0.33333 -0.33333 -0.33333 -0.33333
 -0.33333 -0.33333 -0.33333 -0.33333 -0.33333 -0.33333 -0.33333 -0.33333 -0.33333 -0.33333
 -0.33333 -0.33333 -0.33333 -0.33333 -0.33333 -0.33333 -0.33333 -0.33333 -0.33333 -0.33333
 -0.33333 -0.33333 -0.33333 -0.33333 -0.33333 -0.33333 -0.33333 -0.33333 -0.33333 -0.33333
 -0.33333 -0.33333 -0.33333 -0.33333 -0.33333 -0.33333 -0.33333 -0.33333 -0.33333 -0.33333
 -0.33333 -0.33333 -0.33333 -0.33333 -0.33333 -0.33333 -0.33333 -0.33333 -0.33333 -0.33333
 -0.33333 -0.33333 -0.33333 -0.33333 -0.33333 -0.33333 -0.33333 -0.33333 -0.33333 -0.33333
 -0.33333 -0.33333 -0.33333 -0.33333 -0.33333 -0.33333 -0.33333 -0.33333 -0.33333 -0.33333
 -0.33333 -0.33333 -0.33333 -0.33333 -0.33333 -0.322213 -0.322213 -0.322213 -0.322213 -0.322213
 -0.305748 -0.305748 -0.305748 -0.305748 -0.305748 -0.264492 -0.264492 -0.264492 -0.264492 -0.264492
 -0.204271 -0.204271 -0.204271 -0.204271 -0.204271 -0.16393 -0.16393 -0.16393 -0.16393 -0.16393
 -0.146751 -0.146751 -0.146751 -0.146751 -0.146751 -0.138802 -0.138802 -0.138802 -0.138802 -0.138802
 -0.120163 -0.120163 -0.120163 -0.120163 -0.120163 -0.0927449 -0.0927449 -0.0927449 -0.0927449 -0.0927449
 -0.0927448 -0.0927448 -0.0927448 -0.0927448 -0.0927448 -0.120163 -0.120163 -0.120163 -0.120163 -0.120163
 -0.138802 -0.138802 -0.138802 -0.138802 -0.138802 -0.146751 -0.146751 -0.146751 -0.146751 -0.146751
 -0.16393 -0.16393 -0.16393 -0.16393 -0.16393 -0.204271 -0.204271 -0.204271 -0.204271 -0.204271
 -0.264492 -0.264492 -0.264492 -0.264492 -0.264492 -0.305748 -0.305748 -0.305748 -0.305748 -0.305748
 -0.322213 -0.322213 -0.322213 -0.322213 -0.322213 -0.33333 -0.33333 -0.33333 -0.33333 -0.33333
 -0.33333 -0.33333 -0.33333 -0.33333 -0.33333 -0.33333 -0.33333 -0.33333 -0.33333 -0.33333
 -0.33333 -0.33333 -0.33333 -0.33333 -0.33333 -0.33333 -0.33333 -0.33333 -0.33333 -0.33333
 -0.33333 -0.33333 -0.33333 -0.33333 -0.33333 -0.33333 -0.33333 -0.33333 -0.33333 -0.33333
 -0.33333 -0.33333 -0.33333 -0.33333 -0.33333 -0.33333 -0.33333 -0.33333 -0.33333 -0.33333
 -0.33333 -0.33333 -0.33333 -0.33333 -0.33333 -0.33333 -0.33333 -0.33333 -0.33333 -0.33333
 -0.33333 -0.33333 -0.33333 -0.33333 -0.33333 -0.33333 -0.33333 -0.33333 -0.33333 -0.33333
 -0.33333 -0.33333 -0.33333 -0.33333 -0.33333 -0.33333 -0.33333 -0.33333 -0.33333 -0.33333
 -0.33333 -0.33333 -0.33333 -0.33333 -0.33333 -0.33333 -0.33333 -0.33333 -0.33333 -0.33333
 -0.33333 -0.33333 -0.33333 -0.33333 -0.33333 -0.322213 -0.322213 -0.322213 -0.322213 -0.322213
 -0.305748 -0.305748 -0.305748 -0.305748 -0.305748 -0.264492 -0.264492 -0.264492 -0.264492 -0.264492
 -0.204271 -0.204271 -0.204271 -0.204271 -0.204271 -0.16393 -0.16393 -0.16393 -0.16393 -0.16393
 -0.146751 -0.146751 -0.146751 -0.146751 -0.146751 -0.138802 -0.138802 -0.138802 -0.138802 -0.138802
 -0.120163 -0.120163 -0.120163 -0.120163 -0.120163 -0.0927449 -0.0927449 -0.0927449 -0.0927449 -0.0927449
 -0.0927448 -0.0927448 -0.0927448 -0.0927448 -0.0927448 -0.120163 -0.120163 -0.120163 -0.120163 -0.120163
 -0.138802 -0.138802 -0.138802 -0.138802 -0.138802 -0.146751 -0.146751 -0.146751 -0.146751 -0.146751
 -0.16393 -0.16393 -0.16393 -0.16393 -0.16393 -0.204271 -0.204271 -0.204271 -0.204271 -0.204271
 -0.264492 -0.264492 -0.264492 -0.264492 -0.264492 -0.305748 -0.305748 -0.305748 -0.305748 -0.305748
 -0.322213 -0.322213 -0.322213 -0.322213 -0.322213 -0.33333 -0.33333 -0.33333 -0.33333 -0.33333
 -0.230213 -0.230213 -0.230213 -0.230213 -0.230213 -0.230213 -0.230213 -0.230213 -0.230213 -0.230213
 -0.230213 -0.230213 -0.230213 -0.230213 -0.230213 -0.230213 -0.230213 -0.230213 -0.230213 -0.230213
 -0.230213 -0.230213 -0.230213 -0.230213 -0.230213 -0.230213 -0.230213 -0.230213 -0.230213 -0.230213
 -0.230213 -0.230213 -0.230213 -0.230213 -0.230213 -0.230213 -0.230213 -0.230213 -0.230213 -0.230213
 -0.230213 -0.230213 -0.230213 -0.230213 -0.230213 -0.230213 -0.230213 -0.230213 -0.230213 -0.230213
 -0.230213 -0.230213 -0.230213 -0.230213 -0.230213 -0.230213 -0.230213 -0.230213 -0.230213 -0.230213
 -0.230213 -0.230213 -0.230213 -0.230213 -0.230213 -0.230213 -0.230213 -0.230213 -0.230213 -0.230213
 -0.230213 -0.230213 -0.230213 -0.230213 -0.230213 -0.230213 -0.230213 -0.230213 -0.230213 -0.230213
 -0.230213 -0.230213 -0.230213 -0.230213 -0.230213 -0.234381 -0.234381 -0.234381 -0.234381 -0.234381
 -0.210699 -0.210699 -0.210699 -0.210699 -0.210699 -0.155508 -0.155508 -0.155508 -0.155508 -0.155508
 -0.100962 -0.100962 -0.100962 -0.100962 -0.100962 -0.0708796 -0.0708796 -0.0708796 -0.0708796 -0.0708796
 -0.0596528 -0.0596528 -0.0596528 -0.0596528 -0.0596528 -0.0556698 -0.0556698 -0.0556698 -0.0556698 -0.0556698
 -0.0479848 -0.0479848 -0.0479848 -0.0479848 -0.0479848 -0.0366029 -0.0366029 -0.0366029 -0.0366029 -0.0366029
 -0.0366029 -0.0366029 -0.0366029 -0.0366029 -0.0366029 -0.0479847 -0.0479847 -0.0479847 -0.0479847 -0.0479847
 -0.0556698 -0.0556698 -0.0556698 -0.0556698 -0.0556698 -0.0596528 -0.0596528 -0.0596528 -0.0596528 -0.0596528
 -0.0708796 -0.0708796 -0.0708796 -0.0708796 -0.0708796 -0.100962 -0.100962 -0.100962 -0.100962 -0.100962
 -0.155508 -0.155508 -0.155508 -0.155508 -0.155508 -0.210699 -0.210699 -0.210699 -0.210699 -0.210699
 -0.234381 -0.234381 -0.234381 -0.234381 -0.234381 -0.230213 -0.230213 -0.230213 -0.230213 -0.230213
 -0.230213 -0.230213 -0.230213 -0.230213 -0.230213 -0.230213 -0.230213 -0.230213 -0.230213 -0.230213
 -0.230213 -0.230213 -0.230213 -0.230213 -0.230213 -0.230213 -0.230213 -0.230213 -0.230213 -0.230213
 -0.230213 -0.230213 -0.230213 -0.230213 -0.230213 -0.230213 -0.230213 -0.230213 -0.230213 -0.230213
 -0.230213 -0.230213 -0.230213 -0.230213 -0.230213 -0.230213 -0.230213 -0.230213 -0.230213 -0.230213
 -0.230213 -0.230213 -0.230213 -0.230213 -0.230213 -0.230213 -0.230213 -0.230213 -0.230213 -0.230213
 -0.230213 -0.230213 -0.230213 -0.230213 -0.230213 -0.230213 -0.230213 -0.230213 -0.230213 -0.230213
 -0.230213 -0.230213 -0.230213 -0.230213 -0.230213 -0.230213 -0.230213 -0.230213 -0.230213 -0.230213
 -0.230213 -0.230213 -0.230213 -0.230213 -0.230213 -0.230213 -0.230213 -0.230213 -0.230213 -0.230213
 -0.230213 -0.230213 -0.230213 -0.230213 -0.230213 -0.234381 -0.234381 -0.234381 -0.234381 -0.234381
 -0.210699 -0.210699 -0.210699 -0.210699 -0.210699 -0.155508 -0.155508 -0.155508 -0.155508 -0.155508
 -0.100962 -0.100962 -0.100962 -0.100962 -0.100962 -0.0708796 -0.0708796 -0.0708796 -0.0708796 -0.0708796
 -0.0596528 -0.0596528 -0.0596528 -0.0596528 -0.0596528 -0.0556698 -0.0556698 -0.0556698 -0.0556698 -0.0556698
 -0.0479848 -0.0479848 -0.0479848 -0.0479848 -0.0479848 -0.0366029 -0.0366029 -0.0366029 -0.0366029 -0.0366029
 -0.0366029 -0.0366029 -0.0366029 -0.0366029 -0.0366029 -0.0479847 -0.0479847 -0.0479847 -0.0479847 -0.0479847
 -0.0556698 -0.0556698 -0.0556698 -0.0556698 -0.0556698 -0.0596528 -0.0596528 -0.0596528 -0.0596528 -0.0596528
 -0.0708796 -0.0708796 -0.0708796 -0.0708796 -0.0708796 -0.100962 -0.100962 -0.100962 -0.100962 -0.100962
 -0.155508 -0.155508 -0.155508 -0.155508 -0.155508 -0.210699 -0.210699 -0.210699 -0.210699 -0.210699
 -0.234381 -0.234381 -0.234381 -0.234381 -0.234381 -0.230213 -0.230213 -0.230213 -0.230213 -0.230213
 -1.59317e-15 -1.59317e-15 -1.59317e-15 -1.59317e-15 -1.59317e-15 -1.59317e-15 -1.59317e-15 -1.59317e-15 -1.59317e-15 -1.59317e-15
 -1.59317e-15 -1.59317e-15 -1.59317e-15 -1.59317e-15 -1.59317e-15 -1.59317e-15 -1.59317e-15 -1.59317e-15 -1.59317e-15 -1.59317e-15
 -1.59317e-15 -1.59317e-15 -1.59317e-15 -1.59317e-15 -1.59317e-15 -1.59317e-15 -1.59317e-15 -1.59317e-15 -1.59317e-15 -1.59317e-15
 -1.59317e-15 -1.59317e-15 -1.59317e-15 -1.59317e-15 -1.59317e-15 -1.59317e-15 -1.59317e-15 -1.59317e-15 -1.59317e-15 -1.59317e-15
 -1.59317e-15 -1.59317e-15 -1.59317e-15 -1.59317e-15 -1.59317e-15 -1.59317e-15 -1.59317e-15 -1.59317e-15 -1.59317e-15 -1.59317e-15
 -1.59317e-15 -1.59317e-15 -1.59317e-15 -1.59317e-15 -1.59317e-15 -1.59317e-15 -1.59317e-15 -1.59317e-15 -1.59317e-15 -1.59317e-15
 -1.59317e-15 -1.59317e-15 -1.59317e-15 -1.59317e-15 -1.59317e-15 -1.59317e-15 -1.59317e-15 -1.59317e-15 -1.59317e-15 -1.59317e-15
 -1.59317e-15 -1.59317e-15 -1.59317e-15 -1.59317e-15 -1.59317e-15 -1.59317e-15 -1.59317e-15 -1.59317e-15 -1.59317e-15 -1.59317e-15
 -1.59317e-15 -1.59317e-15 -1.59317e-15 -1.59317e-15 -1.59317e-15 -0.0177636 -0.0177636 -0.0177636 -0.0177636 -0.0177636
 -0.0630939 -0.0630939 -0.0630939 -0.0630939 -0.0630939 -0.102236 -0.102236 -0.102236 -0.102236 -0.102236
 -0.123048 -0.123048 -0.123048 -0.123048 -0.123048 -0.139152 -0.139152 -0.139152 -0.139152 -0.139152
 -0.150882 -0.150882 -0.150882 -0.150882 -0.150882 -0.15502 -0.15502 -0.15502 -0.15502 -0.15502
 -0.144767 -0.144767 -0.144767 -0.144767 -0.144767 -0.070017 -0.070017 -0.070017 -0.070017 -0.070017
 0.0700168 0.0700168 0.0700168 0.0700168 0.0700168 0.144767 0.144767 0.144767 0.144767 0.144767
 0.15502 0.15502 0.15502 0.15502 0.15502 0.150882 0.150882 0.150882 0.150882 0.150882
 0.139152 0.139152 0.139152 0.139152 0.139152 0.123048 0.123048 0.123048 0.123048 0.123048
 0.102236 0.102236 0.102236 0.102236 0.102236 0.0630939 0.0630939 0.0630939 0.0630939 0.0630939
 0.0177639 0.0177639 0.0177639 0.0177639 0.0177639 0 0 0 0 0
 -1.59317e-15 -1.59317e-15 -1.59317e-15 -1.59317e-15 -1.59317e-15 -1.59317e-15 -1.59317e-15 -1.59317e-15 -1.59317e-15 -1.59317e-15
 -1.59317e-15 -1.59317e-15 -1.59317e-15 -1.59317e-15 -1.59317e-15 -1.59317e-15 -1.59317e-15 -1.59317e-15 -1.59317e-15 -1.59317e-15
 -1.59317e-15 -1.59317e-15 -1.59317e-15 -1.59317e-15 -1.59317e-15 -1.59317e-15 -1.59317e-15 -1.59317e-15 -1.59317e-15 -1.59317e-15
 -1.59317e-15 -1.59317e-15 -1.59317e-15 -1.59317e-15 -1.59317e-15 -1.59317e-15 -1.59317e-15 -1.59317e-15 -1.59317e-15 -1.59317e-15
 -1.59317e-15 -1.59317e-15 -1.59317e-15 -1.59317e-15 -1.59317e-15 -1.59317e-15 -1.59317e-15 -1.59317e-15 -1.59317e-15 -1.59317e-15
 -1.59317e-15 -1.59317e-15 -1.59317e-15 -1.59317e-15 -1.59317e-15 -1.59317e-15 -1.59317e-15 -1.59317e-15 -1.59317e-15 -1.59317e-15
 -1.59317e-15 -1.59317e-15 -1.59317e-15 -1.59317e-15 -1.59317e-15 -1.59317e-15 -1.59317e-15 -1.59317e-15 -1.59317e-15 -1.59317e-15
 -1.59317e-15 -1.59317e-15 -1.59317e-15 -1.59317e-15 -1.59317e-15 -1.59317e-15 -1.59317e-15 -1.59317e-15 -1.59317e-15 -1.59317e-15
 -1.59317e-15 -1.59317e-15 -1.59317e-15 -1.59317e-15 -1.59317e-15 -0.0177636 -0.0177636 -0.0177636 -0.0177636 -0.0177636
 -0.0630939 -0.0630939 -0.0630939 -0.0630939 -0.0630939 -0.102236 -0.102236 -0.102236 -0.102236 -0.102236
 -0.123048 -0.123048 -0.123048 -0.123048 -0.123048 -0.139152 -0.139152 -0.139152 -0.139152 -0.139152
 -0.150882 -0.150882 -0.150882 -0.150882 -0.150882 -0.15502 -0.15502 -0.15502 -0.15502 -0.15502
 -0.144767 -0.144767 -0.144767 -0.144767 -0.144767 -0.070017 -0.070017 -0.070017 -0.070017 -0.070017
 0.0700168 0.0700168 0.0700168 0.0700168 0.0700168 0.144767 0.144767 0.144767 0.144767 0.144767
 0.15502 0.15502 0.15502 0.15502 0.15502 0.150882 0.150882 0.150882 0.150882 0.150882
 0.139152 0.139152 0.139152 0.139152 0.139152 0.123048 0.123048 0.123048 0.123048 0.123048
 0.102236 0.102236 0.102236 0.102236 0.102236 0.0630939 0.0630939 0.0630939 0.0630939 0.0630939
 0.0177639 0.0177639 0.0177639 0.0177639 0.0177639 0 0 0 0 0
 0 0 0 0 0 0 0 0 0 0
 0 0 0 0 0 0 0 0 0 0
 0 0 0 0 0 0 0 0 0 0
 0 0 0 0 0 0 0 0 0 0
 0 0 0 0 0 0 0 0 0 0
 0 0 0 0 0 0 0 0 0 0
 0 0 0 0 0 0 0 0 0 0
 0 0 0 0 0 0 0 0 0 0
 0 0 0 0 0 0 0 0 0 0
 0 0 0 0 0 0 0 0 0 0
 0 0 0 0 0 0 0 0 0 0
 0 0 0 0 0 0 0 0 0 0
 0 0 0 0 0 0 0 0 0 0
 0 0 0 0 0 0 0 0 0 0
 0 0 0 0 0 0 0 0 0 0
 0 0 0 0 0 0 0 0 0 0
 0 0 0 0 0 0 0 0 0 0
 0 0 0 0 0 0 0 0 0 0
 0 0 0 0 0 0 0 0 0 0
 0 0 0 0 0 0 0 0 0 0
 0 0 0 0 0 0 0 0 0 0
 0 0 0 0 0 0 0 0 0 0
 0 0 0 0 0 0 0 0 0 0
 0 0 0 0 0 0 0 0 0 0
 0 0 0 0 0 0 0 0 0 0
 0 0 0 0 0 0 0 0 0 0
 0 0 0 0 0 0 0 0 0 0
 0 0 0 0 0 0 0 0 0 0
 0 0 0 0 0 0 0 0 0 0
 0 0 0 0 0 0 0 0 0 0
 0 0 0 0 0 0 0 0 0 0
 0 0 0 0 0 0 0 0 0 0
 0 0 0 0 0 0 0 0 0 0
 0 0 0 0 0 0 0 0 0 0
 0 0 0 0 0 0 0 0 0 0
 0 0 0 0 0 0 0 0 0 0
 0 0 0 0 0 0 0 0 0 0
 0 0 0 0 0 0 0 0 0 0
 0 0 0 0 0 0 0 0 0 0
 0 0 0 0 0 0 0 0 0 0
 0 0 0 0 0 0 0 0 0 0
 0 0 0 0 0 0 0 0 0 0
 0 0 0 0 0 0 0 0 0 0
 0 0 0 0 0 0 0 0 0 0
 0 0 0 0 0 0 0 0 0 0
 0 0 0 0 0 0 0 0 0 0
 0 0 0 0 0 0 0 0 0 0
 0 0 0 0 0 0 0 0 0 0
 0 0 0 0 0 0 0 0 0 0
 0 0 0 0 0 0 0 0 0 0
 0 0 0 0 0 0 0 0 0 0
 0 0 0 0 0 0 0 0 0 0
 0 0 0 0 0 0 0 0 0 0
 0 0 0 0 0 0 0 0 0 0
 0 0 0 0 0 0 0 0 0 0
 0 0 0 0 0 0 0 0 0 0
 0 0 0 0 0 0 0 0 0 0
 0 0 0 0 0 0 0 0 0 0
 0 0 0 0 0 0 0 0 0 0
 0 0 0 0 0 0 0 0 0 0
 0 0 0 0 0 0 0 0 0 0
 0 0 0 0 0 0 0 0 0 0
 0 0 0 0 0 0 0 0 0 0
 0 0 0 0 0 0 0 0 0 0
 0 0 0 0 0 0 0 0 0 0
 0 0 0 0 0 0 0 0 0 0
 0 0 0 0 0 0 0 0 0 0
 0 0 0 0 0 0 0 0 0 0
 0 0 0 0 0 0 0 0 0 0
 0 0 0 0 0 0 0 0 0 0
 0 0 0 0 0 0 0 0 0 0
 0 0 0 0 0 0 0 0 0 0
